POT:
  305    2    0.030000    3.096164
 0.000000000D+00 0.000000000D+00 0.000000000D+00 0.000000000D+00 0.000000000D+00
 0.000000000D+00 0.000000000D+00 0.000000000D+00 0.000000000D+00 0.000000000D+00
 0.000000000D+00 0.000000000D+00 0.000000000D+00 0.000000000D+00 0.000000000D+00
 0.000000000D+00 0.000000000D+00 0.000000000D+00 0.000000000D+00 0.000000000D+00
 0.000000000D+00 0.000000000D+00 0.000000000D+00 0.000000000D+00 0.000000000D+00
 0.000000000D+00 0.000000000D+00 0.000000000D+00 0.000000000D+00 0.000000000D+00
 0.000000000D+00 0.000000000D+00 0.000000000D+00 0.000000000D+00 0.000000000D+00
 0.000000000D+00 0.000000000D+00 0.000000000D+00 0.000000000D+00 0.000000000D+00
 0.000000000D+00 0.000000000D+00 0.000000000D+00 0.000000000D+00 0.000000000D+00
 0.000000000D+00 0.000000000D+00 0.000000000D+00 0.000000000D+00 0.000000000D+00
 0.000000000D+00 0.000000000D+00 0.000000000D+00 0.000000000D+00 0.000000000D+00
 0.000000000D+00 0.000000000D+00 0.000000000D+00 0.000000000D+00 0.000000000D+00
 0.000000000D+00 0.000000000D+00 0.000000000D+00 0.000000000D+00 0.000000000D+00
 0.000000000D+00 0.000000000D+00 0.000000000D+00 0.000000000D+00 0.000000000D+00
 0.000000000D+00 0.000000000D+00 0.000000000D+00 0.000000000D+00 0.000000000D+00
 0.000000000D+00 0.000000000D+00 0.000000000D+00 0.000000000D+00 0.000000000D+00
 0.000000000D+00 0.000000000D+00 0.000000000D+00 0.000000000D+00 0.000000000D+00
 0.000000000D+00 0.000000000D+00 0.000000000D+00 0.000000000D+00 0.000000000D+00
 0.000000000D+00 0.000000000D+00 0.000000000D+00 0.000000000D+00 0.000000000D+00
 0.000000000D+00 0.000000000D+00 0.000000000D+00 0.000000000D+00 0.000000000D+00
 0.000000000D+00 0.000000000D+00 0.000000000D+00 0.000000000D+00 0.000000000D+00
 0.000000000D+00 0.000000000D+00 0.000000000D+00 0.000000000D+00 0.000000000D+00
 0.000000000D+00 0.000000000D+00 0.000000000D+00 0.000000000D+00 0.000000000D+00
 0.000000000D+00 0.000000000D+00 0.000000000D+00 0.000000000D+00 0.000000000D+00
 0.000000000D+00 0.000000000D+00 0.000000000D+00 0.000000000D+00 0.000000000D+00
 0.000000000D+00 0.000000000D+00 0.000000000D+00 0.000000000D+00 0.000000000D+00
 0.000000000D+00 0.000000000D+00 0.000000000D+00 0.000000000D+00 0.000000000D+00
 0.000000000D+00 0.000000000D+00 0.000000000D+00 0.000000000D+00 0.000000000D+00
 0.000000000D+00 0.000000000D+00 0.000000000D+00 0.000000000D+00 0.000000000D+00
 0.000000000D+00 0.000000000D+00 0.000000000D+00 0.000000000D+00 0.000000000D+00
 0.000000000D+00 0.000000000D+00 0.000000000D+00 0.000000000D+00 0.000000000D+00
 0.000000000D+00 0.000000000D+00 0.000000000D+00 0.000000000D+00 0.000000000D+00
 0.000000000D+00 0.000000000D+00 0.000000000D+00 0.000000000D+00 0.000000000D+00
 0.000000000D+00 0.000000000D+00 0.000000000D+00 0.000000000D+00 0.000000000D+00
 0.000000000D+00 0.000000000D+00 0.000000000D+00 0.000000000D+00 0.000000000D+00
 0.000000000D+00 0.000000000D+00 0.000000000D+00 0.000000000D+00 0.000000000D+00
 0.000000000D+00 0.000000000D+00 0.000000000D+00 0.000000000D+00 0.000000000D+00
 0.000000000D+00 0.000000000D+00 0.000000000D+00 0.000000000D+00 0.000000000D+00
 0.000000000D+00 0.000000000D+00 0.000000000D+00 0.000000000D+00 0.000000000D+00
 0.000000000D+00 0.000000000D+00 0.000000000D+00 0.000000000D+00 0.000000000D+00
 0.000000000D+00 0.000000000D+00 0.000000000D+00 0.000000000D+00 0.000000000D+00
 0.000000000D+00 0.000000000D+00 0.000000000D+00 0.000000000D+00 0.000000000D+00
 0.000000000D+00 0.000000000D+00 0.000000000D+00 0.000000000D+00 0.000000000D+00
 0.000000000D+00 0.000000000D+00 0.000000000D+00 0.000000000D+00 0.000000000D+00
 0.000000000D+00 0.000000000D+00 0.000000000D+00 0.000000000D+00 0.000000000D+00
 0.000000000D+00 0.000000000D+00 0.000000000D+00 0.000000000D+00 0.000000000D+00
 0.000000000D+00 0.000000000D+00 0.000000000D+00 0.000000000D+00 0.000000000D+00
 0.000000000D+00 0.000000000D+00 0.000000000D+00 0.000000000D+00 0.000000000D+00
 0.000000000D+00 0.000000000D+00 0.000000000D+00 0.000000000D+00 0.000000000D+00
 0.000000000D+00 0.000000000D+00 0.000000000D+00 0.000000000D+00 0.000000000D+00
 0.000000000D+00 0.000000000D+00 0.000000000D+00 0.000000000D+00 0.000000000D+00
 0.000000000D+00 0.000000000D+00 0.000000000D+00 0.000000000D+00 0.000000000D+00
 0.000000000D+00 0.000000000D+00 0.000000000D+00 0.000000000D+00 0.000000000D+00
 0.000000000D+00 0.000000000D+00 0.000000000D+00 0.000000000D+00 0.000000000D+00
 0.000000000D+00 0.000000000D+00 0.000000000D+00 0.000000000D+00 0.000000000D+00
 0.000000000D+00 0.000000000D+00 0.000000000D+00 0.000000000D+00 0.000000000D+00
 0.000000000D+00 0.000000000D+00 0.000000000D+00 0.000000000D+00 0.000000000D+00
 0.000000000D+00 0.000000000D+00 0.000000000D+00 0.000000000D+00 0.000000000D+00
 0.000000000D+00 0.000000000D+00 0.000000000D+00 0.000000000D+00 0.000000000D+00
 0.000000000D+00 0.000000000D+00 0.000000000D+00 0.000000000D+00 0.000000000D+00
 0.000000000D+00 0.000000000D+00 0.000000000D+00 0.000000000D+00 0.000000000D+00
 0.000000000D+00 0.000000000D+00 0.000000000D+00 0.000000000D+00 0.000000000D+00
 0.000000000D+00 0.000000000D+00 0.000000000D+00 0.000000000D+00 0.000000000D+00
 0.000000000D+00 0.000000000D+00 0.000000000D+00 0.000000000D+00 0.000000000D+00
 0.000000000D+00 0.000000000D+00 0.000000000D+00 0.000000000D+00 0.000000000D+00
 0.000000000D+00 0.000000000D+00 0.000000000D+00 0.000000000D+00 0.000000000D+00
 0.000000000D+00 0.000000000D+00 0.000000000D+00 0.000000000D+00 0.000000000D+00
 0.000000000D+00 0.000000000D+00 0.000000000D+00 0.000000000D+00 0.000000000D+00
 0.000000000D+00 0.000000000D+00 0.000000000D+00 0.000000000D+00 0.000000000D+00
 0.000000000D+00 0.000000000D+00 0.000000000D+00 0.000000000D+00 0.000000000D+00
 0.000000000D+00 0.000000000D+00 0.000000000D+00 0.000000000D+00 0.000000000D+00
 0.000000000D+00 0.000000000D+00 0.000000000D+00 0.000000000D+00 0.000000000D+00
 0.000000000D+00 0.000000000D+00 0.000000000D+00 0.000000000D+00 0.000000000D+00
 0.000000000D+00 0.000000000D+00 0.000000000D+00 0.000000000D+00 0.000000000D+00
 0.000000000D+00 0.000000000D+00 0.000000000D+00 0.000000000D+00 0.000000000D+00
 0.000000000D+00 0.000000000D+00 0.000000000D+00 0.000000000D+00 0.000000000D+00
 0.000000000D+00 0.000000000D+00 0.000000000D+00 0.000000000D+00 0.000000000D+00
 0.000000000D+00 0.000000000D+00 0.000000000D+00 0.000000000D+00 0.000000000D+00
 0.000000000D+00 0.000000000D+00 0.000000000D+00 0.000000000D+00 0.000000000D+00
 0.000000000D+00 0.000000000D+00 0.000000000D+00 0.000000000D+00 0.000000000D+00
 0.000000000D+00 0.000000000D+00 0.000000000D+00 0.000000000D+00 0.000000000D+00
 0.000000000D+00 0.000000000D+00 0.000000000D+00 0.000000000D+00 0.000000000D+00
 0.000000000D+00 0.000000000D+00 0.000000000D+00 0.000000000D+00 0.000000000D+00
 0.000000000D+00 0.000000000D+00 0.000000000D+00 0.000000000D+00 0.000000000D+00
 0.000000000D+00 0.000000000D+00 0.000000000D+00 0.000000000D+00 0.000000000D+00
 0.000000000D+00 0.000000000D+00 0.000000000D+00 0.000000000D+00 0.000000000D+00
 0.000000000D+00 0.000000000D+00 0.000000000D+00 0.000000000D+00 0.000000000D+00
 0.000000000D+00 0.000000000D+00 0.000000000D+00 0.000000000D+00 0.000000000D+00
 0.000000000D+00 0.000000000D+00 0.000000000D+00 0.000000000D+00 0.000000000D+00
 0.000000000D+00 0.000000000D+00 0.000000000D+00 0.000000000D+00 0.000000000D+00
 0.000000000D+00 0.000000000D+00 0.000000000D+00 0.000000000D+00 0.000000000D+00
 0.000000000D+00 0.000000000D+00 0.000000000D+00 0.000000000D+00 0.000000000D+00
 0.000000000D+00 0.000000000D+00 0.000000000D+00 0.000000000D+00 0.000000000D+00
 0.000000000D+00 0.000000000D+00 0.000000000D+00 0.000000000D+00 0.000000000D+00
 0.000000000D+00 0.000000000D+00 0.000000000D+00 0.000000000D+00 0.000000000D+00
 0.000000000D+00 0.000000000D+00 0.000000000D+00 0.000000000D+00 0.000000000D+00
 0.000000000D+00 0.000000000D+00 0.000000000D+00 0.000000000D+00 0.000000000D+00
 0.000000000D+00 0.000000000D+00 0.000000000D+00 0.000000000D+00 0.000000000D+00
 0.000000000D+00 0.000000000D+00 0.000000000D+00 0.000000000D+00 0.000000000D+00
 0.000000000D+00 0.000000000D+00 0.000000000D+00 0.000000000D+00 0.000000000D+00
 0.000000000D+00 0.000000000D+00 0.000000000D+00 0.000000000D+00 0.000000000D+00
 0.000000000D+00 0.000000000D+00 0.000000000D+00 0.000000000D+00 0.000000000D+00
 0.000000000D+00 0.000000000D+00 0.000000000D+00 0.000000000D+00 0.000000000D+00
 0.000000000D+00 0.000000000D+00 0.000000000D+00 0.000000000D+00 0.000000000D+00
 0.000000000D+00 0.000000000D+00 0.000000000D+00 0.000000000D+00 0.000000000D+00
 0.000000000D+00 0.000000000D+00 0.000000000D+00 0.000000000D+00 0.000000000D+00
 0.000000000D+00 0.000000000D+00 0.000000000D+00 0.000000000D+00 0.000000000D+00
 0.000000000D+00 0.000000000D+00 0.000000000D+00 0.000000000D+00 0.000000000D+00
 0.000000000D+00 0.000000000D+00 0.000000000D+00 0.000000000D+00 0.000000000D+00
 0.000000000D+00 0.000000000D+00 0.000000000D+00 0.000000000D+00 0.000000000D+00
 0.000000000D+00 0.000000000D+00 0.000000000D+00 0.000000000D+00 0.000000000D+00
 0.000000000D+00 0.000000000D+00 0.000000000D+00 0.000000000D+00 0.000000000D+00
 0.000000000D+00 0.000000000D+00 0.000000000D+00 0.000000000D+00 0.000000000D+00
 0.000000000D+00 0.000000000D+00 0.000000000D+00 0.000000000D+00 0.000000000D+00
 0.000000000D+00 0.000000000D+00 0.000000000D+00 0.000000000D+00 0.000000000D+00
 0.000000000D+00 0.000000000D+00 0.000000000D+00 0.000000000D+00 0.000000000D+00
 0.000000000D+00 0.000000000D+00 0.000000000D+00 0.000000000D+00 0.000000000D+00
 0.000000000D+00 0.000000000D+00 0.000000000D+00 0.000000000D+00 0.000000000D+00
 0.000000000D+00 0.000000000D+00 0.000000000D+00 0.000000000D+00 0.000000000D+00
 0.000000000D+00 0.000000000D+00 0.000000000D+00 0.000000000D+00 0.000000000D+00
 0.000000000D+00 0.000000000D+00 0.000000000D+00 0.000000000D+00 0.000000000D+00
 0.000000000D+00 0.000000000D+00 0.000000000D+00 0.000000000D+00 0.000000000D+00
