POT:
  305    2    0.030000    2.996164
0.000000000D+00 2.321165073D-06 4.713020147D-06 7.177718052D-06 9.717477183D-06
1.233458350D-05 1.503139256D-05 1.781033169D-05 2.067390211D-05 2.362468124D-05
2.666532497D-05 2.979857009D-05 3.302723673D-05 3.635423090D-05 3.978254713D-05
4.331527114D-05 4.695558261D-05 5.070675807D-05 5.457217382D-05 5.855530902D-05
6.265974874D-05 6.688918726D-05 7.124743135D-05 7.573840375D-05 8.036614661D-05
8.513482522D-05 9.004873172D-05 9.511228895D-05 1.003300545D-04 1.057067246D-04
1.112471387D-04 1.169562835D-04 1.228392977D-04 1.289014763D-04 1.351482758D-04
1.415853186D-04 1.482183986D-04 1.550534859D-04 1.620967326D-04 1.693544782D-04
1.768332549D-04 1.845397944D-04 1.924810329D-04 2.006641181D-04 2.090964154D-04
2.177855143D-04 2.267392358D-04 2.359656386D-04 2.454730272D-04 2.552699589D-04
2.653652516D-04 2.757679918D-04 2.864875425D-04 2.975335522D-04 3.089159629D-04
3.206450197D-04 3.327312794D-04 3.451856205D-04 3.580192528D-04 3.712437273D-04
3.848709471D-04 3.989131775D-04 4.133830575D-04 4.282936109D-04 4.436582583D-04
4.594908289D-04 4.758055730D-04 4.926171750D-04 5.099407666D-04 5.277919401D-04
5.461867627D-04 5.651417911D-04 5.846740860D-04 6.048012279D-04 6.255413325D-04
6.469130673D-04 6.689356684D-04 6.916289575D-04 7.150133601D-04 7.391099238D-04
7.639403372D-04 7.895269492D-04 8.158927895D-04 8.430615893D-04 8.710578021D-04
8.999066266D-04 9.296340286D-04 9.602667648D-04 9.918324066D-04 1.024359365D-03
1.057876918D-03 1.092415231D-03 1.128005393D-03 1.164679437D-03 1.202470371D-03
1.241412211D-03 1.281540006D-03 1.322889875D-03 1.365499035D-03 1.409405837D-03
1.454649799D-03 1.501271646D-03 1.549313340D-03 1.598818120D-03 1.649830546D-03
1.702396532D-03 1.756563390D-03 1.812379874D-03 1.869896224D-03 1.929164207D-03
1.990237169D-03 2.053170079D-03 2.118019582D-03 2.184844047D-03 2.253703619D-03
2.324660277D-03 2.397777888D-03 2.473122261D-03 2.550761212D-03 2.630764621D-03
2.713204496D-03 2.798155040D-03 2.885692713D-03 2.975896304D-03 3.068847005D-03
3.164628475D-03 3.263326925D-03 3.365031191D-03 3.469832813D-03 3.577826119D-03
3.689108311D-03 3.803779551D-03 3.921943049D-03 4.043705162D-03 4.169175483D-03
4.298466945D-03 4.431695917D-03 4.568982316D-03 4.710449708D-03 4.856225424D-03
5.006440671D-03 5.161230653D-03 5.320734693D-03 5.485096353D-03 5.654463571D-03
5.828988789D-03 6.008829091D-03 6.194146346D-03 6.385107351D-03 6.581883985D-03
6.784653359D-03 6.993597980D-03 7.208905913D-03 7.430770948D-03 7.659392779D-03
7.894977181D-03 8.137736197D-03 8.387888325D-03 8.645658720D-03 8.911279392D-03
9.184989418D-03 9.467035155D-03 9.757670464D-03 1.005715694D-02 1.036576413D-02
1.068376981D-02 1.101146020D-02 1.134913026D-02 1.169708390D-02 1.205563430D-02
1.242510419D-02 1.280582611D-02 1.319814274D-02 1.360240719D-02 1.401898333D-02
1.444824610D-02 1.489058187D-02 1.534638876D-02 1.581607704D-02 1.630006946D-02
1.679880165D-02 1.731272249D-02 1.784229455D-02 1.838799448D-02 1.895031345D-02
1.952975758D-02 2.012684841D-02 2.074212336D-02 2.137613622D-02 2.202945766D-02
2.270267569D-02 2.339639626D-02 2.411124377D-02 2.484786163D-02 2.560691284D-02
2.638908060D-02 2.719506892D-02 2.802560323D-02 2.888143108D-02 2.976332277D-02
3.067207206D-02 3.160849688D-02 3.257344009D-02 3.356777019D-02 3.459238215D-02
3.564819820D-02 3.673616862D-02 3.785727268D-02 3.901251944D-02 4.020294871D-02
4.142963194D-02 4.269367324D-02 4.399621032D-02 4.533841557D-02 4.672149705D-02
4.814669963D-02 4.961530610D-02 5.112863829D-02 5.268805830D-02 5.429496973D-02
5.595081889D-02 5.765709617D-02 5.941533733D-02 6.122712490D-02 6.309408962D-02
6.501791188D-02 6.700032325D-02 6.904310803D-02 7.114810488D-02 7.331720842D-02
7.555237100D-02 7.785560441D-02 8.022898172D-02 8.267463914D-02 8.519477791D-02
8.779166633D-02 9.046764177D-02 9.322511281D-02 9.606656134D-02 9.899454486D-02
1.020116987D-01 1.051207387D-01 1.083244629D-01 1.116257551D-01 1.150275866D-01
1.185330193D-01 1.221452084D-01 1.258674049D-01 1.297029593D-01 1.336553236D-01
1.377280554D-01 1.419248203D-01 1.462493957D-01 1.507056740D-01 1.552976663D-01
1.600295055D-01 1.649054507D-01 1.699298905D-01 1.751073472D-01 1.804424811D-01
1.859400939D-01 1.916051340D-01 1.974427002D-01 2.034580468D-01 2.096565879D-01
2.160439028D-01 2.226257403D-01 2.294080246D-01 2.363968603D-01 2.435985377D-01
2.510195388D-01 2.586665430D-01 2.665464332D-01 2.746663017D-01 2.830334571D-01
2.916554303D-01 3.005399817D-01 3.096951079D-01 3.191290493D-01 3.288502969D-01
3.388676006D-01 3.491899766D-01 3.598267158D-01 3.707873919D-01 3.820818702D-01
3.937203167D-01 4.057132066D-01 4.180713344D-01 4.308058232D-01 4.439281350D-01
4.574500806D-01 4.713838308D-01 4.857419268D-01 5.005372920D-01 5.157832431D-01
5.314935025D-01 5.476822106D-01 5.643639383D-01 5.815537002D-01 5.992669682D-01
6.175196856D-01 6.363282810D-01 6.557096834D-01 6.756813374D-01 6.962612188D-01
0.000000000D+00 2.321165073D-06 4.713020147D-06 7.177718052D-06 9.717477183D-06
1.233458350D-05 1.503139256D-05 1.781033169D-05 2.067390211D-05 2.362468124D-05
2.666532497D-05 2.979857009D-05 3.302723673D-05 3.635423090D-05 3.978254713D-05
4.331527114D-05 4.695558261D-05 5.070675807D-05 5.457217382D-05 5.855530902D-05
6.265974874D-05 6.688918726D-05 7.124743135D-05 7.573840375D-05 8.036614661D-05
8.513482522D-05 9.004873172D-05 9.511228895D-05 1.003300545D-04 1.057067246D-04
1.112471387D-04 1.169562835D-04 1.228392977D-04 1.289014763D-04 1.351482758D-04
1.415853186D-04 1.482183986D-04 1.550534859D-04 1.620967326D-04 1.693544782D-04
1.768332549D-04 1.845397944D-04 1.924810329D-04 2.006641181D-04 2.090964154D-04
2.177855143D-04 2.267392358D-04 2.359656386D-04 2.454730272D-04 2.552699589D-04
2.653652516D-04 2.757679918D-04 2.864875425D-04 2.975335522D-04 3.089159629D-04
3.206450197D-04 3.327312794D-04 3.451856205D-04 3.580192528D-04 3.712437273D-04
3.848709471D-04 3.989131775D-04 4.133830575D-04 4.282936109D-04 4.436582583D-04
4.594908289D-04 4.758055730D-04 4.926171750D-04 5.099407666D-04 5.277919401D-04
5.461867627D-04 5.651417911D-04 5.846740860D-04 6.048012279D-04 6.255413325D-04
6.469130673D-04 6.689356684D-04 6.916289575D-04 7.150133601D-04 7.391099238D-04
7.639403372D-04 7.895269492D-04 8.158927895D-04 8.430615893D-04 8.710578021D-04
8.999066266D-04 9.296340286D-04 9.602667648D-04 9.918324066D-04 1.024359365D-03
1.057876918D-03 1.092415231D-03 1.128005393D-03 1.164679437D-03 1.202470371D-03
1.241412211D-03 1.281540006D-03 1.322889875D-03 1.365499035D-03 1.409405837D-03
1.454649799D-03 1.501271646D-03 1.549313340D-03 1.598818120D-03 1.649830546D-03
1.702396532D-03 1.756563390D-03 1.812379874D-03 1.869896224D-03 1.929164207D-03
1.990237169D-03 2.053170079D-03 2.118019582D-03 2.184844047D-03 2.253703619D-03
2.324660277D-03 2.397777888D-03 2.473122261D-03 2.550761212D-03 2.630764621D-03
2.713204496D-03 2.798155040D-03 2.885692713D-03 2.975896304D-03 3.068847005D-03
3.164628475D-03 3.263326925D-03 3.365031191D-03 3.469832813D-03 3.577826119D-03
3.689108311D-03 3.803779551D-03 3.921943049D-03 4.043705162D-03 4.169175483D-03
4.298466945D-03 4.431695917D-03 4.568982316D-03 4.710449708D-03 4.856225424D-03
5.006440671D-03 5.161230653D-03 5.320734693D-03 5.485096353D-03 5.654463571D-03
5.828988789D-03 6.008829091D-03 6.194146346D-03 6.385107351D-03 6.581883985D-03
6.784653359D-03 6.993597980D-03 7.208905913D-03 7.430770948D-03 7.659392779D-03
7.894977181D-03 8.137736197D-03 8.387888325D-03 8.645658720D-03 8.911279392D-03
9.184989418D-03 9.467035155D-03 9.757670464D-03 1.005715694D-02 1.036576413D-02
1.068376981D-02 1.101146020D-02 1.134913026D-02 1.169708390D-02 1.205563430D-02
1.242510419D-02 1.280582611D-02 1.319814274D-02 1.360240719D-02 1.401898333D-02
1.444824610D-02 1.489058187D-02 1.534638876D-02 1.581607704D-02 1.630006946D-02
1.679880165D-02 1.731272249D-02 1.784229455D-02 1.838799448D-02 1.895031345D-02
1.952975758D-02 2.012684841D-02 2.074212336D-02 2.137613622D-02 2.202945766D-02
2.270267569D-02 2.339639626D-02 2.411124377D-02 2.484786163D-02 2.560691284D-02
2.638908060D-02 2.719506892D-02 2.802560323D-02 2.888143108D-02 2.976332277D-02
3.067207206D-02 3.160849688D-02 3.257344009D-02 3.356777019D-02 3.459238215D-02
3.564819820D-02 3.673616862D-02 3.785727268D-02 3.901251944D-02 4.020294871D-02
4.142963194D-02 4.269367324D-02 4.399621032D-02 4.533841557D-02 4.672149705D-02
4.814669963D-02 4.961530610D-02 5.112863829D-02 5.268805830D-02 5.429496973D-02
5.595081889D-02 5.765709617D-02 5.941533733D-02 6.122712490D-02 6.309408962D-02
6.501791188D-02 6.700032325D-02 6.904310803D-02 7.114810488D-02 7.331720842D-02
7.555237100D-02 7.785560441D-02 8.022898172D-02 8.267463914D-02 8.519477791D-02
8.779166633D-02 9.046764177D-02 9.322511281D-02 9.606656134D-02 9.899454486D-02
1.020116987D-01 1.051207387D-01 1.083244629D-01 1.116257551D-01 1.150275866D-01
1.185330193D-01 1.221452084D-01 1.258674049D-01 1.297029593D-01 1.336553236D-01
1.377280554D-01 1.419248203D-01 1.462493957D-01 1.507056740D-01 1.552976663D-01
1.600295055D-01 1.649054507D-01 1.699298905D-01 1.751073472D-01 1.804424811D-01
1.859400939D-01 1.916051340D-01 1.974427002D-01 2.034580468D-01 2.096565879D-01
2.160439028D-01 2.226257403D-01 2.294080246D-01 2.363968603D-01 2.435985377D-01
2.510195388D-01 2.586665430D-01 2.665464332D-01 2.746663017D-01 2.830334571D-01
2.916554303D-01 3.005399817D-01 3.096951079D-01 3.191290493D-01 3.288502969D-01
3.388676006D-01 3.491899766D-01 3.598267158D-01 3.707873919D-01 3.820818702D-01
3.937203167D-01 4.057132066D-01 4.180713344D-01 4.308058232D-01 4.439281350D-01
4.574500806D-01 4.713838308D-01 4.857419268D-01 5.005372920D-01 5.157832431D-01
5.314935025D-01 5.476822106D-01 5.643639383D-01 5.815537002D-01 5.992669682D-01
6.175196856D-01 6.363282810D-01 6.557096834D-01 6.756813374D-01 6.962612188D-01
