#--------  atom file: cr.cr  -  start   --------
     3                                                       #NL
   0.3484850       0.053030       0.010714  
    24            2.707556      2.707556
   0.01188                                                !EF
    0.0                                            !Potential Shift
    0                                              !Swap spin
    2                                              !NS   
   327
       162.8572       -2399836       -1177780      -770698.6
      -567356.6      -445507.6      -364402.7      -306578.2
      -263302.2      -229723.6      -202931.9        -181075
      -162918.1      -147606.3      -134529.2      -123238.9
      -113399.7      -104754.8       -97104.6      -90291.37
      -84189.03      -78695.51       -73727.3      -69215.42
      -65102.42      -61340.01      -57887.37      -54709.71
      -51777.23      -49064.25      -46548.51      -44210.62
      -42033.65      -40002.69      -38104.62      -36327.79
      -34661.89      -33097.69      -31626.96      -30242.31
      -28937.09      -27705.32      -26541.55      -25440.89
      -24398.87      -23411.43      -22474.85      -21585.75
      -20741.02      -19937.82      -19173.52      -18445.72
      -17752.19      -17090.87      -16459.88      -15857.45
      -15281.95      -14731.86      -14205.78      -13702.39
      -13220.48      -12758.89      -12316.57      -11892.52
       -11485.8      -11095.54      -10720.93      -10361.19
       -10015.6      -9683.474      -9364.182      -9057.118
      -8761.714      -8477.433      -8203.771      -7940.249
      -7686.416      -7441.843      -7206.128      -6978.887
      -6759.756      -6548.392      -6344.468      -6147.673
      -5957.713      -5774.309      -5597.193      -5426.113
      -5260.827      -5101.106       -4946.73      -4797.493
      -4653.193      -4513.643      -4378.661      -4248.073
      -4121.715       -3999.43      -3881.065      -3766.477
      -3655.528      -3548.086      -3444.025      -3343.222
      -3245.563      -3150.936      -3059.235      -2970.357
      -2884.204      -2800.683      -2719.704      -2641.178
      -2565.024      -2491.162      -2419.514      -2350.007
       -2282.57      -2217.135      -2153.636       -2092.01
      -2032.196      -1974.135      -1917.772      -1863.053
      -1809.924      -1758.335      -1708.239      -1659.588
      -1612.337      -1566.443      -1521.864      -1478.559
      -1436.489      -1395.616      -1355.904      -1317.319
      -1279.825       -1243.39      -1207.982      -1173.571
      -1140.127      -1107.621      -1076.026      -1045.314
       -1015.46      -986.4392      -958.2263      -930.7983
      -904.1323      -878.2062      -852.9988      -828.4893
      -804.6577      -781.4846      -758.9512      -737.0394
      -715.7314      -695.0103      -674.8595      -655.2629
       -636.205      -617.6709       -599.646      -582.1161
      -565.0677      -548.4875      -532.3627      -516.6809
      -501.4301      -486.5987      -472.1753      -458.1491
      -444.5095       -431.246      -418.3488      -405.8082
      -393.6146      -381.7588       -370.232      -359.0253
      -348.1303      -337.5386      -327.2422      -317.2331
      -307.5037      -298.0463      -288.8537      -279.9187
      -271.2344       -262.794      -254.5908      -246.6186
      -238.8711      -231.3424      -224.0266      -216.9181
      -210.0116      -203.3016      -196.7832      -190.4514
      -184.3014      -178.3287      -172.5287      -166.8972
      -161.4298      -156.1224      -150.9712       -145.972
      -141.1211      -136.4148      -131.8494      -127.4212
      -123.1267      -118.9624      -114.9248      -111.0107
      -107.2165       -103.539      -99.97501      -96.52124
      -93.17455      -89.93181      -86.78997      -83.74602
        -80.797      -77.94004      -75.17231      -72.49106
      -69.89364      -67.37746      -64.94003      -62.57896
      -60.29194      -58.07677      -55.93138      -53.85377
      -51.84206      -49.89447      -48.00931      -46.18498
      -44.41995      -42.71274      -41.06191      -39.46604
      -37.92373      -36.43354      -34.99402      -33.60368
      -32.26102      -30.96449      -29.71253      -28.50359
      -27.33616      -26.20875      -25.11992      -24.06831
      -23.05266      -22.07176      -21.12451      -20.20988
      -19.32693      -18.47478      -17.65261      -16.85968
      -16.09526      -15.35868      -14.64929      -13.96647
      -13.30961      -12.67809      -12.07133      -11.48873
      -10.92968      -10.39357      -9.879803      -9.387759
      -8.916808      -8.466315      -8.035645      -7.624169
      -7.231233      -6.856195      -6.498415      -6.157266
      -5.832107       -5.52232      -5.227298       -4.94645
      -4.679187      -4.424949      -4.183198       -3.95341
       -3.73508      -3.527732       -3.33092      -3.144208
      -2.967187      -2.799477      -2.640725      -2.490584
      -2.348734       -2.21488      -2.088739      -1.970031
      -1.858499        -1.7539      -1.655985      -1.564512
       -1.47925      -1.399978      -1.326459       -1.25847
      -1.195801      -1.138242      -1.085587      -1.037643
     -0.9942395     -0.9552031     -0.9203776     -0.8896266
      -0.862832      -0.839874     -0.8206547     -0.8050964
     -0.7931229      -0.784654     -0.7796646
   327
       162.8572       -2399836       -1177780      -770698.6
      -567356.6      -445507.6      -364402.7      -306578.2
      -263302.2      -229723.6      -202931.9        -181075
      -162918.1      -147606.3      -134529.2      -123238.9
      -113399.7      -104754.8       -97104.6      -90291.37
      -84189.03      -78695.51       -73727.3      -69215.42
      -65102.42      -61340.01      -57887.37      -54709.71
      -51777.23      -49064.25      -46548.51      -44210.62
      -42033.65      -40002.69      -38104.62      -36327.79
      -34661.89      -33097.69      -31626.96      -30242.31
      -28937.09      -27705.32      -26541.55      -25440.89
      -24398.87      -23411.43      -22474.85      -21585.75
      -20741.02      -19937.82      -19173.52      -18445.72
      -17752.19      -17090.87      -16459.88      -15857.45
      -15281.95      -14731.86      -14205.78      -13702.39
      -13220.48      -12758.89      -12316.57      -11892.52
       -11485.8      -11095.54      -10720.93      -10361.19
       -10015.6      -9683.474      -9364.182      -9057.118
      -8761.714      -8477.433      -8203.771      -7940.249
      -7686.416      -7441.843      -7206.128      -6978.887
      -6759.756      -6548.392      -6344.468      -6147.673
      -5957.713      -5774.309      -5597.193      -5426.113
      -5260.827      -5101.106       -4946.73      -4797.493
      -4653.193      -4513.643      -4378.661      -4248.073
      -4121.715       -3999.43      -3881.065      -3766.477
      -3655.528      -3548.086      -3444.025      -3343.222
      -3245.563      -3150.936      -3059.235      -2970.357
      -2884.204      -2800.683      -2719.704      -2641.178
      -2565.024      -2491.162      -2419.514      -2350.007
       -2282.57      -2217.135      -2153.636       -2092.01
      -2032.196      -1974.135      -1917.772      -1863.053
      -1809.924      -1758.335      -1708.239      -1659.588
      -1612.337      -1566.443      -1521.864      -1478.559
      -1436.489      -1395.616      -1355.904      -1317.319
      -1279.825       -1243.39      -1207.982      -1173.571
      -1140.127      -1107.621      -1076.026      -1045.314
       -1015.46      -986.4392      -958.2263      -930.7983
      -904.1323      -878.2062      -852.9988      -828.4893
      -804.6577      -781.4846      -758.9512      -737.0394
      -715.7314      -695.0103      -674.8595      -655.2629
       -636.205      -617.6709       -599.646      -582.1161
      -565.0677      -548.4875      -532.3627      -516.6809
      -501.4301      -486.5987      -472.1753      -458.1491
      -444.5095       -431.246      -418.3488      -405.8082
      -393.6146      -381.7588       -370.232      -359.0253
      -348.1303      -337.5386      -327.2422      -317.2331
      -307.5037      -298.0463      -288.8537      -279.9187
      -271.2344       -262.794      -254.5908      -246.6186
      -238.8711      -231.3424      -224.0266      -216.9181
      -210.0116      -203.3016      -196.7832      -190.4514
      -184.3014      -178.3287      -172.5287      -166.8972
      -161.4298      -156.1224      -150.9712       -145.972
      -141.1211      -136.4148      -131.8494      -127.4212
      -123.1267      -118.9624      -114.9248      -111.0107
      -107.2165       -103.539      -99.97501      -96.52124
      -93.17455      -89.93181      -86.78997      -83.74602
        -80.797      -77.94004      -75.17231      -72.49106
      -69.89364      -67.37746      -64.94003      -62.57896
      -60.29194      -58.07677      -55.93138      -53.85377
      -51.84206      -49.89447      -48.00931      -46.18498
      -44.41995      -42.71274      -41.06191      -39.46604
      -37.92373      -36.43354      -34.99402      -33.60368
      -32.26102      -30.96449      -29.71253      -28.50359
      -27.33616      -26.20875      -25.11992      -24.06831
      -23.05266      -22.07176      -21.12451      -20.20988
      -19.32693      -18.47478      -17.65261      -16.85968
      -16.09526      -15.35868      -14.64929      -13.96647
      -13.30961      -12.67809      -12.07133      -11.48873
      -10.92968      -10.39357      -9.879803      -9.387759
      -8.916808      -8.466315      -8.035645      -7.624169
      -7.231233      -6.856195      -6.498415      -6.157266
      -5.832107       -5.52232      -5.227298       -4.94645
      -4.679187      -4.424949      -4.183198       -3.95341
       -3.73508      -3.527732       -3.33092      -3.144208
      -2.967187      -2.799477      -2.640725      -2.490584
      -2.348734       -2.21488      -2.088739      -1.970031
      -1.858499        -1.7539      -1.655985      -1.564512
       -1.47925      -1.399978      -1.326459       -1.25847
      -1.195801      -1.138242      -1.085587      -1.037643
     -0.9942395     -0.9552031     -0.9203776     -0.8896266
      -0.862832      -0.839874     -0.8206547     -0.8050964
     -0.7931229      -0.784654     -0.7796646
