POT:
  305    2    0.030000    2.906164
 0.000000000D+00 1.349137275D-05 2.739361896D-05 4.171925161D-05 5.648116472D-05
 7.169264502D-05 8.736738386D-05 1.035194896D-04 1.201635001D-04 1.373143963D-04
 1.549876150D-04 1.731990633D-04 1.919651328D-04 2.113027142D-04 2.312292126D-04
 2.517625633D-04 2.729212476D-04 2.947243097D-04 3.171913739D-04 3.403426622D-04
 3.641990121D-04 3.887818960D-04 4.141134402D-04 4.402164448D-04 4.671144042D-04
 4.948315284D-04 5.233927647D-04 5.528238202D-04 5.831511848D-04 6.144021551D-04
 6.466048591D-04 6.797882815D-04 7.139822895D-04 7.492176602D-04 7.855261076D-04
 8.229403118D-04 8.614939483D-04 9.012217177D-04 9.421593778D-04 9.843437754D-04
 1.027812879D-03 1.072605814D-03 1.118762897D-03 1.166325672D-03 1.215336950D-03
 1.265840843D-03 1.317882809D-03 1.371509688D-03 1.426769749D-03 1.483712730D-03
 1.542389882D-03 1.602854020D-03 1.665159565D-03 1.729362596D-03 1.795520901D-03
 1.863694026D-03 1.933943332D-03 2.006332047D-03 2.080925327D-03 2.157790311D-03
 2.236996182D-03 2.318614231D-03 2.402717920D-03 2.489382947D-03 2.578687317D-03
 2.670711410D-03 2.765538054D-03 2.863252600D-03 2.963942996D-03 3.067699871D-03
 3.174616614D-03 3.284789456D-03 3.398317561D-03 3.515303111D-03 3.635851402D-03
 3.760070935D-03 3.888073515D-03 4.019974355D-03 4.155892173D-03 4.295949305D-03
 4.440271812D-03 4.588989594D-03 4.742236506D-03 4.900150481D-03 5.062873653D-03
 5.230552483D-03 5.403337894D-03 5.581385404D-03 5.764855268D-03 5.953912622D-03
 6.148727629D-03 6.349475636D-03 6.556337330D-03 6.769498900D-03 6.989152207D-03
 7.215494953D-03 7.448730862D-03 7.689069862D-03 7.936728273D-03 8.191929007D-03
 8.454901760D-03 8.725883225D-03 9.005117305D-03 9.292855328D-03 9.589356279D-03
 9.894887028D-03 1.020972257D-02 1.053414629D-02 1.086845018D-02 1.121293514D-02
 1.156791122D-02 1.193369794D-02 1.231062452D-02 1.269903023D-02 1.309926465D-02
 1.351168802D-02 1.393667155D-02 1.437459776D-02 1.482586081D-02 1.529086687D-02
 1.577003446D-02 1.626379489D-02 1.677259255D-02 1.729688542D-02 1.783714537D-02
 1.839385869D-02 1.896752646D-02 1.955866501D-02 2.016780641D-02 2.079549893D-02
 2.144230753D-02 2.210881439D-02 2.279561940D-02 2.350334074D-02 2.423261540D-02
 2.498409978D-02 2.575847027D-02 2.655642385D-02 2.737867873D-02 2.822597500D-02
 2.909907529D-02 2.999876544D-02 3.092585523D-02 3.188117912D-02 3.286559694D-02
 3.387999475D-02 3.492528557D-02 3.600241024D-02 3.711233824D-02 3.825606858D-02
 3.943463069D-02 4.064908536D-02 4.190052568D-02 4.319007804D-02 4.451890311D-02
 4.588819693D-02 4.729919195D-02 4.875315817D-02 5.025140426D-02 5.179527873D-02
 5.338617118D-02 5.502551351D-02 5.671478125D-02 5.845549486D-02 6.024922108D-02
 6.209757440D-02 6.400221847D-02 6.596486757D-02 6.798728825D-02 7.007130080D-02
 7.221878098D-02 7.443166167D-02 7.671193461D-02 7.906165220D-02 8.148292934D-02
 8.397794535D-02 8.654894591D-02 8.919824510D-02 9.192822746D-02 9.474135015D-02
 9.764014519D-02 1.006272217D-01 1.037052682D-01 1.068770552D-01 1.101454375D-01
 1.135133568D-01 1.169838445D-01 1.205600244D-01 1.242451151D-01 1.280424336D-01
 1.319553976D-01 1.359875291D-01 1.401424573D-01 1.444239219D-01 1.488357765D-01
 1.533819921D-01 1.580666605D-01 1.628939984D-01 1.678683505D-01 1.729941943D-01
 1.782761432D-01 1.837189515D-01 1.893275179D-01 1.951068906D-01 2.010622714D-01
 2.071990205D-01 2.135226615D-01 2.200388860D-01 2.267535591D-01 2.336727245D-01
 2.408026097D-01 2.481496324D-01 2.557204051D-01 2.635217423D-01 2.715606655D-01
 2.798444104D-01 2.883804329D-01 2.971764159D-01 3.062402765D-01 3.155801728D-01
 3.252045113D-01 3.351219545D-01 3.453414288D-01 3.558721324D-01 3.667235437D-01
 3.779054297D-01 3.894278548D-01 4.013011900D-01 4.135361221D-01 4.261436634D-01
 4.391351614D-01 4.525223095D-01 4.663171569D-01 4.805321199D-01 4.951799931D-01
 5.102739604D-01 5.258276074D-01 5.418549335D-01 5.583703643D-01 5.753887649D-01
 5.929254530D-01 6.109962127D-01 6.296173090D-01 6.488055020D-01 6.685780626D-01
 6.889527873D-01 7.099480147D-01 7.315826420D-01 7.538761418D-01 7.768485797D-01
 0.000000000D+00 1.349137275D-05 2.739361896D-05 4.171925161D-05 5.648116472D-05
 7.169264502D-05 8.736738386D-05 1.035194896D-04 1.201635001D-04 1.373143963D-04
 1.549876150D-04 1.731990633D-04 1.919651328D-04 2.113027142D-04 2.312292126D-04
 2.517625633D-04 2.729212476D-04 2.947243097D-04 3.171913739D-04 3.403426622D-04
 3.641990121D-04 3.887818960D-04 4.141134402D-04 4.402164448D-04 4.671144042D-04
 4.948315284D-04 5.233927647D-04 5.528238202D-04 5.831511848D-04 6.144021551D-04
 6.466048591D-04 6.797882815D-04 7.139822895D-04 7.492176602D-04 7.855261076D-04
 8.229403118D-04 8.614939483D-04 9.012217177D-04 9.421593778D-04 9.843437754D-04
 1.027812879D-03 1.072605814D-03 1.118762897D-03 1.166325672D-03 1.215336950D-03
 1.265840843D-03 1.317882809D-03 1.371509688D-03 1.426769749D-03 1.483712730D-03
 1.542389882D-03 1.602854020D-03 1.665159565D-03 1.729362596D-03 1.795520901D-03
 1.863694026D-03 1.933943332D-03 2.006332047D-03 2.080925327D-03 2.157790311D-03
 2.236996182D-03 2.318614231D-03 2.402717920D-03 2.489382947D-03 2.578687317D-03
 2.670711410D-03 2.765538054D-03 2.863252600D-03 2.963942996D-03 3.067699871D-03
 3.174616614D-03 3.284789456D-03 3.398317561D-03 3.515303111D-03 3.635851402D-03
 3.760070935D-03 3.888073515D-03 4.019974355D-03 4.155892173D-03 4.295949305D-03
 4.440271812D-03 4.588989594D-03 4.742236506D-03 4.900150481D-03 5.062873653D-03
 5.230552483D-03 5.403337894D-03 5.581385404D-03 5.764855268D-03 5.953912622D-03
 6.148727629D-03 6.349475636D-03 6.556337330D-03 6.769498900D-03 6.989152207D-03
 7.215494953D-03 7.448730862D-03 7.689069862D-03 7.936728273D-03 8.191929007D-03
 8.454901760D-03 8.725883225D-03 9.005117305D-03 9.292855328D-03 9.589356279D-03
 9.894887028D-03 1.020972257D-02 1.053414629D-02 1.086845018D-02 1.121293514D-02
 1.156791122D-02 1.193369794D-02 1.231062452D-02 1.269903023D-02 1.309926465D-02
 1.351168802D-02 1.393667155D-02 1.437459776D-02 1.482586081D-02 1.529086687D-02
 1.577003446D-02 1.626379489D-02 1.677259255D-02 1.729688542D-02 1.783714537D-02
 1.839385869D-02 1.896752646D-02 1.955866501D-02 2.016780641D-02 2.079549893D-02
 2.144230753D-02 2.210881439D-02 2.279561940D-02 2.350334074D-02 2.423261540D-02
 2.498409978D-02 2.575847027D-02 2.655642385D-02 2.737867873D-02 2.822597500D-02
 2.909907529D-02 2.999876544D-02 3.092585523D-02 3.188117912D-02 3.286559694D-02
 3.387999475D-02 3.492528557D-02 3.600241024D-02 3.711233824D-02 3.825606858D-02
 3.943463069D-02 4.064908536D-02 4.190052568D-02 4.319007804D-02 4.451890311D-02
 4.588819693D-02 4.729919195D-02 4.875315817D-02 5.025140426D-02 5.179527873D-02
 5.338617118D-02 5.502551351D-02 5.671478125D-02 5.845549486D-02 6.024922108D-02
 6.209757440D-02 6.400221847D-02 6.596486757D-02 6.798728825D-02 7.007130080D-02
 7.221878098D-02 7.443166167D-02 7.671193461D-02 7.906165220D-02 8.148292934D-02
 8.397794535D-02 8.654894591D-02 8.919824510D-02 9.192822746D-02 9.474135015D-02
 9.764014519D-02 1.006272217D-01 1.037052682D-01 1.068770552D-01 1.101454375D-01
 1.135133568D-01 1.169838445D-01 1.205600244D-01 1.242451151D-01 1.280424336D-01
 1.319553976D-01 1.359875291D-01 1.401424573D-01 1.444239219D-01 1.488357765D-01
 1.533819921D-01 1.580666605D-01 1.628939984D-01 1.678683505D-01 1.729941943D-01
 1.782761432D-01 1.837189515D-01 1.893275179D-01 1.951068906D-01 2.010622714D-01
 2.071990205D-01 2.135226615D-01 2.200388860D-01 2.267535591D-01 2.336727245D-01
 2.408026097D-01 2.481496324D-01 2.557204051D-01 2.635217423D-01 2.715606655D-01
 2.798444104D-01 2.883804329D-01 2.971764159D-01 3.062402765D-01 3.155801728D-01
 3.252045113D-01 3.351219545D-01 3.453414288D-01 3.558721324D-01 3.667235437D-01
 3.779054297D-01 3.894278548D-01 4.013011900D-01 4.135361221D-01 4.261436634D-01
 4.391351614D-01 4.525223095D-01 4.663171569D-01 4.805321199D-01 4.951799931D-01
 5.102739604D-01 5.258276074D-01 5.418549335D-01 5.583703643D-01 5.753887649D-01
 5.929254530D-01 6.109962127D-01 6.296173090D-01 6.488055020D-01 6.685780626D-01
 6.889527873D-01 7.099480147D-01 7.315826420D-01 7.538761418D-01 7.768485797D-01
