#  Bulk results for: Ni, IVXC=0, NK=   60
     3                                                      # NL
    .3484850       .5303000E-01   .1071400E-01
    28.00000       2.615169       2.615169                  # AZ, WSR
   -.5581217E-01                                            # Fermi Energy
     .0E+00                                                 # Pot.Shift
     0                                                      # SW
     2                                                      # NS
   400                                                      #     Ni     IS=1
    .0000000E+00  -2799793.      -1379566.      -906351.3    
   -669888.0      -528123.5      -433707.0      -366345.4    
   -315892.2      -276710.2      -245417.5      -219861.5    
   -198607.7      -180662.5      -165316.5      -152049.3    
   -140470.7      -130282.4      -121252.2      -113196.9    
   -105969.9      -99452.68      -93548.04      -88175.84    
   -83269.26      -78772.17      -74637.09      -70823.57    
   -67296.95      -64027.35      -60988.87      -58158.95    
   -55517.88      -53048.32      -50734.97      -48564.29    
   -46524.24      -44604.09      -42794.24      -41086.08    
   -39471.84      -37944.55      -36497.87      -35126.07    
   -33823.94      -32586.72      -31410.09      -30290.07    
   -29223.05      -28205.69      -27234.91      -26307.90    
   -25422.05      -24574.96      -23764.39      -22988.27    
   -22244.70      -21531.89      -20848.18      -20192.03    
   -19562.00      -18956.75      -18375.01      -17815.61    
   -17277.45      -16759.50      -16260.78      -15780.38    
   -15317.45      -14871.17      -14440.80      -14025.60    
   -13624.91      -13238.09      -12864.54      -12503.67    
   -12154.96      -11817.90      -11491.99      -11176.78    
   -10871.83      -10576.73      -10291.08      -10014.52    
   -9746.683      -9487.233      -9235.848      -8992.220    
   -8756.059      -8527.084      -8305.029      -8089.640    
   -7880.675      -7677.902      -7481.099      -7290.053    
   -7104.563      -6924.434      -6749.480      -6579.524    
   -6414.394      -6253.927      -6097.967      -5946.363    
   -5798.971      -5655.651      -5516.272      -5380.705    
   -5248.827      -5120.520      -4995.671      -4874.171    
   -4755.914      -4640.800      -4528.731      -4419.613    
   -4313.356      -4209.873      -4109.080      -4010.897    
   -3915.245      -3822.050      -3731.239      -3642.741    
   -3556.490      -3472.420      -3390.468      -3310.574    
   -3232.678      -3156.724      -3082.658      -3010.425    
   -2939.976      -2871.259      -2804.228      -2738.835    
   -2675.036      -2612.788      -2552.048      -2492.775    
   -2434.931      -2378.476      -2323.375      -2269.590    
   -2217.087      -2165.833      -2115.794      -2066.939    
   -2019.238      -1972.660      -1927.176      -1882.759    
   -1839.380      -1797.015      -1755.636      -1715.219    
   -1675.740      -1637.175      -1599.501      -1562.696    
   -1526.739      -1491.608      -1457.283      -1423.745    
   -1390.973      -1358.950      -1327.656      -1297.074    
   -1267.188      -1237.979      -1209.433      -1181.532    
   -1154.261      -1127.606      -1101.551      -1076.083    
   -1051.187      -1026.850      -1003.059      -979.8014    
   -957.0639      -934.8348      -913.1022      -891.8546    
   -871.0808      -850.7700      -830.9115      -811.4949    
   -792.5101      -773.9475      -755.7973      -738.0503    
   -720.6975      -703.7300      -687.1392      -670.9168    
   -655.0545      -639.5444      -624.3788      -609.5500    
   -595.0506      -580.8735      -567.0116      -553.4579    
   -540.2058      -527.2487      -514.5801      -502.1937    
   -490.0833      -478.2429      -466.6667      -455.3487    
   -444.2833      -433.4651      -422.8884      -412.5481    
   -402.4390      -392.5559      -382.8940      -373.4482    
   -364.2140      -355.1868      -346.3619      -337.7350    
   -329.3019      -321.0584      -313.0003      -305.1239    
   -297.4251      -289.9003      -282.5458      -275.3580    
   -268.3336      -261.4690      -254.7610      -248.2064    
   -241.8020      -235.5448      -229.4317      -223.4599    
   -217.6264      -211.9284      -206.3631      -200.9278    
   -195.6199      -190.4367      -185.3756      -180.4341    
   -175.6097      -170.8999      -166.3022      -161.8144    
   -157.4339      -153.1584      -148.9857      -144.9135    
   -140.9396      -137.0616      -133.2776      -129.5852    
   -125.9825      -122.4674      -119.0377      -115.6916    
   -112.4272      -109.2424      -106.1354      -103.1045    
   -100.1478      -97.26367      -94.45043      -91.70645    
   -89.03018      -86.42010      -83.87474      -81.39271    
   -78.97263      -76.61318      -74.31309      -72.07110    
   -69.88602      -67.75666      -65.68187      -63.66050    
   -61.69143      -59.77355      -57.90573      -56.08688    
   -54.31587      -52.59161      -50.91298      -49.27888    
   -47.68823      -46.13994      -44.63295      -43.16621    
   -41.73872      -40.34950      -38.99760      -37.68210    
   -36.40215      -35.15691      -33.94559      -32.76743    
   -31.62174      -30.50782      -29.42504      -28.37278    
   -27.35044      -26.35747      -25.39332      -24.45745    
   -23.54936      -22.66855      -21.81451      -20.98676    
   -20.18482      -19.40820      -18.65642      -17.92900    
   -17.22547      -16.54532      -15.88807      -15.25323    
   -14.64030      -14.04877      -13.47815      -12.92792    
   -12.39757      -11.88659      -11.39446      -10.92067    
   -10.46469      -10.02601      -9.604111      -9.198491    
   -8.808635      -8.434040      -8.074208      -7.728646    
   -7.396869      -7.078401      -6.772773      -6.479526    
   -6.198213      -5.928396      -5.669649      -5.421558    
   -5.183719      -4.955744      -4.737255      -4.527889    
   -4.327294      -4.135132      -3.951079      -3.774822    
   -3.606062      -3.444513      -3.289901      -3.141963    
   -3.000449      -2.865119      -2.735747      -2.612114    
   -2.494012      -2.381245      -2.273623      -2.170965    
   -2.073100      -1.979863      -1.891097      -1.806652    
   -1.726382      -1.650149      -1.577821      -1.509270    
   -1.444372      -1.383011      -1.325071      -1.270445    
   -1.219026      -1.170716      -1.125416      -1.083037    
   -1.043489      -1.006690      -.9725610      -.9410286    
   -.9120236      -.8854821      -.8613452      -.8395594    
   -.8200766      -.8028542      -.7878553      -.7750488    
   -.7644096      -.7559182      -.7495612      -.7453311    
   400                                                      #     Ni     IS=2
    .0000000E+00  -2799793.      -1379566.      -906351.3    
   -669888.0      -528123.5      -433707.0      -366345.4    
   -315892.2      -276710.2      -245417.5      -219861.5    
   -198607.7      -180662.5      -165316.5      -152049.3    
   -140470.7      -130282.4      -121252.2      -113196.9    
   -105969.9      -99452.68      -93548.04      -88175.84    
   -83269.26      -78772.17      -74637.09      -70823.57    
   -67296.95      -64027.35      -60988.87      -58158.96    
   -55517.88      -53048.32      -50734.97      -48564.29    
   -46524.24      -44604.09      -42794.24      -41086.08    
   -39471.84      -37944.55      -36497.87      -35126.07    
   -33823.94      -32586.72      -31410.09      -30290.07    
   -29223.05      -28205.69      -27234.91      -26307.90    
   -25422.05      -24574.96      -23764.39      -22988.27    
   -22244.70      -21531.89      -20848.18      -20192.03    
   -19562.01      -18956.75      -18375.01      -17815.61    
   -17277.45      -16759.50      -16260.78      -15780.38    
   -15317.45      -14871.17      -14440.80      -14025.60    
   -13624.91      -13238.09      -12864.54      -12503.67    
   -12154.96      -11817.90      -11491.99      -11176.78    
   -10871.83      -10576.73      -10291.09      -10014.52    
   -9746.684      -9487.233      -9235.848      -8992.221    
   -8756.059      -8527.084      -8305.029      -8089.641    
   -7880.676      -7677.902      -7481.099      -7290.054    
   -7104.563      -6924.434      -6749.481      -6579.524    
   -6414.394      -6253.928      -6097.968      -5946.364    
   -5798.971      -5655.652      -5516.272      -5380.705    
   -5248.827      -5120.521      -4995.672      -4874.171    
   -4755.915      -4640.800      -4528.731      -4419.613    
   -4313.356      -4209.873      -4109.081      -4010.897    
   -3915.246      -3822.050      -3731.239      -3642.741    
   -3556.490      -3472.420      -3390.469      -3310.574    
   -3232.679      -3156.725      -3082.658      -3010.426    
   -2939.976      -2871.259      -2804.228      -2738.835    
   -2675.037      -2612.788      -2552.048      -2492.776    
   -2434.931      -2378.477      -2323.375      -2269.590    
   -2217.087      -2165.833      -2115.794      -2066.940    
   -2019.238      -1972.660      -1927.176      -1882.759    
   -1839.381      -1797.015      -1755.636      -1715.219    
   -1675.740      -1637.175      -1599.501      -1562.696    
   -1526.739      -1491.608      -1457.284      -1423.745    
   -1390.973      -1358.950      -1327.656      -1297.075    
   -1267.188      -1237.980      -1209.433      -1181.532    
   -1154.261      -1127.606      -1101.552      -1076.083    
   -1051.188      -1026.851      -1003.060      -979.8017    
   -957.0642      -934.8350      -913.1024      -891.8549    
   -871.0811      -850.7703      -830.9117      -811.4951    
   -792.5104      -773.9477      -755.7975      -738.0505    
   -720.6977      -703.7302      -687.1394      -670.9169    
   -655.0546      -639.5445      -624.3788      -609.5500    
   -595.0506      -580.8734      -567.0114      -553.4577    
   -540.2056      -527.2484      -514.5797      -502.1932    
   -490.0828      -478.2423      -466.6660      -455.3479    
   -444.2824      -433.4640      -422.8873      -412.5468    
   -402.4376      -392.5543      -382.8922      -373.4463    
   -364.2119      -355.1845      -346.3594      -337.7323    
   -329.2990      -321.0552      -312.9969      -305.1202    
   -297.4212      -289.8961      -282.5413      -275.3532    
   -268.3284      -261.4635      -254.7551      -248.2001    
   -241.7953      -235.5377      -229.4242      -223.4519    
   -217.6178      -211.9193      -206.3535      -200.9176    
   -195.6091      -190.4252      -185.3635      -180.4212    
   -175.5961      -170.8854      -166.2869      -161.7981    
   -157.4167      -153.1402      -148.9664      -144.8931    
   -140.9179      -137.0387      -133.2533      -129.5596    
   -125.9554      -122.4386      -119.0073      -115.6595    
   -112.3931      -109.2064      -106.0973      -103.0642    
   -100.1053      -97.21874      -94.40298      -91.65639    
   -88.97738      -86.36447      -83.81618      -81.33113    
   -78.90794      -76.54532      -74.24200      -71.99676    
   -69.80842      -67.67581      -65.59781      -63.57331    
   -61.60121      -59.68042      -57.80986      -55.98844    
   -54.21509      -52.48870      -50.80820      -49.17248    
   -47.58047      -46.03108      -44.52325      -43.05593    
   -41.62809      -40.23874      -38.88691      -37.57169    
   -36.29217      -35.04752      -33.83692      -32.65960    
   -31.51485      -30.40195      -29.32026      -28.26914    
   -27.24800      -26.25626      -25.29336      -24.35877    
   -23.45197      -22.57245      -21.71972      -20.89327    
   -20.09262      -19.31730      -18.56680      -17.84066    
   -17.13839      -16.45950      -15.80349      -15.16988    
   -14.55816      -13.96784      -13.39841      -12.84936    
   -12.32018      -11.81036      -11.31938      -10.84672    
   -10.39187      -9.954316      -9.533542      -9.129036    
   -8.740293      -8.366809      -8.008088      -7.663638    
   -7.332976      -7.015628      -6.711126      -6.419015    
   -6.138847      -5.870187      -5.612612      -5.365709    
   -5.129077      -4.902329      -4.685091      -4.477000    
   -4.277707      -4.086877      -3.904187      -3.729326    
   -3.561997      -3.401916      -3.248808      -3.102413    
   -2.962481      -2.828773      -2.701061      -2.579126    
   -2.462761      -2.351764      -2.245944      -2.145119    
   -2.049111      -1.957753      -1.870880      -1.788337    
   -1.709973      -1.635643      -1.565205      -1.498525    
   -1.435472      -1.375920      -1.319747      -1.266837    
   -1.217078      -1.170362      -1.126586      -1.085652    
   -1.047467      -1.011944      -.9790001      -.9485580    
   -.9205459      -.8948977      -.8715528      -.8504564    
   -.8315596      -.8148192      -.8001982      -.7876654    
   -.7771956      -.7687697      -.7623746      -.7580031    
 XXXXXXXXXXXXXXXXXXXXXXXXXXXXXXXXXXXXXXXXXXXX
                                                      Ni           IS=1
   -.4780532      -.3254362      -.2323912    
   -.3270931       .7152876      -.2168186    
    .1828997       .1713609       .1125178E-01
    .4261629       .1133720      -.2895408E-02
    .4382604E-01   .2378863E-01   1.996850    
   -.6110202       .2941028      -2.394259    
   -.3967927       .4791836       .1059734    
    .1509848      -.1125882      -.8483019    
                                                      Ni           IS=2
   -.4714372      -.2998310      -.1965613    
   -.3227137       .7190357      -.1556666    
    .1842988       .1718822       .1218982E-01
    .4264161       .1132680      -.2160004E-02
    .4312614E-01   .2380433E-01   1.841515    
   -.6191313       .2512575      -1.750745    
   -.3977206       .4773224       .1296439    
    .1498949      -.1126368      -.8091843    
     5                                                Ni          
     1    0    0
   -601.6431      -601.6428    
     2    0    0
   -71.46873      -71.42716    
     2    1    0
   -61.48630      -61.45435    
     3    0    0
   -7.627326      -7.551686    
     3    1    0
   -4.747673      -4.674650    
