#--------  atom file: zr.zr  -  start   --------
       3                                                       #NL
     0.3484850       0.053030       0.010714  
      40             3.300000       3.300000
     -0.02997                                                !EF
      0.0                                            !Potential Shift
      0                                              !Swap spin
      2                                              !NS   
   373
       338.8186       -3999652       -1967063       -1289887
      -951559.4      -748768.5      -613742.8        -517438
      -445331.5      -389355.6      -344669.5      -308192.7
      -277871.7      -252284.8      -230416.4      -211521.9
      -195042.8        -180552      -167717.4      -156276.8
      -146020.4      -136778.4      -128411.9      -120806.1
      -113865.5      -107509.7      -101670.8      -96290.93
      -91320.46      -86716.67       -82442.5      -78465.69
      -74758.04      -71294.74      -68053.93      -65016.24
      -62164.45      -59483.22      -56958.83      -54578.96
      -52332.53      -50209.55      -48200.98      -46298.63
      -44495.05      -42783.46      -41157.67      -39612.03
      -38141.35      -36740.87      -35406.21      -34133.36
      -32918.59      -31758.47      -30649.82       -29589.7
      -28575.38      -27604.32      -26674.16       -25782.7
      -24927.89      -24107.83      -23320.71      -22564.87
      -21838.74      -21140.86      -20469.84      -19824.39
       -19203.3      -18605.41      -18029.65      -17475.01
      -16940.53       -16425.3      -15928.47      -15449.23
      -14986.82      -14540.52      -14109.64      -13693.52
      -13291.57      -12903.19      -12527.82      -12164.95
      -11814.06      -11474.69      -11146.38       -10828.7
      -10521.24       -10223.6       -9935.42      -9656.332
      -9386.001        -9124.1       -8870.32      -8624.364
      -8385.949      -8154.804      -7930.669      -7713.295
      -7502.446      -7297.893      -7099.418      -6906.811
      -6719.873       -6538.41      -6362.238       -6191.18
      -6025.064      -5863.728      -5707.015      -5554.773
      -5406.857      -5263.128      -5123.451      -4987.697
      -4855.741      -4727.464       -4602.75      -4481.489
      -4363.572      -4248.896      -4137.363      -4028.876
      -3923.343      -3820.674      -3720.782      -3623.586
      -3529.004      -3436.959      -3347.375      -3260.181
      -3175.307      -3092.684      -3012.248      -2933.935
      -2857.684      -2783.436      -2711.133      -2640.721
      -2572.146      -2505.356      -2440.301      -2376.932
      -2315.202      -2255.066      -2196.479      -2139.399
      -2083.784      -2029.595      -1976.792      -1925.338
      -1875.196      -1826.331      -1778.709      -1732.297
      -1687.062      -1642.973          -1600      -1558.114
      -1517.286      -1477.489      -1438.695       -1400.88
      -1364.016      -1328.081       -1293.05        -1258.9
      -1225.608      -1193.152      -1161.512      -1130.666
      -1100.595      -1071.277      -1042.695      -1014.829
      -987.6623      -961.1757      -935.3526      -910.1761
        -885.63      -861.6983      -838.3656      -815.6168
      -793.4375      -771.8135      -750.7309      -730.1765
      -710.1373      -690.6007      -671.5544      -652.9866
      -634.8858      -617.2408      -600.0406      -583.2747
      -566.9327      -551.0047      -535.4808      -520.3516
      -505.6076      -491.2399      -477.2395      -463.5978
      -450.3063      -437.3567      -424.7408      -412.4507
      -400.4787       -388.817      -377.4582      -366.3949
        -355.62      -345.1265      -334.9073      -324.9559
      -315.2656        -305.83      -296.6429      -287.6981
      -278.9896      -270.5118      -262.2589      -254.2255
      -246.4064      -238.7963      -231.3903      -224.1835
      -217.1714      -210.3492      -203.7127      -197.2575
      -190.9794      -184.8742       -178.938      -173.1667
      -167.5565      -162.1035      -156.8038      -151.6538
      -146.6497      -141.7879      -137.0649      -132.4772
      -128.0214      -123.6942      -119.4924      -115.4131
      -111.4532      -107.6099      -103.8806      -100.2625
      -96.75314      -93.35012       -90.0511      -86.85377
      -83.75591      -80.75537         -77.85      -75.03768
      -72.31636      -69.68396      -67.13839      -64.67762
      -62.29956      -60.00214      -57.78329      -55.64092
       -53.5729      -51.57715      -49.65155      -47.79398
      -46.00235      -44.27454      -42.60846      -41.00205
      -39.45326      -37.96006      -36.52051      -35.13265
       -33.7946      -32.50454      -31.26072      -30.06141
      -28.90501      -27.78995      -26.71475        -25.678
      -24.67838       -23.7146       -22.7855      -21.88992
      -21.02679      -20.19509      -19.39383      -18.62202
      -17.87875      -17.16308      -16.47407      -15.81082
      -15.17241      -14.55788      -13.96638      -13.39695
      -12.84872      -12.32085      -11.81249      -11.32283
      -10.85115      -10.39671      -9.958851      -9.536975
      -9.130473      -8.738811      -8.361509      -7.998065
      -7.648048       -7.31106      -6.986672      -6.674527
      -6.374267      -6.085515      -5.807954      -5.541248
      -5.285049      -5.039068      -4.802974      -4.576443
      -4.359207      -4.150937      -3.951334      -3.760147
      -3.577058      -3.401798      -3.234128      -3.073757
       -2.92045      -2.773981      -2.634097      -2.500599
      -2.373281      -2.251929       -2.13638       -2.02645
       -1.92196      -1.822783      -1.728748      -1.639707
      -1.555557      -1.476129      -1.401303      -1.330966
      -1.264963      -1.203179      -1.145487      -1.091735
      -1.041811     -0.9955741       -0.95288     -0.9136239
     -0.8776587     -0.8448614     -0.8151384     -0.7883562
     -0.7644216     -0.7432514     -0.7247421     -0.7088303
     -0.6954452     -0.6845117     -0.6759933     -0.6698055
     -0.6659555
   373
       338.8186       -3999652       -1967063       -1289887
      -951559.4      -748768.5      -613742.8        -517438
      -445331.5      -389355.6      -344669.5      -308192.7
      -277871.7      -252284.8      -230416.4      -211521.9
      -195042.8        -180552      -167717.4      -156276.8
      -146020.4      -136778.4      -128411.9      -120806.1
      -113865.5      -107509.7      -101670.8      -96290.93
      -91320.46      -86716.67       -82442.5      -78465.69
      -74758.04      -71294.74      -68053.93      -65016.24
      -62164.45      -59483.22      -56958.83      -54578.96
      -52332.53      -50209.55      -48200.98      -46298.63
      -44495.05      -42783.46      -41157.67      -39612.03
      -38141.35      -36740.87      -35406.21      -34133.36
      -32918.59      -31758.47      -30649.82       -29589.7
      -28575.38      -27604.32      -26674.16       -25782.7
      -24927.89      -24107.83      -23320.71      -22564.87
      -21838.74      -21140.86      -20469.84      -19824.39
       -19203.3      -18605.41      -18029.65      -17475.01
      -16940.53       -16425.3      -15928.47      -15449.23
      -14986.82      -14540.52      -14109.64      -13693.52
      -13291.57      -12903.19      -12527.82      -12164.95
      -11814.06      -11474.69      -11146.38       -10828.7
      -10521.24       -10223.6       -9935.42      -9656.332
      -9386.001        -9124.1       -8870.32      -8624.364
      -8385.949      -8154.804      -7930.669      -7713.295
      -7502.446      -7297.893      -7099.418      -6906.811
      -6719.873       -6538.41      -6362.238       -6191.18
      -6025.064      -5863.728      -5707.015      -5554.773
      -5406.857      -5263.128      -5123.451      -4987.697
      -4855.741      -4727.464       -4602.75      -4481.489
      -4363.572      -4248.896      -4137.363      -4028.876
      -3923.343      -3820.674      -3720.782      -3623.586
      -3529.004      -3436.959      -3347.375      -3260.181
      -3175.307      -3092.684      -3012.248      -2933.935
      -2857.684      -2783.436      -2711.133      -2640.721
      -2572.146      -2505.356      -2440.301      -2376.932
      -2315.202      -2255.066      -2196.479      -2139.399
      -2083.784      -2029.595      -1976.792      -1925.338
      -1875.196      -1826.331      -1778.709      -1732.297
      -1687.062      -1642.973          -1600      -1558.114
      -1517.286      -1477.489      -1438.695       -1400.88
      -1364.016      -1328.081       -1293.05        -1258.9
      -1225.608      -1193.152      -1161.512      -1130.666
      -1100.595      -1071.277      -1042.695      -1014.829
      -987.6623      -961.1757      -935.3526      -910.1761
        -885.63      -861.6983      -838.3656      -815.6168
      -793.4375      -771.8135      -750.7309      -730.1765
      -710.1373      -690.6007      -671.5544      -652.9866
      -634.8858      -617.2408      -600.0406      -583.2747
      -566.9327      -551.0047      -535.4808      -520.3516
      -505.6076      -491.2399      -477.2395      -463.5978
      -450.3063      -437.3567      -424.7408      -412.4507
      -400.4787       -388.817      -377.4582      -366.3949
        -355.62      -345.1265      -334.9073      -324.9559
      -315.2656        -305.83      -296.6429      -287.6981
      -278.9896      -270.5118      -262.2589      -254.2255
      -246.4064      -238.7963      -231.3903      -224.1835
      -217.1714      -210.3492      -203.7127      -197.2575
      -190.9794      -184.8742       -178.938      -173.1667
      -167.5565      -162.1035      -156.8038      -151.6538
      -146.6497      -141.7879      -137.0649      -132.4772
      -128.0214      -123.6942      -119.4924      -115.4131
      -111.4532      -107.6099      -103.8806      -100.2625
      -96.75314      -93.35012       -90.0511      -86.85377
      -83.75591      -80.75537         -77.85      -75.03768
      -72.31636      -69.68396      -67.13839      -64.67762
      -62.29956      -60.00214      -57.78329      -55.64092
       -53.5729      -51.57715      -49.65155      -47.79398
      -46.00235      -44.27454      -42.60846      -41.00205
      -39.45326      -37.96006      -36.52051      -35.13265
       -33.7946      -32.50454      -31.26072      -30.06141
      -28.90501      -27.78995      -26.71475        -25.678
      -24.67838       -23.7146       -22.7855      -21.88992
      -21.02679      -20.19509      -19.39383      -18.62202
      -17.87875      -17.16308      -16.47407      -15.81082
      -15.17241      -14.55788      -13.96638      -13.39695
      -12.84872      -12.32085      -11.81249      -11.32283
      -10.85115      -10.39671      -9.958851      -9.536975
      -9.130473      -8.738811      -8.361509      -7.998065
      -7.648048       -7.31106      -6.986672      -6.674527
      -6.374267      -6.085515      -5.807954      -5.541248
      -5.285049      -5.039068      -4.802974      -4.576443
      -4.359207      -4.150937      -3.951334      -3.760147
      -3.577058      -3.401798      -3.234128      -3.073757
       -2.92045      -2.773981      -2.634097      -2.500599
      -2.373281      -2.251929       -2.13638       -2.02645
       -1.92196      -1.822783      -1.728748      -1.639707
      -1.555557      -1.476129      -1.401303      -1.330966
      -1.264963      -1.203179      -1.145487      -1.091735
      -1.041811     -0.9955741       -0.95288     -0.9136239
     -0.8776587     -0.8448614     -0.8151384     -0.7883562
     -0.7644216     -0.7432514     -0.7247421     -0.7088303
     -0.6954452     -0.6845117     -0.6759933     -0.6698055
     -0.6659555
