   Co2
     3                                           NL
   0.3484850       0.053030       0.010714       CU        NS=2
    27.00000       2.621000       			!Z, WSR
     -0.04371795d0					!Fermi Energy
     0.0d0						!Potential Shift
     0							!Swap spin
     2      						!NS 
   400                                              CO2            IS=1
   0.0000000E+00  -2699804.      -1330292.      -873975.7    
   -645956.4      -509254.4      -418209.7      -353253.7    
   -304602.3      -266819.7      -236644.6      -212001.4    
   -191506.7      -174202.5      -159404.7      -146611.4    
   -135446.5      -125622.2      -116914.6      -109147.1    
   -102178.4      -95894.05      -90200.43      -85020.23    
   -80289.02      -75952.68      -71965.41      -68288.23    
   -64887.70      -61735.00      -58805.16      -56076.45    
   -53529.83      -51148.60      -48918.00      -46824.96    
   -44857.90      -43006.45      -41261.36      -39614.33    
   -38057.86      -36585.24      -35190.34      -33867.65    
   -32612.13      -31419.21      -30284.72      -29204.81    
   -28176.01      -27195.09      -26259.09      -25365.29    
   -24511.18      -23694.44      -22912.92      -22164.62    
   -21447.70      -20760.45      -20101.25      -19468.63    
   -18861.20      -18277.65      -17716.78      -17177.45    
   -16658.59      -16159.22      -15678.40      -15215.24    
   -14768.92      -14338.67      -13923.74      -13523.45    
   -13137.15      -12764.22      -12404.08      -12056.18    
   -11720.00      -11395.04      -11080.85      -10776.96    
   -10482.97      -10198.48      -9923.102      -9656.480    
   -9398.272      -9148.150      -8905.805      -8670.939    
   -8443.271      -8222.532      -8008.466      -7800.826    
   -7599.379      -7403.902      -7214.180      -7030.010    
   -6851.196      -6677.550      -6508.894      -6345.055    
   -6185.870      -6031.181      -5880.836      -5734.690    
   -5592.605      -5454.446      -5320.086      -5189.400    
   -5062.271      -4938.585      -4818.233      -4701.108    
   -4587.110      -4476.141      -4368.108      -4262.919    
   -4160.489      -4060.732      -3963.569      -3868.921    
   -3776.714      -3686.874      -3599.331      -3514.020    
   -3430.873      -3349.829      -3270.827      -3193.807    
   -3118.714      -3045.493      -2974.091      -2904.456    
   -2836.540      -2770.294      -2705.673      -2642.631    
   -2581.125      -2521.113      -2462.555      -2405.412    
   -2349.644      -2295.217      -2242.093      -2190.238    
   -2139.619      -2090.203      -2041.959      -1994.856    
   -1948.865      -1903.956      -1860.102      -1817.275    
   -1775.450      -1734.601      -1694.704      -1655.733    
   -1617.666      -1580.480      -1544.154      -1508.665    
   -1473.992      -1440.117      -1407.018      -1374.677    
   -1343.076      -1312.196      -1282.019      -1252.528    
   -1223.708      -1195.541      -1168.013      -1141.106    
   -1114.808      -1089.102      -1063.976      -1039.415    
   -1015.406      -991.9358      -968.9917      -946.5615    
   -924.6330      -903.1946      -882.2349      -861.7427    
   -841.7072      -822.1180      -802.9647      -784.2374    
   -765.9263      -748.0220      -730.5152      -713.3970    
   -696.6586      -680.2915      -664.2875      -648.6383    
   -633.3362      -618.3734      -603.7425      -589.4361    
   -575.4472      -561.7688      -548.3941      -535.3164    
   -522.5294      -510.0267      -497.8021      -485.8496    
   -474.1632      -462.7372      -451.5658      -440.6436    
   -429.9651      -419.5249      -409.3179      -399.3390    
   -389.5831      -380.0454      -370.7211      -361.6055    
   -352.6940      -343.9822      -335.4657      -327.1403    
   -319.0018      -311.0461      -303.2694      -295.6677    
   -288.2374      -280.9748      -273.8763      -266.9385    
   -260.1580      -253.5316      -247.0560      -240.7282    
   -234.5450      -228.5036      -222.6010      -216.8344    
   -211.2010      -205.6981      -200.3231      -195.0734    
   -189.9463      -184.9395      -180.0504      -175.2766    
   -170.6157      -166.0654      -161.6234      -157.2873    
   -153.0550      -148.9241      -144.8926      -140.9582    
   -137.1188      -133.3724      -129.7167      -126.1499    
   -122.6699      -119.2746      -115.9621      -112.7306    
   -109.5781      -106.5028      -103.5028      -100.5764    
   -97.72192      -94.93756      -92.22172      -89.57280    
   -86.98923      -84.46952      -82.01220      -79.61585    
   -77.27912      -75.00068      -72.77927      -70.61365    
   -68.50262      -66.44505      -64.43981      -62.48581    
   -60.58198      -58.72727      -56.92065      -55.16109    
   -53.44757      -51.77907      -50.15456      -48.57303    
   -47.03346      -45.53481      -44.07608      -42.65626    
   -41.27435      -39.92938      -38.62040      -37.34647    
   -36.10671      -34.90025      -33.72626      -32.58398    
   -31.47263      -30.39152      -29.33998      -28.31736    
   -27.32306      -26.35650      -25.41714      -24.50445    
   -23.61793      -22.75710      -21.92148      -21.11062    
   -20.32407      -19.56139      -18.82215      -18.10591    
   -17.41225      -16.74073      -16.09092      -15.46239    
   -14.85470      -14.26741      -13.70008      -13.15226    
   -12.62350      -12.11335      -11.62135      -11.14703    
   -10.68995      -10.24962      -9.825598      -9.417408    
   -9.024592      -8.646687      -8.283236      -7.933784    
   -7.597882      -7.275085      -6.964954      -6.667060    
   -6.380978      -6.106294      -5.842603      -5.589509    
   -5.346626      -5.113580      -4.890007      -4.675555    
   -4.469885      -4.272668      -4.083586      -3.902338    
   -3.728629      -3.562181      -3.402725      -3.250005    
   -3.103774      -2.963934      -2.830109      -2.702097    
   -2.579693      -2.462704      -2.350947      -2.244246    
   -2.142433      -2.045348      -1.952838      -1.864757    
   -1.780965      -1.701328      -1.625716      -1.554006    
   -1.486078      -1.421818      -1.361116      -1.303865    
   -1.249963      -1.199313      -1.151821      -1.107398    
   -1.065958      -1.027421     -0.9917098     -0.9587528    
  -0.9284820     -0.9008341     -0.8757504     -0.8531763    
  -0.8330617     -0.8153607     -0.8000313     -0.7870357    
  -0.7763396     -0.7679125     -0.7617270     -0.7577588    
   400                                              CO2            IS=2
   0.0000000E+00  -2699804.      -1330292.      -873975.7    
   -645956.4      -509254.4      -418209.7      -353253.7    
   -304602.3      -266819.7      -236644.6      -212001.4    
   -191506.7      -174202.5      -159404.7      -146611.4    
   -135446.5      -125622.2      -116914.6      -109147.1    
   -102178.4      -95894.06      -90200.43      -85020.23    
   -80289.02      -75952.68      -71965.41      -68288.23    
   -64887.70      -61735.00      -58805.16      -56076.45    
   -53529.84      -51148.60      -48918.00      -46824.97    
   -44857.90      -43006.45      -41261.36      -39614.33    
   -38057.86      -36585.24      -35190.34      -33867.65    
   -32612.13      -31419.21      -30284.72      -29204.82    
   -28176.01      -27195.09      -26259.09      -25365.29    
   -24511.18      -23694.44      -22912.92      -22164.62    
   -21447.70      -20760.45      -20101.25      -19468.63    
   -18861.20      -18277.65      -17716.78      -17177.45    
   -16658.59      -16159.22      -15678.40      -15215.24    
   -14768.92      -14338.67      -13923.74      -13523.45    
   -13137.15      -12764.23      -12404.09      -12056.18    
   -11720.00      -11395.04      -11080.85      -10776.96    
   -10482.97      -10198.48      -9923.103      -9656.481    
   -9398.273      -9148.151      -8905.806      -8670.940    
   -8443.272      -8222.533      -8008.466      -7800.827    
   -7599.380      -7403.903      -7214.181      -7030.011    
   -6851.197      -6677.551      -6508.895      -6345.056    
   -6185.871      -6031.182      -5880.837      -5734.691    
   -5592.606      -5454.447      -5320.086      -5189.401    
   -5062.272      -4938.586      -4818.233      -4701.109    
   -4587.111      -4476.142      -4368.108      -4262.920    
   -4160.490      -4060.733      -3963.570      -3868.922    
   -3776.714      -3686.874      -3599.332      -3514.020    
   -3430.874      -3349.830      -3270.827      -3193.808    
   -3118.715      -3045.494      -2974.092      -2904.457    
   -2836.541      -2770.295      -2705.673      -2642.631    
   -2581.125      -2521.114      -2462.556      -2405.412    
   -2349.645      -2295.217      -2242.094      -2190.239    
   -2139.620      -2090.204      -2041.960      -1994.857    
   -1948.865      -1903.956      -1860.102      -1817.276    
   -1775.451      -1734.602      -1694.704      -1655.734    
   -1617.667      -1580.481      -1544.154      -1508.665    
   -1473.993      -1440.117      -1407.019      -1374.678    
   -1343.076      -1312.196      -1282.019      -1252.529    
   -1223.709      -1195.542      -1168.013      -1141.107    
   -1114.808      -1089.103      -1063.977      -1039.416    
   -1015.407      -991.9363      -968.9922      -946.5620    
   -924.6335      -903.1951      -882.2353      -861.7431    
   -841.7077      -822.1184      -802.9651      -784.2378    
   -765.9267      -748.0224      -730.5156      -713.3973    
   -696.6589      -680.2918      -664.2877      -648.6385    
   -633.3364      -618.3735      -603.7426      -589.4362    
   -575.4472      -561.7687      -548.3940      -535.3163    
   -522.5292      -510.0264      -497.8017      -485.8490    
   -474.1625      -462.7363      -451.5648      -440.6425    
   -429.9638      -419.5235      -409.3163      -399.3371    
   -389.5811      -380.0431      -370.7185      -361.6027    
   -352.6909      -343.9788      -335.4620      -327.1363    
   -318.9974      -311.0414      -303.2643      -295.6622    
   -288.2314      -280.9684      -273.8694      -266.9311    
   -260.1501      -253.5231      -247.0470      -240.7185    
   -234.5347      -228.4926      -222.5893      -216.8219    
   -211.1878      -205.6841      -200.3082      -195.0575    
   -189.9295      -184.9217      -180.0315      -175.2565    
   -170.5944      -166.0429      -161.5995      -157.2620    
   -153.0281      -148.8957      -144.8625      -140.9263    
   -137.0851      -133.3367      -129.6789      -126.1099    
   -122.6275      -119.2297      -115.9146      -112.6803    
   -109.5249      -106.4464      -103.4432      -100.5133    
   -97.65514      -94.86692      -92.14702      -89.49382    
   -86.90577      -84.38136      -81.91913      -79.51768    
   -77.17563      -74.89169      -72.66461      -70.49316    
   -68.37619      -66.31257      -64.30123      -62.34111    
   -60.43120      -58.57050      -56.75803      -54.99282    
   -53.27390      -51.60030      -49.97107      -48.38521    
   -46.84174      -45.33968      -43.87802      -42.45576    
   -41.07191      -39.72549      -38.41551      -37.14103    
   -35.90112      -34.69490      -33.52150      -32.38009    
   -31.26991      -30.19020      -29.14025      -28.11940    
   -27.12701      -26.16249      -25.22526      -24.31478    
   -23.43053      -22.57200      -21.73872      -20.93022    
   -20.14604      -19.38573      -18.64886      -17.93498    
   -17.24365      -16.57446      -15.92695      -15.30070    
   -14.69527      -14.11022      -13.54510      -12.99947    
   -12.47287      -11.96486      -11.47498      -11.00276    
   -10.54775      -10.10949      -9.687516      -9.281361    
   -8.890568      -8.514678      -8.153236      -7.805790    
   -7.471892      -7.151102      -6.842985      -6.547113    
   -6.263067      -5.990434      -5.728814      -5.477815    
   -5.237056      -5.006165      -4.784785      -4.572566    
   -4.369174      -4.174283      -3.987582      -3.808771    
   -3.637562      -3.473677      -3.316851      -3.166831    
   -3.023374      -2.886405      -2.755496      -2.630469    
   -2.511119      -2.397250      -2.288674      -2.185211    
   -2.086686      -1.992932      -1.903787      -1.819095    
   -1.738704      -1.662468      -1.590245      -1.521898    
   -1.457294      -1.396303      -1.338803      -1.284674    
   -1.233800      -1.186073      -1.141388      -1.099645    
   -1.060751      -1.024617     -0.9911600     -0.9603037    
  -0.9319760     -0.9061110     -0.8826481     -0.8615320    
  -0.8427126     -0.8261447     -0.8117879     -0.7996060    
  -0.7895673     -0.7816437     -0.7758110     -0.7720480    
