#--------  atom file: y.y  -  start   --------
       3                                                       #NL
     0.3484850       0.053030       0.010714  
      39             3.300000       3.300000
     -0.0273                                                !EF
      0.0                                            !Potential Shift
      0                                              !Swap spin
      2                                              !NS   
   371
        327.601       -3899665       -1917691       -1257382
      -927485.5      -729750.1      -598092.8      -504191.9
      -433886.8      -379310.5      -335742.8        -300180
      -270619.6      -245675.3      -224356.8      -205938.1
      -189874.6      -175749.8      -163239.9      -152089.1
        -142093        -133086      -124932.5      -117520.8
      -110757.6      -104564.6      -98875.55      -93634.01
      -88791.61      -84306.68      -80143.11      -76269.43
      -72658.13      -69285.03      -66128.82       -63170.6
       -60393.6      -57782.85      -55324.96      -53007.94
      -50820.99      -48754.35      -46799.21       -44947.6
      -43192.23      -41526.52      -39944.41      -38440.41
      -37009.44      -35646.88      -34348.46      -33110.25
      -31928.63      -30800.24      -29722.01      -28691.04
      -27704.69      -26760.48      -25856.11      -24989.43
      -24158.45       -23361.3      -22596.24      -21861.64
      -21155.98      -20477.81       -19825.8      -19198.68
      -18595.28      -18014.47       -17455.2      -16916.49
       -16397.4      -15897.04       -15414.6      -14949.28
      -14500.33      -14067.05      -13648.78      -13244.88
      -12854.76      -12477.84      -12113.59      -11761.48
      -11421.04       -11091.8      -10773.31      -10465.16
      -10166.95      -9878.292      -9598.826      -9328.204
      -9066.095      -8812.182      -8566.163       -8327.75
      -8096.666      -7872.647      -7655.441      -7444.807
      -7240.511      -7042.334      -6850.061       -6663.49
      -6482.426       -6306.68      -6136.073      -5970.433
      -5809.593      -5653.395      -5501.686      -5354.318
      -5211.151      -5072.048      -4936.879      -4805.519
      -4677.845      -4553.741      -4433.096      -4315.801
      -4201.752      -4090.848      -3982.993      -3878.093
      -3776.059      -3676.803      -3580.242      -3486.294
      -3394.882       -3305.93      -3219.366      -3135.119
       -3053.12      -2973.305      -2895.609      -2819.972
      -2746.333      -2674.636      -2604.825      -2536.846
      -2470.646      -2406.177      -2343.388      -2282.232
      -2222.665      -2164.642      -2108.119      -2053.055
      -1999.411      -1947.147      -1896.225       -1846.61
      -1798.265      -1751.156       -1705.25      -1660.515
      -1616.919      -1574.432      -1533.025       -1492.67
      -1453.339      -1415.004       -1377.64      -1341.222
      -1305.726      -1271.126      -1237.401      -1204.528
      -1172.485      -1141.251      -1110.804      -1081.126
      -1052.196      -1023.995      -996.5046       -969.707
      -943.5843      -918.1193      -893.2955      -869.0964
      -845.5062      -822.5096      -800.0916      -778.2376
      -756.9335      -736.1655      -715.9204       -696.185
      -676.9469      -658.1939      -639.9141      -622.0959
      -604.7283      -587.8003      -571.3014      -555.2213
      -539.5501      -524.2781      -509.3957      -494.8937
      -480.7633      -466.9955      -453.5818      -440.5138
      -427.7833      -415.3824       -403.303      -391.5377
      -380.0787      -368.9188      -358.0506      -347.4672
      -337.1615      -327.1267      -317.3563      -307.8436
      -298.5823      -289.5661      -280.7891      -272.2451
      -263.9286      -255.8339      -247.9554       -240.288
      -232.8264      -225.5657       -218.501      -211.6277
      -204.9413      -198.4372      -192.1113      -185.9594
      -179.9774      -174.1614      -168.5074      -163.0117
      -157.6705      -152.4801      -147.4368       -142.537
      -137.7771      -133.1537      -128.6633      -124.3026
      -120.0683      -115.9572      -111.9662      -108.0924
      -104.3329      -100.6849      -97.14581      -93.71311
      -90.38435      -87.15718      -84.02935      -80.99865
      -78.06297      -75.22025      -72.46843      -69.80552
      -67.22956      -64.73855      -62.33056      -60.00367
      -57.75587      -55.58522      -53.48979      -51.46755
      -49.51653      -47.63476      -45.82021      -44.07088
      -42.38477      -40.75987      -39.19418      -37.68574
      -36.23257      -34.83275      -33.48437      -32.18557
      -30.93452      -29.72945      -28.56865      -27.45046
      -26.37327      -25.33557      -24.33589      -23.37284
      -22.44511      -21.55142      -20.69062      -19.86158
      -19.06322      -18.29455      -17.55459      -16.84239
      -16.15709      -15.49777      -14.86355       -14.2536
      -13.66704      -13.10299      -12.56063       -12.0391
      -11.53754      -11.05516      -10.59115      -10.14474
      -9.715216      -9.301863      -8.904019      -8.521098
      -8.152501      -7.797686      -7.456187      -7.127505
      -6.811204      -6.506907      -6.214192      -5.932695
      -5.662098      -5.402028      -5.152171      -4.912236
      -4.681885      -4.460834      -4.248805      -4.045484
      -3.850612      -3.663918       -3.48511      -3.313952
      -3.150181      -2.993533      -2.843797      -2.700724
      -2.564082      -2.433691      -2.309321      -2.190778
      -2.077912       -1.97052      -1.868447      -1.771564
        -1.6797       -1.59273      -1.510541      -1.432982
       -1.35995      -1.291327      -1.226974      -1.166791
      -1.110641      -1.058385      -1.009914     -0.9650681
     -0.9237028     -0.8857016     -0.8508912     -0.8191343
     -0.7903043     -0.7642427     -0.7408275     -0.7199368
     -0.7014359     -0.6852258     -0.6711957     -0.6592351
     -0.6492678     -0.6411709     -0.6349082
   371
        327.601       -3899665       -1917691       -1257382
      -927485.5      -729750.1      -598092.8      -504191.9
      -433886.8      -379310.5      -335742.8        -300180
      -270619.6      -245675.3      -224356.8      -205938.1
      -189874.6      -175749.8      -163239.9      -152089.1
        -142093        -133086      -124932.5      -117520.8
      -110757.6      -104564.6      -98875.55      -93634.01
      -88791.61      -84306.68      -80143.11      -76269.43
      -72658.13      -69285.03      -66128.82       -63170.6
       -60393.6      -57782.85      -55324.96      -53007.94
      -50820.99      -48754.35      -46799.21       -44947.6
      -43192.23      -41526.52      -39944.41      -38440.41
      -37009.44      -35646.88      -34348.46      -33110.25
      -31928.63      -30800.24      -29722.01      -28691.04
      -27704.69      -26760.48      -25856.11      -24989.43
      -24158.45       -23361.3      -22596.24      -21861.64
      -21155.98      -20477.81       -19825.8      -19198.68
      -18595.28      -18014.47       -17455.2      -16916.49
       -16397.4      -15897.04       -15414.6      -14949.28
      -14500.33      -14067.05      -13648.78      -13244.88
      -12854.76      -12477.84      -12113.59      -11761.48
      -11421.04       -11091.8      -10773.31      -10465.16
      -10166.95      -9878.292      -9598.826      -9328.204
      -9066.095      -8812.182      -8566.163       -8327.75
      -8096.666      -7872.647      -7655.441      -7444.807
      -7240.511      -7042.334      -6850.061       -6663.49
      -6482.426       -6306.68      -6136.073      -5970.433
      -5809.593      -5653.395      -5501.686      -5354.318
      -5211.151      -5072.048      -4936.879      -4805.519
      -4677.845      -4553.741      -4433.096      -4315.801
      -4201.752      -4090.848      -3982.993      -3878.093
      -3776.059      -3676.803      -3580.242      -3486.294
      -3394.882       -3305.93      -3219.366      -3135.119
       -3053.12      -2973.305      -2895.609      -2819.972
      -2746.333      -2674.636      -2604.825      -2536.846
      -2470.646      -2406.177      -2343.388      -2282.232
      -2222.665      -2164.642      -2108.119      -2053.055
      -1999.411      -1947.147      -1896.225       -1846.61
      -1798.265      -1751.156       -1705.25      -1660.515
      -1616.919      -1574.432      -1533.025       -1492.67
      -1453.339      -1415.004       -1377.64      -1341.222
      -1305.726      -1271.126      -1237.401      -1204.528
      -1172.485      -1141.251      -1110.804      -1081.126
      -1052.196      -1023.995      -996.5046       -969.707
      -943.5843      -918.1193      -893.2955      -869.0964
      -845.5062      -822.5096      -800.0916      -778.2376
      -756.9335      -736.1655      -715.9204       -696.185
      -676.9469      -658.1939      -639.9141      -622.0959
      -604.7283      -587.8003      -571.3014      -555.2213
      -539.5501      -524.2781      -509.3957      -494.8937
      -480.7633      -466.9955      -453.5818      -440.5138
      -427.7833      -415.3824       -403.303      -391.5377
      -380.0787      -368.9188      -358.0506      -347.4672
      -337.1615      -327.1267      -317.3563      -307.8436
      -298.5823      -289.5661      -280.7891      -272.2451
      -263.9286      -255.8339      -247.9554       -240.288
      -232.8264      -225.5657       -218.501      -211.6277
      -204.9413      -198.4372      -192.1113      -185.9594
      -179.9774      -174.1614      -168.5074      -163.0117
      -157.6705      -152.4801      -147.4368       -142.537
      -137.7771      -133.1537      -128.6633      -124.3026
      -120.0683      -115.9572      -111.9662      -108.0924
      -104.3329      -100.6849      -97.14581      -93.71311
      -90.38435      -87.15718      -84.02935      -80.99865
      -78.06297      -75.22025      -72.46843      -69.80552
      -67.22956      -64.73855      -62.33056      -60.00367
      -57.75587      -55.58522      -53.48979      -51.46755
      -49.51653      -47.63476      -45.82021      -44.07088
      -42.38477      -40.75987      -39.19418      -37.68574
      -36.23257      -34.83275      -33.48437      -32.18557
      -30.93452      -29.72945      -28.56865      -27.45046
      -26.37327      -25.33557      -24.33589      -23.37284
      -22.44511      -21.55142      -20.69062      -19.86158
      -19.06322      -18.29455      -17.55459      -16.84239
      -16.15709      -15.49777      -14.86355       -14.2536
      -13.66704      -13.10299      -12.56063       -12.0391
      -11.53754      -11.05516      -10.59115      -10.14474
      -9.715216      -9.301863      -8.904019      -8.521098
      -8.152501      -7.797686      -7.456187      -7.127505
      -6.811204      -6.506907      -6.214192      -5.932695
      -5.662098      -5.402028      -5.152171      -4.912236
      -4.681885      -4.460834      -4.248805      -4.045484
      -3.850612      -3.663918       -3.48511      -3.313952
      -3.150181      -2.993533      -2.843797      -2.700724
      -2.564082      -2.433691      -2.309321      -2.190778
      -2.077912       -1.97052      -1.868447      -1.771564
        -1.6797       -1.59273      -1.510541      -1.432982
       -1.35995      -1.291327      -1.226974      -1.166791
      -1.110641      -1.058385      -1.009914     -0.9650681
     -0.9237028     -0.8857016     -0.8508912     -0.8191343
     -0.7903043     -0.7642427     -0.7408275     -0.7199368
     -0.7014359     -0.6852258     -0.6711957     -0.6592351
     -0.6492678     -0.6411709     -0.6349082
