--------  atom file: Pt  -  start   -------- 
     3                                           NL
   0.3484850       0.053030       0.010714       Pt        NS=2
    78.e0        2.894914       2.894914 
    -0.043977                                         !EF
     0.0                                             !Potential Shift
     0                                               !Swap spin
     2                                              !NS
   400
    0.000000      -7799122.      -3841769.      -2523208.    
   -1864340.      -1469345.      -1206282.      -1018606.    
   -878044.7      -768889.8      -681717.4      -610530.4    
   -551330.5      -501349.9      -458611.4      -421665.3    
   -389424.2      -361056.6      -335915.9      -313491.4    
   -293374.8      -275235.4      -258802.8      -243853.5    
   -230201.5      -217690.2      -206187.3      -195580.2    
   -185772.3      -176680.3      -168232.1      -160364.8    
   -153023.4      -146159.7      -139731.1      -133699.7    
   -128032.2      -122698.5      -117671.9      -112928.4    
   -108446.5      -104206.6      -100191.2      -96384.14    
   -92771.04      -89338.63      -86074.84      -82968.63    
   -80009.89      -77189.34      -74498.42      -71929.28    
   -69474.66      -67127.85      -64882.64      -62733.29    
   -60674.46      -58701.18      -56808.84      -54993.15    
   -53250.09      -51575.91      -49967.13      -48420.45    
   -46932.82      -45501.35      -44123.35      -42796.28    
   -41517.75      -40285.52      -39097.47      -37951.60    
   -36846.04      -35779.02      -34748.84      -33753.93    
   -32792.78      -31863.97      -30966.15      -30098.05    
   -29258.44      -28446.19      -27660.19      -26899.40    
   -26162.85      -25449.58      -24758.69      -24089.35    
   -23440.73      -22812.05      -22202.58      -21611.61    
   -21038.46      -20482.50      -19943.10      -19419.67    
   -18911.65      -18418.50      -17939.70      -17474.77    
   -17023.21      -16584.59      -16158.46      -15744.40    
   -15342.01      -14950.91      -14570.73      -14201.11    
   -13841.70      -13492.19      -13152.25      -12821.58    
   -12499.89      -12186.90      -11882.33      -11585.92    
   -11297.42      -11016.60      -10743.21      -10477.04    
   -10217.86      -9965.460      -9719.647      -9480.223    
   -9247.000      -9019.797      -8798.437      -8582.752    
   -8372.578      -8167.758      -7968.138      -7773.572    
   -7583.918      -7399.036      -7218.794      -7043.063    
   -6871.717      -6704.638      -6541.706      -6382.810    
   -6227.840      -6076.689      -5929.254      -5785.436    
   -5645.138      -5508.267      -5374.730      -5244.441    
   -5117.313      -4993.263      -4872.211      -4754.078    
   -4638.789      -4526.269      -4416.448      -4309.255    
   -4204.624      -4102.488      -4002.785      -3905.452    
   -3810.430      -3717.661      -3627.088      -3538.657    
   -3452.314      -3368.008      -3285.688      -3205.306    
   -3126.815      -3050.168      -2975.322      -2902.232    
   -2830.856      -2761.154      -2693.085      -2626.610    
   -2561.692      -2498.293      -2436.378      -2375.912    
   -2316.860      -2259.189      -2202.868      -2147.863    
   -2094.144      -2041.682      -1990.446      -1940.408    
   -1891.540      -1843.814      -1797.205      -1751.686    
   -1707.231      -1663.817      -1621.418      -1580.013    
   -1539.576      -1500.088      -1461.525      -1423.867    
   -1387.093      -1351.183      -1316.118      -1281.879    
   -1248.447      -1215.804      -1183.933      -1152.816    
   -1122.437      -1092.778      -1063.825      -1035.562    
   -1007.972      -981.0404      -954.7532      -929.0956    
   -904.0534      -879.6127      -855.7600      -832.4823    
   -809.7666      -787.6004      -765.9715      -744.8682    
   -724.2789      -704.1922      -684.5975      -665.4839    
   -646.8411      -628.6590      -610.9277      -593.6375    
   -576.7789      -560.3426      -544.3193      -528.7001    
   -513.4761      -498.6384      -484.1783      -470.0874    
   -456.3571      -442.9790      -429.9449      -417.2466    
   -404.8760      -392.8254      -381.0868      -369.6527    
   -358.5156      -347.6683      -337.1036      -326.8147    
   -316.7950      -307.0378      -297.5371      -288.2868    
   -279.2810      -270.5142      -261.9809      -253.6758    
   -245.5938      -237.7299      -230.0791      -222.6365    
   -215.3974      -208.3569      -201.5104      -194.8533    
   -188.3809      -182.0888      -175.9727      -170.0283    
   -164.2515      -158.6385      -153.1855      -147.8890    
   -142.7455      -137.7518      -132.9048      -128.2015    
   -123.6392      -119.2148      -114.9259      -110.7697    
   -106.7436      -102.8451      -99.07140      -95.42003    
   -91.88830      -88.47351      -85.17308      -81.98417    
   -78.90408      -75.93001      -73.05909      -70.28859    
   -67.61554      -65.03714      -62.55051      -60.15277    
   -57.84115      -55.61279      -53.46493      -51.39487    
   -49.39991      -47.47749      -45.62504      -43.84010    
   -42.12029      -40.46328      -38.86689      -37.32892    
   -35.84733      -34.42012      -33.04535      -31.72123    
   -30.44593      -29.21772      -28.03500      -26.89607    
   -25.79947      -24.74362      -23.72707      -22.74844    
   -21.80629      -20.89938      -20.02636      -19.18602    
   -18.37720      -17.59869      -16.84952      -16.12853    
   -15.43479      -14.76734      -14.12523      -13.50769    
   -12.91379      -12.34279      -11.79393      -11.26643    
   -10.75968      -10.27289      -9.805503      -9.356829    
   -8.926245      -8.513217      -8.117070      -7.737332    
   -7.373381      -7.024696      -6.690785      -6.371060    
   -6.065125      -5.772397      -5.492449      -5.224819    
   -4.969008      -4.724672      -4.491285      -4.268506    
   -4.055903      -3.853077      -3.659709      -3.475361    
   -3.299765      -3.132523      -2.973334      -2.821905    
   -2.677881      -2.541068      -2.411097      -2.287761    
   -2.170790      -2.059923      -1.954985      -1.855681    
   -1.761876      -1.673313      -1.589824      -1.511242    
   -1.437347      -1.368058      -1.303138      -1.242497    
   -1.185974      -1.133430      -1.084788      -1.039871    
  -0.9986438     -0.9609472     -0.9267188     -0.8958739    
  -0.8683013     -0.8439880     -0.8227965     -0.8047224    
  -0.7896702     -0.7775967     -0.7684187     -0.7622085    
   400
    0.000000      -7799122.      -3841769.      -2523208.    
   -1864340.      -1469345.      -1206282.      -1018606.    
   -878044.7      -768889.8      -681717.4      -610530.4    
   -551330.5      -501349.9      -458611.4      -421665.3    
   -389424.2      -361056.6      -335915.9      -313491.4    
   -293374.8      -275235.4      -258802.8      -243853.5    
   -230201.5      -217690.2      -206187.3      -195580.2    
   -185772.3      -176680.3      -168232.1      -160364.8    
   -153023.4      -146159.7      -139731.1      -133699.7    
   -128032.2      -122698.5      -117671.9      -112928.4    
   -108446.5      -104206.6      -100191.2      -96384.14    
   -92771.04      -89338.63      -86074.84      -82968.63    
   -80009.89      -77189.34      -74498.42      -71929.28    
   -69474.66      -67127.85      -64882.64      -62733.29    
   -60674.46      -58701.18      -56808.84      -54993.15    
   -53250.09      -51575.91      -49967.13      -48420.45    
   -46932.82      -45501.35      -44123.35      -42796.28    
   -41517.75      -40285.52      -39097.47      -37951.60    
   -36846.04      -35779.02      -34748.84      -33753.93    
   -32792.78      -31863.97      -30966.15      -30098.05    
   -29258.44      -28446.19      -27660.19      -26899.40    
   -26162.85      -25449.58      -24758.69      -24089.35    
   -23440.73      -22812.05      -22202.58      -21611.61    
   -21038.46      -20482.50      -19943.10      -19419.67    
   -18911.65      -18418.50      -17939.70      -17474.77    
   -17023.21      -16584.59      -16158.46      -15744.40    
   -15342.01      -14950.91      -14570.73      -14201.11    
   -13841.70      -13492.19      -13152.25      -12821.58    
   -12499.89      -12186.90      -11882.33      -11585.92    
   -11297.42      -11016.60      -10743.21      -10477.04    
   -10217.86      -9965.460      -9719.647      -9480.223    
   -9247.000      -9019.797      -8798.437      -8582.752    
   -8372.578      -8167.758      -7968.138      -7773.572    
   -7583.918      -7399.036      -7218.794      -7043.063    
   -6871.717      -6704.638      -6541.706      -6382.810    
   -6227.840      -6076.689      -5929.254      -5785.436    
   -5645.138      -5508.267      -5374.730      -5244.441    
   -5117.313      -4993.263      -4872.211      -4754.078    
   -4638.789      -4526.269      -4416.448      -4309.255    
   -4204.624      -4102.488      -4002.785      -3905.452    
   -3810.430      -3717.661      -3627.088      -3538.657    
   -3452.314      -3368.008      -3285.688      -3205.306    
   -3126.815      -3050.168      -2975.322      -2902.232    
   -2830.856      -2761.154      -2693.085      -2626.610    
   -2561.692      -2498.293      -2436.378      -2375.912    
   -2316.860      -2259.189      -2202.868      -2147.863    
   -2094.144      -2041.682      -1990.446      -1940.408    
   -1891.540      -1843.814      -1797.205      -1751.686    
   -1707.231      -1663.817      -1621.418      -1580.013    
   -1539.576      -1500.088      -1461.525      -1423.867    
   -1387.093      -1351.183      -1316.118      -1281.879    
   -1248.447      -1215.804      -1183.933      -1152.816    
   -1122.437      -1092.778      -1063.825      -1035.562    
   -1007.972      -981.0404      -954.7532      -929.0956    
   -904.0534      -879.6127      -855.7600      -832.4823    
   -809.7666      -787.6004      -765.9715      -744.8682    
   -724.2789      -704.1922      -684.5975      -665.4839    
   -646.8411      -628.6590      -610.9277      -593.6375    
   -576.7789      -560.3426      -544.3193      -528.7001    
   -513.4761      -498.6384      -484.1783      -470.0874    
   -456.3571      -442.9790      -429.9449      -417.2466    
   -404.8760      -392.8254      -381.0868      -369.6527    
   -358.5156      -347.6683      -337.1036      -326.8147    
   -316.7950      -307.0378      -297.5371      -288.2868    
   -279.2810      -270.5142      -261.9809      -253.6758    
   -245.5938      -237.7299      -230.0791      -222.6365    
   -215.3974      -208.3569      -201.5104      -194.8533    
   -188.3809      -182.0888      -175.9727      -170.0283    
   -164.2515      -158.6385      -153.1855      -147.8890    
   -142.7455      -137.7518      -132.9048      -128.2015    
   -123.6392      -119.2148      -114.9259      -110.7697    
   -106.7436      -102.8451      -99.07140      -95.42003    
   -91.88830      -88.47351      -85.17308      -81.98417    
   -78.90408      -75.93001      -73.05909      -70.28859    
   -67.61554      -65.03714      -62.55051      -60.15277    
   -57.84115      -55.61279      -53.46493      -51.39487    
   -49.39991      -47.47749      -45.62504      -43.84010    
   -42.12029      -40.46328      -38.86689      -37.32892    
   -35.84733      -34.42012      -33.04535      -31.72123    
   -30.44593      -29.21772      -28.03500      -26.89607    
   -25.79947      -24.74362      -23.72707      -22.74844    
   -21.80629      -20.89938      -20.02636      -19.18602    
   -18.37720      -17.59869      -16.84952      -16.12853    
   -15.43479      -14.76734      -14.12523      -13.50769    
   -12.91379      -12.34279      -11.79393      -11.26643    
   -10.75968      -10.27289      -9.805503      -9.356829    
   -8.926245      -8.513217      -8.117070      -7.737332    
   -7.373381      -7.024696      -6.690785      -6.371060    
   -6.065125      -5.772397      -5.492449      -5.224819    
   -4.969008      -4.724672      -4.491285      -4.268506    
   -4.055903      -3.853077      -3.659709      -3.475361    
   -3.299765      -3.132523      -2.973334      -2.821905    
   -2.677881      -2.541068      -2.411097      -2.287761    
   -2.170790      -2.059923      -1.954985      -1.855681    
   -1.761876      -1.673313      -1.589824      -1.511242    
   -1.437347      -1.368058      -1.303138      -1.242497    
   -1.185974      -1.133430      -1.084788      -1.039871    
  -0.9986438     -0.9609472     -0.9267188     -0.8958739    
  -0.8683013     -0.8439880     -0.8227965     -0.8047224    
  -0.7896702     -0.7775967     -0.7684187     -0.7622085    
