0 0 0.0000000000
0.02 1.33262e-08 0.0793950851
0.04 4.83075e-08 0.1398865784
0.06 9.93348e-08 0.1701323251
0.08 1.55098e-07 0.2608695652
0.1 2.06958e-07 0.3364839319
0.12 2.56677e-07 0.3667296786
0.14 2.93392e-07 0.4272211720
0.16 3.13514e-07 0.5179584121
0.18 3.16431e-07 0.5482041588
0.2 3.04552e-07 0.6389413989
0.22 2.80698e-07 0.6691871456
0.24 2.47581e-07 0.7296786389
0.26 2.09081e-07 0.8355387524
0.28 1.71336e-07 0.8809073724
0.3 1.42446e-07 0.9111531191
0.32 1.40948e-07 0.9867674858
0.34 1.96522e-07 1.0775047259
0.36 3.42503e-07 1.1077504726
0.38 6.31243e-07 1.1531190926
0.4 2.34645e-06 1.2589792060
0.42 7.11727e-06 1.3194706994
0.44 0.000272782 1.3497164461
0.46 0.000524954 1.4102079395
0.48 0.000302587 1.5160680529
0.5 0.000739403 1.5916824197
0.52 0.0202731 1.6219281664
0.54 0.0158938 1.6521739130
0.56 0.0351284 1.7580340265
0.58 0.0511925 1.7882797732
0.6 0.042025 1.8790170132
0.62 0.0424725 1.9243856333
0.64 0.0176668 1.9546313800
0.66 0.0522787 2.0604914934
0.68 0.0673989 2.1209829868
0.7 0.0400462 2.1814744802
0.72 0.0239629 2.2419659735
0.74 0.0190194 2.3024574669
0.76 0.0131959 2.3478260870
0.78 0.0143528 2.4234404537
0.8 0.0472348 2.5141776938
0.82 0.0454192 2.5444234405
0.84 0.0684062 2.5746691871
0.86 0.0798233 2.6805293006
0.88 0.0636037 2.7410207940
0.9 0.0441665 2.8015122873
0.92 0.0329889 2.8620037807
0.94 0.0323618 2.9376181474
0.96 0.0485962 2.9981096408
0.98 0.0539184 2.9829867675
1 0.0466763 3.1342155009
1.02 0.0513526 3.1947069943
1.04 0.0649257 3.1947069943
1.06 0.0791145 3.2551984877
1.08 0.0935464 3.3459357278
1.1 0.103079 3.3761814745
1.12 0.132007 3.4669187146
1.14 0.123927 3.5879017013
1.16 0.100651 3.6030245747
1.18 0.0856053 3.6786389414
1.2 0.0810274 3.7391304348
1.22 0.0771667 3.7996219282
1.24 0.0823506 3.8449905482
1.26 0.0931233 3.9357277883
1.28 0.100411 3.9659735350
1.3 0.107268 3.9810964083
1.32 0.114297 4.0718336484
1.34 0.127646 4.1323251418
1.36 0.144672 4.1474480151
1.38 0.167331 4.2986767486
1.4 0.17646 4.3591682420
1.42 0.182063 4.4650283554
1.44 0.189412 4.4801512287
1.46 0.190294 4.5406427221
1.48 0.186517 4.5255198488
1.5 0.187985 4.4801512287
1.52 0.189808 4.4045368620
1.54 0.162962 4.4347826087
1.56 0.162211 4.4650283554
1.58 0.16823 4.6011342155
1.6 0.165263 4.6918714556
1.62 0.166858 4.6767485822
1.64 0.20538 4.6767485822
1.66 0.256738 4.9489603025
1.68 0.349429 4.9187145558
1.7 0.421871 4.8884688091
1.72 0.490531 4.8884688091
1.74 0.665717 4.8884688091
1.76 0.891308 4.5406427221
1.78 0.867567 4.3440453686
1.8 0.915901 4.2381852552
1.82 0.930714 4.2533081285
1.84 1.24416 5.0964083176
1.86 1.40564 5.4253308129
1.88 1.21069 5.1379962193
1.9 1.09208 3.8979206049
1.92 1.51287 4.4272211720
1.94 1.29029 4.2533081285
1.96 1.3881 4.3894139887
1.98 2.15894 6.2306238185
2 1.08184 4.5633270321
2.02 1.0059 5.3081285444
2.04 1.12052 5.5992438563
2.06 0.988917 5.3270321361
2.08 0.752672 5.2022684310
2.1 0.539252 5.4291115312
2.12 0.587931 5.5387523629
2.14 0.42851 5.7958412098
2.16 0.388348 5.7353497164
2.18 0.414125 6.0982986767
2.2 0.388613 6.4158790170
2.22 0.479423 6.5368620038
2.24 0.411834 6.5822306238
2.26 0.391913 6.4310018904
2.28 0.414347 6.5217391304
2.3 0.377651 6.7637051040
2.32 0.399734 6.8998109641
2.34 0.401334 7.0359168242
2.36 0.44242 7.0964083176
2.38 0.44444 6.9905482042
2.4 0.417361 7.0056710775
2.42 0.419542 7.0207939509
2.44 0.393807 7.3988657845
2.46 0.442777 7.4744801512
2.48 0.465567 7.4404536862
2.5 0.452576 7.5727788280
2.52 0.465838 7.3383742911
2.54 0.468779 7.2816635161
2.56 0.478649 7.2362948960
2.58 0.507177 7.3156899811
2.6 0.51584 7.4291115312
2.62 0.5288 7.5954631380
2.64 0.499663 7.4593572779
2.66 0.524209 7.6710775047
2.68 0.505894 7.5047258979
2.7 0.543094 7.3686200378
2.72 0.570094 7.5198487713
2.74 0.603838 7.8676748582
2.76 0.549669 7.6257088847
2.78 0.588251 7.6862003781
2.8 0.618903 7.8827977316
2.82 0.614578 8.2003780718
2.84 0.60697 8.0945179584
2.86 0.76228 7.9281663516
2.88 0.840855 7.8525519849
2.9 0.887439 8.1247637051
2.92 0.962782 8.2155009452
2.94 1.08779 8.1247637051
2.96 1.14818 8.2457466919
2.98 1.24729 8.4877126654
3 1.35955 8.3818525520
3.02 1.47142 8.1096408318
3.04 1.43272 7.8374291115
3.06 1.73179 7.6862003781
3.08 1.8609 7.5727788280
3.1 1.93657 7.1795841210
3.12 1.94863 6.7712665406
3.14 1.84037 6.5595463138
3.16 1.84523 6.2570888469
3.18 1.69135 5.6143667297
3.2 1.85063 5.7013232514
3.22 1.71955 5.5198487713
3.24 1.82049 5.7769376181
3.26 1.60944 5.9054820416
3.28 1.94841 5.8979206049
3.3 1.84265 5.7466918715
3.32 1.90554 5.9584120983
3.34 1.9838 6.0869565217
3.36 1.67437 5.5879017013
3.38 1.49717 4.6238185255
3.4 1.51322 4.7145557656
3.42 1.81694 5.7277882798
3.44 2.13238 6.5897920605
3.46 2.16008 6.0302457467
3.48 2.1922 6.2759924386
3.5 2.21135 6.3818525520
3.52 2.32955 6.1134215501
3.54 2.64238 6.3100189036
3.56 2.47552 6.5822306238
3.58 2.45021 6.6654064272
3.6 2.4474 6.8317580340
3.62 2.60779 6.8960302457
3.64 2.88209 7.1984877127
3.66 3.00031 7.1682419660
3.68 3.05858 7.0472589792
3.7 2.97558 7.6975425331
3.72 2.77153 7.3043478261
3.74 2.72197 7.3950850662
3.76 2.73929 7.3308128544
3.78 2.42272 7.3913043478
3.8 2.51894 7.4404536862
3.82 2.29525 7.4366729679
3.84 2.63698 7.6332703214
3.86 2.69998 7.9130434783
3.88 2.55292 7.5274102079
3.9 2.45085 7.3724007561
3.92 2.44375 7.4933837429
3.94 2.51541 7.5538752363
3.96 2.4546 7.2967863894
3.98 2.43377 7.5236294896
4 2.27998 7.3119092628
