#--------  atom file: co.co  -  start   --------
       3                                                       #NL
     0.3484850       0.053030       0.010714  
      27            2.583164      2.583164
     -0.017709                                                !EF
      0.0                                            !Potential Shift
      0                                              !Swap spin
      2                                              !NS   
   331
       194.1655       -2699804       -1325529        -867728
      -639041.8      -501998.4      -410773.9      -345729.5
      -297045.8      -259267.7      -229122.1      -204526.2
      -184091.3      -166856.3      -152134.4      -139422.3
      -128342.3      -118605.7      -109987.8      -102311.5
      -95434.79      -89243.02      -83642.25       -78554.9
      -73916.34      -69672.29      -65776.81       -62190.8
      -58880.74      -55817.74      -52976.76         -50336
      -47876.41      -45581.23      -43435.69       -41426.7
      -39542.64      -37773.15      -36108.96      -34541.76
      -33064.06      -31669.14      -30350.87      -29103.74
      -27922.73      -26803.25      -25741.14      -24732.58
      -23774.08      -22862.44      -21994.69      -21168.14
      -20380.28      -19628.79      -18911.54      -18226.55
      -17571.98      -16946.12      -16347.39      -15774.31
       -15225.5      -14699.68      -14195.64      -13712.28
      -13248.52      -12803.39      -12375.97      -11965.38
      -11570.82      -11191.51      -10826.74      -10475.82
      -10138.11       -9813.02      -9499.965       -9198.41
      -8907.845      -8627.789      -8357.785      -8097.401
      -7846.226      -7603.872       -7369.97       -7144.17
      -6926.138       -6715.56      -6512.133      -6315.571
      -6125.602      -5941.967      -5764.417      -5592.717
      -5426.643      -5265.979      -5110.521      -4960.073
      -4814.448      -4673.468      -4536.961      -4404.765
      -4276.723      -4152.685      -4032.508      -3916.055
      -3803.195      -3693.801      -3587.753      -3484.934
      -3385.234      -3288.545      -3194.766      -3103.798
      -3015.547      -2929.921      -2846.834      -2766.201
      -2687.943      -2611.981       -2538.24       -2466.65
      -2397.141      -2329.645        -2264.1      -2200.443
      -2138.615      -2078.559      -2020.218      -1963.541
      -1908.474       -1854.97      -1802.979      -1752.456
      -1703.356      -1655.636      -1609.254       -1564.17
      -1520.345      -1477.742      -1436.325      -1396.058
      -1356.906      -1318.839      -1281.823      -1245.829
      -1210.825      -1176.784      -1143.678       -1111.48
      -1080.163      -1049.703      -1020.075      -991.2544
      -963.2195      -935.9476      -909.4172      -883.6075
      -858.4983        -834.07      -810.3037       -787.181
      -764.6841      -742.7959      -721.4997      -700.7793
       -680.619      -661.0038       -641.919      -623.3502
      -605.2837      -587.7061      -570.6044       -553.966
      -537.7786      -522.0303      -506.7096      -491.8051
      -477.3058      -463.2011      -449.4806       -436.134
      -423.1514      -410.5233      -398.2401      -386.2926
       -374.672      -363.3695      -352.3766      -341.6851
      -331.2869      -321.1744        -311.34      -301.7764
      -292.4764      -283.4333      -274.6404      -266.0913
      -257.7797      -249.6997      -241.8454      -234.2111
      -226.7913      -219.5807      -212.5741      -205.7664
      -199.1527      -192.7281       -186.488      -180.4277
      -174.5428      -168.8288      -163.2813      -157.8961
      -152.6689      -147.5957      -142.6723      -137.8948
      -133.2592      -128.7617      -124.3984      -120.1655
      -116.0595      -112.0767      -108.2136      -104.4668
      -100.8329      -97.30861      -93.89084      -90.57651
      -87.36265      -84.24642      -81.22508      -78.29599
      -75.45664      -72.70462      -70.03761      -67.45338
       -64.9498      -62.52481       -60.1764      -57.90258
      -55.70144      -53.57105      -51.50948      -49.51482
      -47.58515      -45.71856      -43.91312      -42.16694
      -40.47817      -38.84498      -37.26561      -35.73838
      -34.26169        -32.834      -31.45389      -30.12001
      -28.83111        -27.586      -26.38357       -25.2228
       -24.1027      -23.02233      -21.98078      -20.97721
      -20.01077      -19.08063      -18.18597        -17.326
      -16.49989      -15.70682      -14.94598      -14.21655
      -13.51769      -12.84854      -12.20827        -11.596
      -11.01088      -10.45201      -9.918538      -9.409578
       -8.92425      -8.461682      -8.021022        -7.6014
      -7.201974      -6.821919      -6.460422      -6.116684
      -5.789931       -5.47942      -5.184418      -4.904221
      -4.638157      -4.385584      -4.145873      -3.918433
      -3.702708      -3.498159      -3.304274      -3.120574
      -2.946617      -2.781961      -2.626202      -2.478969
      -2.339901      -2.208651      -2.084904      -1.968371
      -1.858753      -1.755778      -1.659202      -1.568778
      -1.484268      -1.405454      -1.332139       -1.26411
      -1.201177      -1.143174      -1.089926      -1.041267
     -0.9970541     -0.9571574     -0.9214358     -0.8897719
     -0.8620716     -0.8382263     -0.8181448      -0.801755
     -0.7889893     -0.7797617     -0.7740577
   331
       194.1643       -2699804       -1325529        -867728
      -639041.8      -501998.4      -410773.9      -345729.5
      -297045.8      -259267.7      -229122.1      -204526.2
      -184091.3      -166856.3      -152134.5      -139422.3
      -128342.3      -118605.7      -109987.8      -102311.5
      -95434.79      -89243.03      -83642.25       -78554.9
      -73916.34      -69672.29      -65776.81       -62190.8
      -58880.74      -55817.74      -52976.76      -50336.01
      -47876.41      -45581.23      -43435.69       -41426.7
      -39542.64      -37773.15      -36108.96      -34541.76
      -33064.07      -31669.14      -30350.87      -29103.74
      -27922.73      -26803.25      -25741.14      -24732.58
      -23774.09      -22862.44       -21994.7      -21168.14
      -20380.28      -19628.79      -18911.54      -18226.55
      -17571.98      -16946.12      -16347.39      -15774.31
       -15225.5      -14699.68      -14195.65      -13712.28
      -13248.52      -12803.39      -12375.97      -11965.38
      -11570.82      -11191.51      -10826.74      -10475.82
      -10138.12      -9813.021      -9499.965       -9198.41
      -8907.846       -8627.79      -8357.786      -8097.402
      -7846.227      -7603.873      -7369.971      -7144.171
      -6926.139      -6715.561      -6512.134      -6315.572
      -6125.603      -5941.967      -5764.418      -5592.718
      -5426.644       -5265.98      -5110.522      -4960.074
      -4814.449      -4673.469      -4536.962      -4404.766
      -4276.724      -4152.686      -4032.509      -3916.056
      -3803.196      -3693.802      -3587.753      -3484.935
      -3385.234      -3288.546      -3194.767      -3103.799
      -3015.548      -2929.922      -2846.835      -2766.202
      -2687.944      -2611.981      -2538.241      -2466.651
      -2397.141      -2329.646      -2264.101      -2200.444
      -2138.616      -2078.559      -2020.219      -1963.541
      -1908.475      -1854.971       -1802.98      -1752.457
      -1703.357      -1655.637      -1609.255      -1564.171
      -1520.346      -1477.743      -1436.325      -1396.058
      -1356.907       -1318.84      -1281.824      -1245.829
      -1210.826      -1176.785      -1143.679      -1111.481
      -1080.164      -1049.704      -1020.075       -991.255
        -963.22      -935.9481      -909.4178      -883.6081
      -858.4988      -834.0705      -810.3042      -787.1814
      -764.6846      -742.7964      -721.5001      -700.7797
      -680.6194      -661.0042      -641.9193      -623.3505
      -605.2839      -587.7063      -570.6045       -553.966
      -537.7785      -522.0302      -506.7093      -491.8047
      -477.3053      -463.2004      -449.4797      -436.1329
      -423.1502      -410.5218      -398.2383      -386.2906
      -374.6697      -363.3669      -352.3737      -341.6818
      -331.2833      -321.1704      -311.3355      -301.7714
      -292.4709      -283.4273      -274.6338      -266.0841
      -257.7719      -249.6912      -241.8361       -234.201
      -226.7804      -219.5689      -212.5614      -205.7527
      -199.1379      -192.7122      -186.4709      -180.4093
       -174.523      -168.8074      -163.2584      -157.8714
      -152.6424      -147.5673      -142.6418       -137.862
       -133.224      -128.7239      -124.3578      -120.1219
      -116.0127      -112.0265      -108.1597       -104.409
      -100.7708      -97.24205      -93.81948      -90.50002
      -87.28072      -84.15872      -81.13129       -78.1958
      -75.34974      -72.59074      -69.91651      -67.32489
      -64.81379      -62.38124       -60.0253      -57.74411
      -55.53583      -53.39866      -51.33078      -49.33036
      -47.39557      -45.52456      -43.71543      -41.96633
      -40.27538      -38.64074      -37.06061      -35.53325
      -34.05698      -32.63022      -31.25146      -29.91929
       -28.6324      -27.38955      -26.18958       -25.0314
        -23.914      -22.83642      -21.79771        -20.797
      -19.83344      -18.90617      -18.01437      -17.15722
      -16.33391      -15.54361       -14.7855      -14.05876
      -13.36255      -12.69602      -12.05832      -11.44859
      -10.86597      -10.30957      -9.778546      -9.272008
      -8.789081        -8.3289      -7.890617      -7.473369
      -7.076318      -6.698646      -6.339549      -5.998232
       -5.67393      -5.365909      -5.073443      -4.795838
      -4.532431      -4.282589      -4.045692      -3.821159
      -3.608443      -3.407013      -3.216365      -3.036027
      -2.865562       -2.70453       -2.55253      -2.409189
       -2.27414       -2.14703      -2.027531      -1.915341
      -1.810139      -1.711635      -1.619557      -1.533632
      -1.453592       -1.37919      -1.310197       -1.24637
      -1.187492      -1.133369      -1.083802      -1.038605
     -0.9976171     -0.9606928     -0.9276805     -0.8984541
     -0.8729136     -0.8509476     -0.8324636     -0.8173904
     -0.8056626     -0.7971974     -0.7919849
