#--------  atom file: au.au  -  start   --------
       3                                                       #NL
     0.3484850       0.053030       0.010714  
      79            2.924329      2.924329
     -0.02789                                                !EF
      0.0                                            !Potential Shift
      0                                              !Swap spin
      2                                              !NS   
   409
       669.0425       -7899107       -3892410       -2557380
       -1890263       -1490307       -1223928       -1033876
      -891525.6      -780973.6      -692678.6      -620568.6
      -560595.6      -509957.3      -466651.9      -429211.5
      -396535.3      -367781.3      -342294.8      -319558.9
      -299160.1      -280763.7      -264095.7        -248930
      -235078.1      -222381.6      -210706.5      -199938.8
      -189980.7      -180747.7        -172167      -164174.8
      -156715.5      -149740.3      -143205.8        -137074
      -131310.9      -125886.2      -120772.7      -115946.3
        -111385      -107069.1      -102980.8      -99103.82
      -95423.51      -91926.47      -88600.47      -85434.33
      -82417.81      -79541.49      -76796.72      -74175.55
      -71670.61      -69275.11      -66982.77      -64787.75
      -62684.65      -60668.45      -58734.46      -56878.33
         -55096      -53383.66      -51737.78      -50155.03
       -48632.3      -47166.68      -45755.43      -44395.97
      -43085.89      -41822.91      -40604.89      -39429.79
      -38295.72      -37200.88      -36143.55      -35122.14
      -34135.11      -33181.03      -32258.52      -31366.28
       -30503.1       -29667.8      -28859.26      -28076.44
      -27318.32      -26583.97      -25872.45      -25182.91
      -24514.53       -23866.5      -23238.09      -22628.57
      -22037.26       -21463.5      -20906.67      -20366.16
      -19841.41      -19331.86      -18836.98      -18356.29
      -17889.29      -17435.52      -16994.53      -16565.91
      -16149.24      -15744.13       -15350.2      -14967.09
      -14594.46      -14231.96      -13879.29      -13536.12
      -13202.15      -12877.12      -12560.72      -12252.71
      -11952.82      -11660.81      -11376.44      -11099.48
      -10829.71      -10566.91      -10310.88      -10061.42
      -9818.338      -9581.451      -9350.578      -9125.546
       -8906.19      -8692.346      -8483.861      -8280.582
      -8082.364      -7889.067      -7700.554      -7516.693
      -7337.357      -7162.422      -6991.769      -6825.282
      -6662.848      -6504.359       -6349.71      -6198.799
      -6051.526      -5907.796      -5767.516      -5630.596
      -5496.946      -5366.484      -5239.125      -5114.791
      -4993.403      -4874.885      -4759.164      -4646.169
      -4535.831      -4428.082      -4322.858      -4220.094
       -4119.73      -4021.706      -3925.962      -3832.444
      -3741.097      -3651.867      -3564.702      -3479.553
       -3396.37      -3315.107      -3235.717      -3158.155
      -3082.379      -3008.345      -2936.012      -2865.341
      -2796.293      -2728.829      -2662.912      -2598.507
      -2535.578      -2474.091      -2414.012       -2355.31
      -2297.952      -2241.908      -2187.146      -2133.638
      -2081.355      -2030.268      -1980.351      -1931.575
      -1883.917      -1837.349      -1791.846      -1747.386
      -1703.943      -1661.495       -1620.02      -1579.495
      -1539.899      -1501.211      -1463.412       -1426.48
      -1390.398      -1355.146      -1320.706       -1287.06
      -1254.191      -1222.081      -1190.715      -1160.075
      -1130.147      -1100.914      -1072.362      -1044.475
      -1017.238      -990.6381      -964.6605      -939.2917
      -914.5182       -890.327      -866.7052      -843.6405
      -821.1206      -799.1338      -777.6684      -756.7134
      -736.2576      -716.2906       -696.802      -677.7815
      -659.2195      -641.1061       -623.432       -606.188
      -589.3648      -572.9537      -556.9458      -541.3324
      -526.1051      -511.2553      -496.7748      -482.6553
      -468.8886      -455.4669       -442.382      -429.6263
      -417.1919      -405.0714      -393.2572       -381.742
      -370.5188      -359.5806      -348.9205      -338.5321
      -328.4087      -318.5444      -308.9331       -299.569
      -290.4464      -281.5601      -272.9047      -264.4751
      -256.2664      -248.2738      -240.4923      -232.9173
      -225.5443      -218.3684      -211.3853      -204.5905
      -197.9794      -191.5479      -185.2916      -179.2065
      -173.2886      -167.5341      -161.9393      -156.5008
      -151.2151      -146.0791      -141.0898      -136.2443
      -131.5396      -126.9731      -122.5421       -118.244
      -114.0763      -110.0364      -106.1218      -102.3299
      -98.65816       -95.1041      -91.66498      -88.33826
      -85.12125       -82.0112      -79.00549      -76.10127
      -73.29585       -70.5864      -67.97014      -65.44434
      -63.00617      -60.65294      -58.38189      -56.19036
      -54.07574      -52.03541       -50.0669      -48.16773
      -46.33554      -44.56802      -42.86293      -41.21817
       -39.6316      -38.10128      -36.62527      -35.20169
      -33.82883      -32.50488      -31.22825      -29.99729
      -28.81045      -27.66625      -26.56316      -25.49985
      -24.47485      -23.48687      -22.53461      -21.61679
      -20.73227       -19.8798      -19.05834      -18.26677
      -17.50409      -16.76933      -16.06149       -15.3798
      -14.72328       -14.0912      -13.48273      -12.89713
      -12.33373      -11.79174       -11.2706      -10.76958
      -10.28809      -9.825525      -9.381245      -8.954764
      -8.545406      -8.152716      -7.776087       -7.41501
      -7.068992      -6.737458      -6.420019      -6.116077
      -5.825239      -5.546994      -5.280894      -5.026532
      -4.783404      -4.551198      -4.329398      -4.117681
      -3.915626       -3.72286      -3.539059      -3.363805
      -3.196861      -3.037804      -2.886387      -2.742277
      -2.605182      -2.474861      -2.350979      -2.233379
      -2.121719      -2.015833      -1.915462      -1.820399
      -1.730469      -1.645422      -1.565162      -1.489428
      -1.418123      -1.351051      -1.288081      -1.229091
       -1.17391      -1.122488      -1.074632      -1.030309
     -0.9893686     -0.9517455     -0.9173567     -0.8860973
     -0.8579479     -0.8327744     -0.8105888     -0.7912718
      -0.774812     -0.7611468     -0.7502254     -0.7419853
     -0.7365046
   409
       669.0425       -7899107       -3892410       -2557380
       -1890263       -1490307       -1223928       -1033876
      -891525.6      -780973.6      -692678.6      -620568.6
      -560595.6      -509957.3      -466651.9      -429211.5
      -396535.3      -367781.3      -342294.8      -319558.9
      -299160.1      -280763.7      -264095.7        -248930
      -235078.1      -222381.6      -210706.5      -199938.8
      -189980.7      -180747.7        -172167      -164174.8
      -156715.5      -149740.3      -143205.8        -137074
      -131310.9      -125886.2      -120772.7      -115946.3
        -111385      -107069.1      -102980.8      -99103.82
      -95423.51      -91926.47      -88600.47      -85434.33
      -82417.81      -79541.49      -76796.72      -74175.55
      -71670.61      -69275.11      -66982.77      -64787.75
      -62684.65      -60668.45      -58734.46      -56878.33
         -55096      -53383.66      -51737.78      -50155.03
       -48632.3      -47166.68      -45755.43      -44395.97
      -43085.89      -41822.91      -40604.89      -39429.79
      -38295.72      -37200.88      -36143.55      -35122.14
      -34135.11      -33181.03      -32258.52      -31366.28
       -30503.1       -29667.8      -28859.26      -28076.44
      -27318.32      -26583.97      -25872.45      -25182.91
      -24514.53       -23866.5      -23238.09      -22628.57
      -22037.26       -21463.5      -20906.67      -20366.16
      -19841.41      -19331.86      -18836.98      -18356.29
      -17889.29      -17435.52      -16994.53      -16565.91
      -16149.24      -15744.13       -15350.2      -14967.09
      -14594.46      -14231.96      -13879.29      -13536.12
      -13202.15      -12877.12      -12560.72      -12252.71
      -11952.82      -11660.81      -11376.44      -11099.48
      -10829.71      -10566.91      -10310.88      -10061.42
      -9818.338      -9581.451      -9350.578      -9125.546
       -8906.19      -8692.346      -8483.861      -8280.582
      -8082.364      -7889.067      -7700.554      -7516.693
      -7337.357      -7162.422      -6991.769      -6825.282
      -6662.848      -6504.359       -6349.71      -6198.799
      -6051.526      -5907.796      -5767.516      -5630.596
      -5496.946      -5366.484      -5239.125      -5114.791
      -4993.403      -4874.885      -4759.164      -4646.169
      -4535.831      -4428.082      -4322.858      -4220.094
       -4119.73      -4021.706      -3925.962      -3832.444
      -3741.097      -3651.867      -3564.702      -3479.553
       -3396.37      -3315.107      -3235.717      -3158.155
      -3082.379      -3008.345      -2936.012      -2865.341
      -2796.293      -2728.829      -2662.912      -2598.507
      -2535.578      -2474.091      -2414.012       -2355.31
      -2297.952      -2241.908      -2187.146      -2133.638
      -2081.355      -2030.268      -1980.351      -1931.575
      -1883.917      -1837.349      -1791.846      -1747.386
      -1703.943      -1661.495       -1620.02      -1579.495
      -1539.899      -1501.211      -1463.412       -1426.48
      -1390.398      -1355.146      -1320.706       -1287.06
      -1254.191      -1222.081      -1190.715      -1160.075
      -1130.147      -1100.914      -1072.362      -1044.475
      -1017.238      -990.6381      -964.6605      -939.2917
      -914.5182       -890.327      -866.7052      -843.6405
      -821.1206      -799.1338      -777.6684      -756.7134
      -736.2576      -716.2906       -696.802      -677.7815
      -659.2195      -641.1061       -623.432       -606.188
      -589.3648      -572.9537      -556.9458      -541.3324
      -526.1051      -511.2553      -496.7748      -482.6553
      -468.8886      -455.4669       -442.382      -429.6263
      -417.1919      -405.0714      -393.2572       -381.742
      -370.5188      -359.5806      -348.9205      -338.5321
      -328.4087      -318.5444      -308.9331       -299.569
      -290.4464      -281.5601      -272.9047      -264.4751
      -256.2664      -248.2738      -240.4923      -232.9173
      -225.5443      -218.3684      -211.3853      -204.5905
      -197.9794      -191.5479      -185.2916      -179.2065
      -173.2886      -167.5341      -161.9393      -156.5008
      -151.2151      -146.0791      -141.0898      -136.2443
      -131.5396      -126.9731      -122.5421       -118.244
      -114.0763      -110.0364      -106.1218      -102.3299
      -98.65816       -95.1041      -91.66498      -88.33826
      -85.12125       -82.0112      -79.00549      -76.10127
      -73.29585       -70.5864      -67.97014      -65.44434
      -63.00617      -60.65294      -58.38189      -56.19036
      -54.07574      -52.03541       -50.0669      -48.16773
      -46.33554      -44.56802      -42.86293      -41.21817
       -39.6316      -38.10128      -36.62527      -35.20169
      -33.82883      -32.50488      -31.22825      -29.99729
      -28.81045      -27.66625      -26.56316      -25.49985
      -24.47485      -23.48687      -22.53461      -21.61679
      -20.73227       -19.8798      -19.05834      -18.26677
      -17.50409      -16.76933      -16.06149       -15.3798
      -14.72328       -14.0912      -13.48273      -12.89713
      -12.33373      -11.79174       -11.2706      -10.76958
      -10.28809      -9.825525      -9.381245      -8.954764
      -8.545406      -8.152716      -7.776087       -7.41501
      -7.068992      -6.737458      -6.420019      -6.116077
      -5.825239      -5.546994      -5.280894      -5.026532
      -4.783404      -4.551198      -4.329398      -4.117681
      -3.915626       -3.72286      -3.539059      -3.363805
      -3.196861      -3.037804      -2.886387      -2.742277
      -2.605182      -2.474861      -2.350979      -2.233379
      -2.121719      -2.015833      -1.915462      -1.820399
      -1.730469      -1.645422      -1.565162      -1.489428
      -1.418123      -1.351051      -1.288081      -1.229091
       -1.17391      -1.122488      -1.074632      -1.030309
     -0.9893686     -0.9517455     -0.9173567     -0.8860973
     -0.8579479     -0.8327744     -0.8105888     -0.7912718
      -0.774812     -0.7611468     -0.7502254     -0.7419853
     -0.7365046
