POT:
  305    2    0.030000    2.906164
 5.102993160D+00 5.102992160D+00 5.102992160D+00 5.102992160D+00 5.102992160D+00
 5.102992160D+00 5.102992160D+00 5.102992160D+00 5.102992160D+00 5.102992160D+00
 5.102992160D+00 5.102992160D+00 5.102992160D+00 5.102992160D+00 5.102992160D+00
 5.102992160D+00 5.102992160D+00 5.102992160D+00 5.102992160D+00 5.102992160D+00
 5.102992160D+00 5.102992160D+00 5.102992160D+00 5.102992160D+00 5.102992160D+00
 5.102992160D+00 5.102992160D+00 5.102992160D+00 5.102992160D+00 5.102992160D+00
 5.102992160D+00 5.102992160D+00 5.102992160D+00 5.102992160D+00 5.102992160D+00
 5.102992160D+00 5.102992160D+00 5.102992160D+00 5.102992160D+00 5.102992160D+00
 5.102992160D+00 5.102992160D+00 5.102992160D+00 5.102992160D+00 5.102992160D+00
 5.102992160D+00 5.102992160D+00 5.102992160D+00 5.102992160D+00 5.102992160D+00
 5.102992160D+00 5.102992160D+00 5.102992160D+00 5.102992160D+00 5.102992160D+00
 5.102992160D+00 5.102992160D+00 5.102992160D+00 5.102992160D+00 5.102992160D+00
 5.102992160D+00 5.102992160D+00 5.102992160D+00 5.102992160D+00 5.102992160D+00
 5.102992160D+00 5.102992160D+00 5.102992160D+00 5.102992160D+00 5.102992160D+00
 5.102992160D+00 5.102992160D+00 5.102992160D+00 5.102992160D+00 5.102992160D+00
 5.102992160D+00 5.102992160D+00 5.102992160D+00 5.102992160D+00 5.102992160D+00
 5.102992160D+00 5.102992160D+00 5.102992160D+00 5.102992160D+00 5.102992160D+00
 5.102992160D+00 5.102992160D+00 5.102992160D+00 5.102992160D+00 5.102992160D+00
 5.102992160D+00 5.102992160D+00 5.102992160D+00 5.102992160D+00 5.102992160D+00
 5.102992160D+00 5.102992160D+00 5.102992160D+00 5.102992160D+00 5.102992160D+00
 5.102992160D+00 5.102992160D+00 5.102992160D+00 5.102992160D+00 5.102992160D+00
 5.102992160D+00 5.102992160D+00 5.102992160D+00 5.102992160D+00 5.102992160D+00
 5.102992160D+00 5.102992160D+00 5.102992160D+00 5.102992160D+00 5.102992160D+00
 5.102992160D+00 5.102992160D+00 5.102992160D+00 5.102992160D+00 5.102992160D+00
 5.102992160D+00 5.102992160D+00 5.102992160D+00 5.102992160D+00 5.102992160D+00
 5.102992160D+00 5.102992160D+00 5.102992160D+00 5.102992160D+00 5.102992160D+00
 5.102992160D+00 5.102992160D+00 5.102992160D+00 5.102992160D+00 5.102992160D+00
 5.102992160D+00 5.102992160D+00 5.102992160D+00 5.102992160D+00 5.102992160D+00
 5.102992160D+00 5.102992160D+00 5.102992160D+00 5.102992160D+00 5.102992160D+00
 5.102992160D+00 5.102992160D+00 5.102992160D+00 5.102992160D+00 5.102992160D+00
 5.102992160D+00 5.102992160D+00 5.102992160D+00 5.102992160D+00 5.102992160D+00
 5.102992160D+00 5.102992160D+00 5.102992160D+00 5.102992160D+00 5.102992160D+00
 5.102992160D+00 5.102992160D+00 5.102992160D+00 5.102992160D+00 5.102992160D+00
 5.102992160D+00 5.102992160D+00 5.102992160D+00 5.102992160D+00 5.102992160D+00
 5.102992160D+00 5.102992160D+00 5.102992160D+00 5.102992160D+00 5.102992160D+00
 5.102992160D+00 5.102992160D+00 5.102992160D+00 5.102992160D+00 5.102992160D+00
 5.102992160D+00 5.102992160D+00 5.102992160D+00 5.102992160D+00 5.102992160D+00
 5.102992160D+00 5.102992160D+00 5.102992160D+00 5.102992160D+00 5.102992160D+00
 5.102992160D+00 5.102992160D+00 5.102992160D+00 5.102992160D+00 5.102992160D+00
 5.102992160D+00 5.102992160D+00 5.102992160D+00 5.102992160D+00 5.102992160D+00
 5.102992160D+00 5.102992160D+00 5.102992160D+00 5.102992160D+00 5.102992160D+00
 5.102992160D+00 5.102992160D+00 5.102992160D+00 5.102992160D+00 5.102992160D+00
 5.102992160D+00 5.102992160D+00 5.102992160D+00 5.102992160D+00 5.102992160D+00
 5.102992160D+00 5.102992160D+00 5.102992160D+00 5.102992160D+00 5.102992160D+00
 5.102992160D+00 5.102992160D+00 5.102992160D+00 5.102992160D+00 5.102992160D+00
 5.102992160D+00 5.102992160D+00 5.102992160D+00 5.102992160D+00 5.102992160D+00
 5.102992160D+00 5.102992160D+00 5.102992160D+00 5.102992160D+00 5.102992160D+00
 5.102992160D+00 5.102992160D+00 5.102992160D+00 5.102992160D+00 5.102992160D+00
 5.102992160D+00 5.102992160D+00 5.102992160D+00 5.102992160D+00 5.102992160D+00
 5.102992160D+00 5.102992160D+00 5.102992160D+00 5.102992160D+00 5.102992160D+00
 5.102992160D+00 5.102992160D+00 5.102992160D+00 5.102992160D+00 5.102992160D+00
 5.102992160D+00 5.102992160D+00 5.102992160D+00 5.102992160D+00 5.102992160D+00
 5.102992160D+00 5.102992160D+00 5.102992160D+00 5.102992160D+00 5.102992160D+00
 5.102992160D+00 5.102992160D+00 5.102992160D+00 5.102992160D+00 5.102992160D+00
 5.102992160D+00 5.102992160D+00 5.102992160D+00 5.102992160D+00 5.102992160D+00
 5.102992160D+00 5.102992160D+00 5.102992160D+00 5.102992160D+00 5.102992160D+00
 5.102992160D+00 5.102992160D+00 5.102992160D+00 5.102992160D+00 5.102992160D+00
 5.102992160D+00 5.102992160D+00 5.102992160D+00 5.102992160D+00 5.102992160D+00
 5.102992160D+00 5.102992160D+00 5.102992160D+00 5.102992160D+00 5.102992160D+00
 5.102992160D+00 5.102992160D+00 5.102992160D+00 5.102992160D+00 5.102992160D+00
 5.102992160D+00 5.102992160D+00 5.102992160D+00 5.102992160D+00 5.102992160D+00
 5.102992160D+00 5.102992160D+00 5.102992160D+00 5.102992160D+00 5.102992160D+00
 5.102992160D+00 5.102992160D+00 5.102992160D+00 5.102992160D+00 5.102992160D+00
 5.102992160D+00 5.102992160D+00 5.102992160D+00 5.102992160D+00 5.102992160D+00
 5.102992160D+00 5.102992160D+00 5.102992160D+00 5.102992160D+00 5.102992160D+00
 5.102992160D+00 5.102992160D+00 5.102992160D+00 5.102992160D+00 5.102992160D+00
 5.102992160D+00 5.102992160D+00 5.102992160D+00 5.102992160D+00 5.102992160D+00
 5.102992160D+00 5.102992160D+00 5.102992160D+00 5.102992160D+00 5.102992160D+00
 5.102992160D+00 5.102992160D+00 5.102992160D+00 5.102992160D+00 5.102992160D+00
 5.102992160D+00 5.102992160D+00 5.102992160D+00 5.102992160D+00 5.102992160D+00
 5.102992160D+00 5.102992160D+00 5.102992160D+00 5.102992160D+00 5.102992160D+00
 5.102992160D+00 5.102992160D+00 5.102992160D+00 5.102992160D+00 5.102992160D+00
 5.102992160D+00 5.102992160D+00 5.102992160D+00 5.102992160D+00 5.102992160D+00
 5.102992160D+00 5.102992160D+00 5.102992160D+00 5.102992160D+00 5.102992160D+00
 5.102992160D+00 5.102992160D+00 5.102992160D+00 5.102992160D+00 5.102992160D+00
 5.102992160D+00 5.102992160D+00 5.102992160D+00 5.102992160D+00 5.102992160D+00
 5.102992160D+00 5.102992160D+00 5.102992160D+00 5.102992160D+00 5.102992160D+00
 5.102992160D+00 5.102992160D+00 5.102992160D+00 5.102992160D+00 5.102992160D+00
 5.102992160D+00 5.102992160D+00 5.102992160D+00 5.102992160D+00 5.102992160D+00
 5.102992160D+00 5.102992160D+00 5.102992160D+00 5.102992160D+00 5.102992160D+00
 5.102992160D+00 5.102992160D+00 5.102992160D+00 5.102992160D+00 5.102992160D+00
 5.102992160D+00 5.102992160D+00 5.102992160D+00 5.102992160D+00 5.102992160D+00
 5.102992160D+00 5.102992160D+00 5.102992160D+00 5.102992160D+00 5.102992160D+00
 5.102992160D+00 5.102992160D+00 5.102992160D+00 5.102992160D+00 5.102992160D+00
 5.102992160D+00 5.102992160D+00 5.102992160D+00 5.102992160D+00 5.102992160D+00
 5.102992160D+00 5.102992160D+00 5.102992160D+00 5.102992160D+00 5.102992160D+00
 5.102992160D+00 5.102992160D+00 5.102992160D+00 5.102992160D+00 5.102992160D+00
 5.102992160D+00 5.102992160D+00 5.102992160D+00 5.102992160D+00 5.102992160D+00
 5.102992160D+00 5.102992160D+00 5.102992160D+00 5.102992160D+00 5.102992160D+00
 5.102992160D+00 5.102992160D+00 5.102992160D+00 5.102992160D+00 5.102992160D+00
 5.102992160D+00 5.102992160D+00 5.102992160D+00 5.102992160D+00 5.102992160D+00
 5.102992160D+00 5.102992160D+00 5.102992160D+00 5.102992160D+00 5.102992160D+00
 5.102992160D+00 5.102992160D+00 5.102992160D+00 5.102992160D+00 5.102992160D+00
 5.102992160D+00 5.102992160D+00 5.102992160D+00 5.102992160D+00 5.102992160D+00
 5.102992160D+00 5.102992160D+00 5.102992160D+00 5.102992160D+00 5.102992160D+00
 5.102992160D+00 5.102992160D+00 5.102992160D+00 5.102992160D+00 5.102992160D+00
 5.102992160D+00 5.102992160D+00 5.102992160D+00 5.102992160D+00 5.102992160D+00
 5.102992160D+00 5.102992160D+00 5.102992160D+00 5.102992160D+00 5.102992160D+00
 5.102992160D+00 5.102992160D+00 5.102992160D+00 5.102992160D+00 5.102992160D+00
 5.102992160D+00 5.102992160D+00 5.102992160D+00 5.102992160D+00 5.102992160D+00
 5.102992160D+00 5.102992160D+00 5.102992160D+00 5.102992160D+00 5.102992160D+00
 5.102992160D+00 5.102992160D+00 5.102992160D+00 5.102992160D+00 5.102992160D+00
 5.102992160D+00 5.102992160D+00 5.102992160D+00 5.102992160D+00 5.102992160D+00
 5.102992160D+00 5.102992160D+00 5.102992160D+00 5.102992160D+00 5.102992160D+00
 5.102992160D+00 5.102992160D+00 5.102992160D+00 5.102992160D+00 5.102992160D+00
 5.102992160D+00 5.102992160D+00 5.102992160D+00 5.102992160D+00 5.102992160D+00
 5.102992160D+00 5.102992160D+00 5.102992160D+00 5.102992160D+00 5.102992160D+00
 5.102992160D+00 5.102992160D+00 5.102992160D+00 5.102992160D+00 5.102992160D+00
 5.102992160D+00 5.102992160D+00 5.102992160D+00 5.102992160D+00 5.102992160D+00
 5.102992160D+00 5.102992160D+00 5.102992160D+00 5.102992160D+00 5.102992160D+00
 5.102992160D+00 5.102992160D+00 5.102992160D+00 5.102992160D+00 5.102992160D+00
 5.102992160D+00 5.102992160D+00 5.102992160D+00 5.102992160D+00 5.102992160D+00
 5.102992160D+00 5.102992160D+00 5.102992160D+00 5.102992160D+00 5.102992160D+00
 5.102992160D+00 5.102992160D+00 5.102992160D+00 5.102992160D+00 5.102992160D+00
 5.102992160D+00 5.102992160D+00 5.102992160D+00 5.102992160D+00 5.102992160D+00
 5.102992160D+00 5.102992160D+00 5.102992160D+00 5.102992160D+00 5.102992160D+00
 5.102992160D+00 5.102992160D+00 5.102992160D+00 5.102992160D+00 5.102992160D+00
 5.102992160D+00 5.102992160D+00 5.102992160D+00 5.102992160D+00 5.102992160D+00
 5.102992160D+00 5.102992160D+00 5.102992160D+00 5.102992160D+00 5.102992160D+00
 5.102992160D+00 5.102992160D+00 5.102992160D+00 5.102992160D+00 5.102992160D+00
 5.102992160D+00 5.102992160D+00 5.102992160D+00 5.102992160D+00 5.102992160D+00
 5.102992160D+00 5.102992160D+00 5.102992160D+00 5.102992160D+00 5.102992160D+00
