POT:
  305    2    0.030000    2.996392
 0.680398954D+00 0.680398954D+00 0.680398954D+00 0.680398954D+00 0.680398954D+00
 0.680398954D+00 0.680398954D+00 0.680398954D+00 0.680398954D+00 0.680398954D+00
 0.680398954D+00 0.680398954D+00 0.680398954D+00 0.680398954D+00 0.680398954D+00
 0.680398954D+00 0.680398954D+00 0.680398954D+00 0.680398954D+00 0.680398954D+00
 0.680398954D+00 0.680398954D+00 0.680398954D+00 0.680398954D+00 0.680398954D+00
 0.680398954D+00 0.680398954D+00 0.680398954D+00 0.680398954D+00 0.680398954D+00
 0.680398954D+00 0.680398954D+00 0.680398954D+00 0.680398954D+00 0.680398954D+00
 0.680398954D+00 0.680398954D+00 0.680398954D+00 0.680398954D+00 0.680398954D+00
 0.680398954D+00 0.680398954D+00 0.680398954D+00 0.680398954D+00 0.680398954D+00
 0.680398954D+00 0.680398954D+00 0.680398954D+00 0.680398954D+00 0.680398954D+00
 0.680398954D+00 0.680398954D+00 0.680398954D+00 0.680398954D+00 0.680398954D+00
 0.680398954D+00 0.680398954D+00 0.680398954D+00 0.680398954D+00 0.680398954D+00
 0.680398954D+00 0.680398954D+00 0.680398954D+00 0.680398954D+00 0.680398954D+00
 0.680398954D+00 0.680398954D+00 0.680398954D+00 0.680398954D+00 0.680398954D+00
 0.680398954D+00 0.680398954D+00 0.680398954D+00 0.680398954D+00 0.680398954D+00
 0.680398954D+00 0.680398954D+00 0.680398954D+00 0.680398954D+00 0.680398954D+00
 0.680398954D+00 0.680398954D+00 0.680398954D+00 0.680398954D+00 0.680398954D+00
 0.680398954D+00 0.680398954D+00 0.680398954D+00 0.680398954D+00 0.680398954D+00
 0.680398954D+00 0.680398954D+00 0.680398954D+00 0.680398954D+00 0.680398954D+00
 0.680398954D+00 0.680398954D+00 0.680398954D+00 0.680398954D+00 0.680398954D+00
 0.680398954D+00 0.680398954D+00 0.680398954D+00 0.680398954D+00 0.680398954D+00
 0.680398954D+00 0.680398954D+00 0.680398954D+00 0.680398954D+00 0.680398954D+00
 0.680398954D+00 0.680398954D+00 0.680398954D+00 0.680398954D+00 0.680398954D+00
 0.680398954D+00 0.680398954D+00 0.680398954D+00 0.680398954D+00 0.680398954D+00
 0.680398954D+00 0.680398954D+00 0.680398954D+00 0.680398954D+00 0.680398954D+00
 0.680398954D+00 0.680398954D+00 0.680398954D+00 0.680398954D+00 0.680398954D+00
 0.680398954D+00 0.680398954D+00 0.680398954D+00 0.680398954D+00 0.680398954D+00
 0.680398954D+00 0.680398954D+00 0.680398954D+00 0.680398954D+00 0.680398954D+00
 0.680398954D+00 0.680398954D+00 0.680398954D+00 0.680398954D+00 0.680398954D+00
 0.680398954D+00 0.680398954D+00 0.680398954D+00 0.680398954D+00 0.680398954D+00
 0.680398954D+00 0.680398954D+00 0.680398954D+00 0.680398954D+00 0.680398954D+00
 0.680398954D+00 0.680398954D+00 0.680398954D+00 0.680398954D+00 0.680398954D+00
 0.680398954D+00 0.680398954D+00 0.680398954D+00 0.680398954D+00 0.680398954D+00
 0.680398954D+00 0.680398954D+00 0.680398954D+00 0.680398954D+00 0.680398954D+00
 0.680398954D+00 0.680398954D+00 0.680398954D+00 0.680398954D+00 0.680398954D+00
 0.680398954D+00 0.680398954D+00 0.680398954D+00 0.680398954D+00 0.680398954D+00
 0.680398954D+00 0.680398954D+00 0.680398954D+00 0.680398954D+00 0.680398954D+00
 0.680398954D+00 0.680398954D+00 0.680398954D+00 0.680398954D+00 0.680398954D+00
 0.680398954D+00 0.680398954D+00 0.680398954D+00 0.680398954D+00 0.680398954D+00
 0.680398954D+00 0.680398954D+00 0.680398954D+00 0.680398954D+00 0.680398954D+00
 0.680398954D+00 0.680398954D+00 0.680398954D+00 0.680398954D+00 0.680398954D+00
 0.680398954D+00 0.680398954D+00 0.680398954D+00 0.680398954D+00 0.680398954D+00
 0.680398954D+00 0.680398954D+00 0.680398954D+00 0.680398954D+00 0.680398954D+00
 0.680398954D+00 0.680398954D+00 0.680398954D+00 0.680398954D+00 0.680398954D+00
 0.680398954D+00 0.680398954D+00 0.680398954D+00 0.680398954D+00 0.680398954D+00
 0.680398954D+00 0.680398954D+00 0.680398954D+00 0.680398954D+00 0.680398954D+00
 0.680398954D+00 0.680398954D+00 0.680398954D+00 0.680398954D+00 0.680398954D+00
 0.680398954D+00 0.680398954D+00 0.680398954D+00 0.680398954D+00 0.680398954D+00
 0.680398954D+00 0.680398954D+00 0.680398954D+00 0.680398954D+00 0.680398954D+00
 0.680398954D+00 0.680398954D+00 0.680398954D+00 0.680398954D+00 0.680398954D+00
 0.680398954D+00 0.680398954D+00 0.680398954D+00 0.680398954D+00 0.680398954D+00
 0.680398954D+00 0.680398954D+00 0.680398954D+00 0.680398954D+00 0.680398954D+00
 0.680398954D+00 0.680398954D+00 0.680398954D+00 0.680398954D+00 0.680398954D+00
 0.680398954D+00 0.680398954D+00 0.680398954D+00 0.680398954D+00 0.680398954D+00
 0.680398954D+00 0.680398954D+00 0.680398954D+00 0.680398954D+00 0.680398954D+00
 0.680398954D+00 0.680398954D+00 0.680398954D+00 0.680398954D+00 0.680398954D+00
 0.680398954D+00 0.680398954D+00 0.680398954D+00 0.680398954D+00 0.680398954D+00
 0.680398954D+00 0.680398954D+00 0.680398954D+00 0.680398954D+00 0.680398954D+00
 0.680398954D+00 0.680398954D+00 0.680398954D+00 0.680398954D+00 0.680398954D+00
 0.680398954D+00 0.680398954D+00 0.680398954D+00 0.680398954D+00 0.680398954D+00
 0.680398954D+00 0.680398954D+00 0.680398954D+00 0.680398954D+00 0.680398954D+00
 0.680398954D+00 0.680398954D+00 0.680398954D+00 0.680398954D+00 0.680398954D+00
 0.680398954D+00 0.680398954D+00 0.680398954D+00 0.680398954D+00 0.680398954D+00
 0.680398954D+00 0.680398954D+00 0.680398954D+00 0.680398954D+00 0.680398954D+00
 0.680398954D+00 0.680398954D+00 0.680398954D+00 0.680398954D+00 0.680398954D+00
 0.680398954D+00 0.680398954D+00 0.680398954D+00 0.680398954D+00 0.680398954D+00
 0.680398954D+00 0.680398954D+00 0.680398954D+00 0.680398954D+00 0.680398954D+00
 0.680398954D+00 0.680398954D+00 0.680398954D+00 0.680398954D+00 0.680398954D+00
 0.680398954D+00 0.680398954D+00 0.680398954D+00 0.680398954D+00 0.680398954D+00
 0.680398954D+00 0.680398954D+00 0.680398954D+00 0.680398954D+00 0.680398954D+00
 0.680398954D+00 0.680398954D+00 0.680398954D+00 0.680398954D+00 0.680398954D+00
 0.680398954D+00 0.680398954D+00 0.680398954D+00 0.680398954D+00 0.680398954D+00
 0.680398954D+00 0.680398954D+00 0.680398954D+00 0.680398954D+00 0.680398954D+00
 0.680398954D+00 0.680398954D+00 0.680398954D+00 0.680398954D+00 0.680398954D+00
 0.680398954D+00 0.680398954D+00 0.680398954D+00 0.680398954D+00 0.680398954D+00
 0.680398954D+00 0.680398954D+00 0.680398954D+00 0.680398954D+00 0.680398954D+00
 0.680398954D+00 0.680398954D+00 0.680398954D+00 0.680398954D+00 0.680398954D+00
 0.680398954D+00 0.680398954D+00 0.680398954D+00 0.680398954D+00 0.680398954D+00
 0.680398954D+00 0.680398954D+00 0.680398954D+00 0.680398954D+00 0.680398954D+00
 0.680398954D+00 0.680398954D+00 0.680398954D+00 0.680398954D+00 0.680398954D+00
 0.680398954D+00 0.680398954D+00 0.680398954D+00 0.680398954D+00 0.680398954D+00
 0.680398954D+00 0.680398954D+00 0.680398954D+00 0.680398954D+00 0.680398954D+00
 0.680398954D+00 0.680398954D+00 0.680398954D+00 0.680398954D+00 0.680398954D+00
 0.680398954D+00 0.680398954D+00 0.680398954D+00 0.680398954D+00 0.680398954D+00
 0.680398954D+00 0.680398954D+00 0.680398954D+00 0.680398954D+00 0.680398954D+00
 0.680398954D+00 0.680398954D+00 0.680398954D+00 0.680398954D+00 0.680398954D+00
 0.680398954D+00 0.680398954D+00 0.680398954D+00 0.680398954D+00 0.680398954D+00
 0.680398954D+00 0.680398954D+00 0.680398954D+00 0.680398954D+00 0.680398954D+00
 0.680398954D+00 0.680398954D+00 0.680398954D+00 0.680398954D+00 0.680398954D+00
 0.680398954D+00 0.680398954D+00 0.680398954D+00 0.680398954D+00 0.680398954D+00
 0.680398954D+00 0.680398954D+00 0.680398954D+00 0.680398954D+00 0.680398954D+00
 0.680398954D+00 0.680398954D+00 0.680398954D+00 0.680398954D+00 0.680398954D+00
 0.680398954D+00 0.680398954D+00 0.680398954D+00 0.680398954D+00 0.680398954D+00
 0.680398954D+00 0.680398954D+00 0.680398954D+00 0.680398954D+00 0.680398954D+00
 0.680398954D+00 0.680398954D+00 0.680398954D+00 0.680398954D+00 0.680398954D+00
 0.680398954D+00 0.680398954D+00 0.680398954D+00 0.680398954D+00 0.680398954D+00
 0.680398954D+00 0.680398954D+00 0.680398954D+00 0.680398954D+00 0.680398954D+00
 0.680398954D+00 0.680398954D+00 0.680398954D+00 0.680398954D+00 0.680398954D+00
 0.680398954D+00 0.680398954D+00 0.680398954D+00 0.680398954D+00 0.680398954D+00
 0.680398954D+00 0.680398954D+00 0.680398954D+00 0.680398954D+00 0.680398954D+00
 0.680398954D+00 0.680398954D+00 0.680398954D+00 0.680398954D+00 0.680398954D+00
 0.680398954D+00 0.680398954D+00 0.680398954D+00 0.680398954D+00 0.680398954D+00
 0.680398954D+00 0.680398954D+00 0.680398954D+00 0.680398954D+00 0.680398954D+00
 0.680398954D+00 0.680398954D+00 0.680398954D+00 0.680398954D+00 0.680398954D+00
 0.680398954D+00 0.680398954D+00 0.680398954D+00 0.680398954D+00 0.680398954D+00
 0.680398954D+00 0.680398954D+00 0.680398954D+00 0.680398954D+00 0.680398954D+00
 0.680398954D+00 0.680398954D+00 0.680398954D+00 0.680398954D+00 0.680398954D+00
 0.680398954D+00 0.680398954D+00 0.680398954D+00 0.680398954D+00 0.680398954D+00
 0.680398954D+00 0.680398954D+00 0.680398954D+00 0.680398954D+00 0.680398954D+00
 0.680398954D+00 0.680398954D+00 0.680398954D+00 0.680398954D+00 0.680398954D+00
 0.680398954D+00 0.680398954D+00 0.680398954D+00 0.680398954D+00 0.680398954D+00
 0.680398954D+00 0.680398954D+00 0.680398954D+00 0.680398954D+00 0.680398954D+00
 0.680398954D+00 0.680398954D+00 0.680398954D+00 0.680398954D+00 0.680398954D+00
 0.680398954D+00 0.680398954D+00 0.680398954D+00 0.680398954D+00 0.680398954D+00
 0.680398954D+00 0.680398954D+00 0.680398954D+00 0.680398954D+00 0.680398954D+00
 0.680398954D+00 0.680398954D+00 0.680398954D+00 0.680398954D+00 0.680398954D+00
 0.680398954D+00 0.680398954D+00 0.680398954D+00 0.680398954D+00 0.680398954D+00
 0.680398954D+00 0.680398954D+00 0.680398954D+00 0.680398954D+00 0.680398954D+00
 0.680398954D+00 0.680398954D+00 0.680398954D+00 0.680398954D+00 0.680398954D+00
 0.680398954D+00 0.680398954D+00 0.680398954D+00 0.680398954D+00 0.680398954D+00
 0.680398954D+00 0.680398954D+00 0.680398954D+00 0.680398954D+00 0.680398954D+00
 0.680398954D+00 0.680398954D+00 0.680398954D+00 0.680398954D+00 0.680398954D+00
