#--------  atom file: mn.mn  -  start   --------
       3                                                       #NL
     0.3484850       0.053030       0.010714  
      25            2.604651      2.604651
     0.055411                                                !EF
      0.0                                            !Potential Shift
      0                                              !Swap spin
      2                                              !NS   
   327
       173.0991       -2499826       -1226997      -802998.9
      -591204.3      -464288.2        -379809      -319577.3
      -274498.5      -239520.2      -211610.9      -188841.3
      -169925.6      -153973.2      -140348.5      -128584.8
      -118332.7      -109324.6      -101352.5      -94252.21
      -87892.44      -82166.86      -76988.48      -72285.47
      -67997.95      -64075.68      -60476.09      -57162.98
      -54105.31       -51276.3      -48652.79      -46214.59
      -43944.04      -41825.63      -39845.68      -37992.07
      -36254.05      -34622.01      -33087.37      -31642.45
       -30280.3      -28994.69      -27779.97      -26631.03
      -25543.21      -24512.27      -23534.36      -22605.95
      -21723.79      -20884.93      -20086.63      -19326.39
      -18601.88      -17910.97      -17251.67      -16622.16
      -16020.74      -15445.82      -14895.95      -14369.74
      -13865.94      -13383.34      -12920.84       -12477.4
      -12052.05      -11643.88      -11252.03       -10875.7
      -10514.14      -10166.64      -9832.532      -9511.187
      -9202.014      -8904.455      -8617.982      -8342.098
       -8076.33      -7820.234      -7573.389      -7335.394
       -7105.87       -6884.46      -6670.822      -6464.633
      -6265.586      -6073.388      -5887.762      -5708.444
      -5535.182      -5367.736      -5205.879      -5049.392
      -4898.069      -4751.711       -4610.13      -4473.145
      -4340.583      -4212.281       -4088.08       -3967.83
      -3851.387      -3738.614      -3629.377      -3523.551
      -3421.015      -3321.653      -3225.353      -3132.008
      -3041.517      -2953.782      -2868.707      -2786.202
      -2706.181       -2628.56      -2553.259      -2480.201
      -2409.311      -2340.519      -2273.755      -2208.954
      -2146.052      -2084.989      -2025.704      -1968.142
      -1912.248       -1857.97      -1805.255      -1754.057
      -1704.326      -1656.019      -1609.091      -1563.499
      -1519.203      -1476.163      -1434.342      -1393.701
      -1354.207      -1315.824      -1278.519       -1242.26
      -1207.016      -1172.757      -1139.454      -1107.079
      -1075.604      -1045.004      -1015.252      -986.3253
      -958.1984      -930.8489      -904.2542      -878.3927
      -853.2435      -828.7862      -805.0012      -781.8693
      -759.3722      -737.4919      -716.2112      -695.5132
      -675.3817      -655.8011       -636.756      -618.2317
      -600.2139      -582.6887      -565.6429      -549.0633
      -532.9374      -517.2529      -501.9982      -487.1616
      -472.7321      -458.6988      -445.0512      -431.7791
      -418.8725      -406.3218      -394.1176      -382.2505
      -370.7117      -359.4924      -348.5841      -337.9784
      -327.6672      -317.6426      -307.8968      -298.4225
      -289.2122      -280.2589      -271.5557      -263.0959
      -254.8731       -246.881      -239.1134      -231.5647
       -224.229      -217.1009      -210.1751      -203.4463
      -196.9097      -190.5603      -184.3935      -178.4046
      -172.5893      -166.9432       -161.462      -156.1416
       -150.978      -145.9672      -141.1052      -136.3882
      -131.8125      -127.3744      -123.0702      -118.8962
       -114.849       -110.925      -107.1208       -103.433
      -99.85829      -96.39332       -93.0349      -89.77987
      -86.62515      -83.56773      -80.60467      -77.73313
      -74.95035      -72.25366      -69.64052      -67.10845
      -64.65511      -62.27826      -59.97577       -57.7456
      -55.58584      -53.49465      -51.47028      -49.51104
      -47.61532      -45.78153       -44.0081      -42.29344
      -40.63598      -39.03414      -37.48626      -35.99071
      -34.54581      -33.14992      -31.80136      -30.49852
      -29.23983      -28.02379      -26.84896      -25.71399
      -24.61764      -23.55872      -22.53614       -21.5489
      -20.59606      -19.67674      -18.79012      -17.93541
      -17.11188      -16.31882      -15.55552      -14.82131
      -14.11552      -13.43748      -12.78652      -12.16195
      -11.56313      -10.98935      -10.43991      -9.914125
      -9.411296      -8.930697      -8.471611      -8.033325
      -7.615127      -7.216289      -6.836099      -6.473858
      -6.128869      -5.800441      -5.487905      -5.190612
      -4.907921      -4.639213      -4.383894        -4.1414
      -3.911174      -3.692693      -3.485461      -3.289011
      -3.102886      -2.926664      -2.759954      -2.602375
      -2.453568      -2.313198      -2.180959      -2.056537
      -1.939643      -1.830006      -1.727363      -1.631447
      -1.542006       -1.45881      -1.381611      -1.310176
      -1.244285      -1.183729      -1.128292      -1.077779
      -1.032014     -0.9908212     -0.9540375     -0.9215195
      -0.893146     -0.8687877     -0.8483391     -0.8317148
     -0.8188318        -0.8096     -0.8039901
   327
       173.0991       -2499826       -1226997      -802998.9
      -591204.3      -464288.2        -379809      -319577.3
      -274498.5      -239520.2      -211610.9      -188841.3
      -169925.6      -153973.2      -140348.5      -128584.8
      -118332.7      -109324.6      -101352.5      -94252.21
      -87892.44      -82166.86      -76988.48      -72285.47
      -67997.95      -64075.68      -60476.09      -57162.98
      -54105.31       -51276.3      -48652.79      -46214.59
      -43944.04      -41825.63      -39845.68      -37992.07
      -36254.05      -34622.01      -33087.37      -31642.45
       -30280.3      -28994.69      -27779.97      -26631.03
      -25543.21      -24512.27      -23534.36      -22605.95
      -21723.79      -20884.93      -20086.63      -19326.39
      -18601.88      -17910.97      -17251.67      -16622.16
      -16020.74      -15445.82      -14895.95      -14369.74
      -13865.94      -13383.34      -12920.84       -12477.4
      -12052.05      -11643.88      -11252.03       -10875.7
      -10514.14      -10166.64      -9832.532      -9511.187
      -9202.014      -8904.455      -8617.982      -8342.098
       -8076.33      -7820.234      -7573.389      -7335.394
       -7105.87       -6884.46      -6670.822      -6464.633
      -6265.586      -6073.388      -5887.762      -5708.444
      -5535.182      -5367.736      -5205.879      -5049.392
      -4898.069      -4751.711       -4610.13      -4473.145
      -4340.583      -4212.281       -4088.08       -3967.83
      -3851.387      -3738.614      -3629.377      -3523.551
      -3421.015      -3321.653      -3225.353      -3132.008
      -3041.517      -2953.782      -2868.707      -2786.202
      -2706.181       -2628.56      -2553.259      -2480.201
      -2409.311      -2340.519      -2273.755      -2208.954
      -2146.052      -2084.989      -2025.704      -1968.142
      -1912.248       -1857.97      -1805.255      -1754.057
      -1704.326      -1656.019      -1609.091      -1563.499
      -1519.203      -1476.163      -1434.342      -1393.701
      -1354.207      -1315.824      -1278.519       -1242.26
      -1207.016      -1172.757      -1139.454      -1107.079
      -1075.604      -1045.004      -1015.252      -986.3253
      -958.1984      -930.8489      -904.2542      -878.3927
      -853.2435      -828.7862      -805.0012      -781.8693
      -759.3722      -737.4919      -716.2112      -695.5132
      -675.3817      -655.8011       -636.756      -618.2317
      -600.2139      -582.6887      -565.6429      -549.0633
      -532.9374      -517.2529      -501.9982      -487.1616
      -472.7321      -458.6988      -445.0512      -431.7791
      -418.8725      -406.3218      -394.1176      -382.2505
      -370.7117      -359.4924      -348.5841      -337.9784
      -327.6672      -317.6426      -307.8968      -298.4225
      -289.2122      -280.2589      -271.5557      -263.0959
      -254.8731       -246.881      -239.1134      -231.5647
       -224.229      -217.1009      -210.1751      -203.4463
      -196.9097      -190.5603      -184.3935      -178.4046
      -172.5893      -166.9432       -161.462      -156.1416
       -150.978      -145.9672      -141.1052      -136.3882
      -131.8125      -127.3744      -123.0702      -118.8962
       -114.849       -110.925      -107.1208       -103.433
      -99.85829      -96.39332       -93.0349      -89.77987
      -86.62515      -83.56773      -80.60467      -77.73313
      -74.95035      -72.25366      -69.64052      -67.10845
      -64.65511      -62.27826      -59.97577       -57.7456
      -55.58584      -53.49465      -51.47028      -49.51104
      -47.61532      -45.78153       -44.0081      -42.29344
      -40.63598      -39.03414      -37.48626      -35.99071
      -34.54581      -33.14992      -31.80136      -30.49852
      -29.23983      -28.02379      -26.84896      -25.71399
      -24.61764      -23.55872      -22.53614       -21.5489
      -20.59606      -19.67674      -18.79012      -17.93541
      -17.11188      -16.31882      -15.55552      -14.82131
      -14.11552      -13.43748      -12.78652      -12.16195
      -11.56313      -10.98935      -10.43991      -9.914125
      -9.411296      -8.930697      -8.471611      -8.033325
      -7.615127      -7.216289      -6.836099      -6.473858
      -6.128869      -5.800441      -5.487905      -5.190612
      -4.907921      -4.639213      -4.383894        -4.1414
      -3.911174      -3.692693      -3.485461      -3.289011
      -3.102886      -2.926664      -2.759954      -2.602375
      -2.453568      -2.313198      -2.180959      -2.056537
      -1.939643      -1.830006      -1.727363      -1.631447
      -1.542006       -1.45881      -1.381611      -1.310176
      -1.244285      -1.183729      -1.128292      -1.077779
      -1.032014     -0.9908212     -0.9540375     -0.9215195
      -0.893146     -0.8687877     -0.8483391     -0.8317148
     -0.8188318        -0.8096     -0.8039901
