#--------  atom file: v.v  -  start   --------
     3                                                       #NL
   0.3484850       0.053030       0.010714  
    23            2.791309      2.791309
   -0.01281                                                !EF
    0.0                                            !Potential Shift
    0                                              !Swap spin
    2                                              !NS   
   325
       152.9731       -2299846       -1128452      -738252.3
      -543347.7      -426558.3      -348824.1      -293405.1
      -251931.5      -219753.2      -194080.4      -173137.6
      -155741.3      -141072.1      -128544.7        -117730
      -108306.1      -100026.9      -92700.95      -86177.19
      -80334.72       -75075.7       -70320.1       -66001.8
      -62065.71      -58465.57      -55162.23      -52122.37
      -49317.42      -46722.76      -44317.04      -42081.71
      -40000.52      -38059.19      -36245.13      -34547.19
      -32955.49      -31461.18      -30056.37      -28733.98
      -27487.64       -26311.6      -25200.68      -24150.16
      -23155.76      -22213.59      -21320.11      -20472.05
      -19666.45      -18900.58      -18171.93      -17478.18
      -16817.22      -16187.06       -15585.9      -15012.05
      -14463.95      -13940.14      -13439.28      -12960.11
      -12501.46      -12062.23      -11641.41      -11238.04
      -10851.24      -10480.15      -10124.01      -9782.061
      -9453.626       -9138.05      -8834.722      -8543.063
      -8262.531      -7992.613      -7732.826      -7482.711
      -7241.837      -7009.796        -6786.2      -6570.683
      -6362.898      -6162.515      -5969.222      -5782.724
      -5602.737      -5428.995      -5261.242      -5099.237
       -4942.75       -4791.56       -4645.46      -4504.249
      -4367.737      -4235.744      -4108.096      -3984.629
      -3865.185      -3749.612      -3637.767      -3529.513
      -3424.717      -3323.254      -3225.002      -3129.847
      -3037.677      -2948.387      -2861.875      -2778.043
      -2696.798      -2618.051      -2541.715      -2467.708
      -2395.951      -2326.366      -2258.882      -2193.428
      -2129.936      -2068.342      -2008.582      -1950.596
      -1894.328      -1839.721      -1786.721      -1735.277
      -1685.339       -1636.86      -1589.793      -1544.093
      -1499.718      -1456.627      -1414.779      -1374.136
      -1334.661      -1296.318      -1259.072      -1222.891
      -1187.741      -1153.592      -1120.413      -1088.175
      -1056.851      -1026.412       -996.833       -968.088
      -940.1525      -913.0026      -886.6154      -860.9683
        -836.04      -811.8093      -788.2561      -765.3608
      -743.1043      -721.4683      -700.4349      -679.9869
      -660.1076      -640.7808      -621.9909      -603.7225
      -585.9611      -568.6925      -551.9027      -535.5785
      -519.7069      -504.2755       -489.272      -474.6849
      -460.5026      -446.7143      -433.3091      -420.2769
      -407.6075      -395.2913      -383.3188      -371.6808
      -360.3684       -349.373       -338.686      -328.2992
      -318.2047      -308.3946      -298.8611       -289.597
      -280.5948      -271.8476      -263.3483      -255.0901
      -247.0666      -239.2714      -231.6982      -224.3409
      -217.1938      -210.2512      -203.5076      -196.9576
      -190.5963      -184.4185      -178.4195      -172.5947
      -166.9396      -161.4499      -156.1212      -150.9497
      -145.9311      -141.0618       -136.338      -131.7559
       -127.312      -123.0027      -118.8246      -114.7744
      -110.8486      -107.0439      -103.3573      -99.78533
        -96.325      -92.97316      -89.72672      -86.58267
      -83.53802      -80.58982      -77.73517      -74.97122
      -72.29519      -69.70433      -67.19597      -64.76751
      -62.41642      -60.14024      -57.93662      -55.80327
      -53.73802      -51.73878      -49.80358      -47.93054
      -46.11789      -44.36396      -42.66716      -41.02603
      -39.43912       -37.9051      -36.42264      -34.99047
      -33.60729      -32.27179      -30.98265      -29.73853
      -28.53799      -27.37961      -26.26192      -25.18347
       -24.1428      -23.13849      -22.16917      -21.23355
      -20.33041       -19.4586      -18.61707      -17.80486
      -17.02108      -16.26489      -15.53555      -14.83235
      -14.15466      -13.50182      -12.87327      -12.26844
      -11.68676       -11.1277      -10.59072      -10.07527
       -9.58082      -9.106816      -8.652706      -8.217941
      -7.801955      -7.404172      -7.024019      -6.660926
      -6.314312      -5.983592      -5.668192      -5.367549
      -5.081094      -4.808269      -4.548532      -4.301362
       -4.06624      -3.842668      -3.630172      -3.428302
      -3.236619       -3.05471      -2.882188      -2.718694
      -2.563877      -2.417416       -2.27901      -2.148385
      -2.025263      -1.909394      -1.800542      -1.698477
      -1.602965      -1.513784      -1.430724      -1.353561
      -1.282073      -1.216044      -1.155268      -1.099525
      -1.048611      -1.002329      -0.960501     -0.9229439
     -0.8894974     -0.8600198     -0.8343821     -0.8124623
     -0.7941587     -0.7793899     -0.7680753     -0.7601354
     -0.7555398
   325
       152.9731       -2299846       -1128452      -738252.3
      -543347.7      -426558.3      -348824.1      -293405.1
      -251931.5      -219753.2      -194080.4      -173137.6
      -155741.3      -141072.1      -128544.7        -117730
      -108306.1      -100026.9      -92700.95      -86177.19
      -80334.72       -75075.7       -70320.1       -66001.8
      -62065.71      -58465.57      -55162.23      -52122.37
      -49317.42      -46722.76      -44317.04      -42081.71
      -40000.52      -38059.19      -36245.13      -34547.19
      -32955.49      -31461.18      -30056.37      -28733.98
      -27487.64       -26311.6      -25200.68      -24150.16
      -23155.76      -22213.59      -21320.11      -20472.05
      -19666.45      -18900.58      -18171.93      -17478.18
      -16817.22      -16187.06       -15585.9      -15012.05
      -14463.95      -13940.14      -13439.28      -12960.11
      -12501.46      -12062.23      -11641.41      -11238.04
      -10851.24      -10480.15      -10124.01      -9782.061
      -9453.626       -9138.05      -8834.722      -8543.063
      -8262.531      -7992.613      -7732.826      -7482.711
      -7241.837      -7009.796        -6786.2      -6570.683
      -6362.898      -6162.515      -5969.222      -5782.724
      -5602.737      -5428.995      -5261.242      -5099.237
       -4942.75       -4791.56       -4645.46      -4504.249
      -4367.737      -4235.744      -4108.096      -3984.629
      -3865.185      -3749.612      -3637.767      -3529.513
      -3424.717      -3323.254      -3225.002      -3129.847
      -3037.677      -2948.387      -2861.875      -2778.043
      -2696.798      -2618.051      -2541.715      -2467.708
      -2395.951      -2326.366      -2258.882      -2193.428
      -2129.936      -2068.342      -2008.582      -1950.596
      -1894.328      -1839.721      -1786.721      -1735.277
      -1685.339       -1636.86      -1589.793      -1544.093
      -1499.718      -1456.627      -1414.779      -1374.136
      -1334.661      -1296.318      -1259.072      -1222.891
      -1187.741      -1153.592      -1120.413      -1088.175
      -1056.851      -1026.412       -996.833       -968.088
      -940.1525      -913.0026      -886.6154      -860.9683
        -836.04      -811.8093      -788.2561      -765.3608
      -743.1043      -721.4683      -700.4349      -679.9869
      -660.1076      -640.7808      -621.9909      -603.7225
      -585.9611      -568.6925      -551.9027      -535.5785
      -519.7069      -504.2755       -489.272      -474.6849
      -460.5026      -446.7143      -433.3091      -420.2769
      -407.6075      -395.2913      -383.3188      -371.6808
      -360.3684       -349.373       -338.686      -328.2992
      -318.2047      -308.3946      -298.8611       -289.597
      -280.5948      -271.8476      -263.3483      -255.0901
      -247.0666      -239.2714      -231.6982      -224.3409
      -217.1938      -210.2512      -203.5076      -196.9576
      -190.5963      -184.4185      -178.4195      -172.5947
      -166.9396      -161.4499      -156.1212      -150.9497
      -145.9311      -141.0618       -136.338      -131.7559
       -127.312      -123.0027      -118.8246      -114.7744
      -110.8486      -107.0439      -103.3573      -99.78533
        -96.325      -92.97316      -89.72672      -86.58267
      -83.53802      -80.58982      -77.73517      -74.97122
      -72.29519      -69.70433      -67.19597      -64.76751
      -62.41642      -60.14024      -57.93662      -55.80327
      -53.73802      -51.73878      -49.80358      -47.93054
      -46.11789      -44.36396      -42.66716      -41.02603
      -39.43912       -37.9051      -36.42264      -34.99047
      -33.60729      -32.27179      -30.98265      -29.73853
      -28.53799      -27.37961      -26.26192      -25.18347
       -24.1428      -23.13849      -22.16917      -21.23355
      -20.33041       -19.4586      -18.61707      -17.80486
      -17.02108      -16.26489      -15.53555      -14.83235
      -14.15466      -13.50182      -12.87327      -12.26844
      -11.68676       -11.1277      -10.59072      -10.07527
       -9.58082      -9.106816      -8.652706      -8.217941
      -7.801955      -7.404172      -7.024019      -6.660926
      -6.314312      -5.983592      -5.668192      -5.367549
      -5.081094      -4.808269      -4.548532      -4.301362
       -4.06624      -3.842668      -3.630172      -3.428302
      -3.236619       -3.05471      -2.882188      -2.718694
      -2.563877      -2.417416       -2.27901      -2.148385
      -2.025263      -1.909394      -1.800542      -1.698477
      -1.602965      -1.513784      -1.430724      -1.353561
      -1.282073      -1.216044      -1.155268      -1.099525
      -1.048611      -1.002329      -0.960501     -0.9229439
     -0.8894974     -0.8600198     -0.8343821     -0.8124623
     -0.7941587     -0.7793899     -0.7680753     -0.7601354
     -0.7555398
