   --------  BULK SIDE: CU FCC  -  start   -------- 
     3                                           NL
   0.3484850       0.053030       0.010714       CU        NS=2
    29.00000       2.621000    				!Z, WSR
     -0.0440942d0					!Fermi Energy
     0.0d0						!Potential Shift
     0							!Swap spin
     2      						!NS 
   400                                                CU           IS=1
    0.000000      -2899782.      -1428824.      -938706.4    
   -693796.8      -546968.7      -449179.9      -379412.4    
   -327157.1      -286575.8      -254165.4      -227696.9    
   -205684.0      -187098.0      -171204.0      -157463.1    
   -145471.2      -134919.1      -125566.5      -117223.6    
   -109738.7      -102988.8      -96873.46      -91309.53    
   -86227.85      -81570.28      -77287.66      -73338.08    
   -69685.65      -66299.41      -63152.54      -60221.70    
   -57486.44      -54928.80      -52532.96      -50284.89    
   -48172.11      -46183.51      -44309.15      -42540.10    
   -40868.34      -39286.62      -37788.39      -36367.72    
   -35019.19      -33737.90      -32519.36      -31359.46    
   -30254.45      -29200.85      -28195.52      -27235.51    
   -26318.13      -25440.88      -24601.46      -23797.73    
   -23027.70      -22289.53      -21581.51      -20902.02    
   -20249.59      -19622.81      -19020.39      -18441.10    
   -17883.81      -17347.45      -16831.00      -16333.53    
   -15854.15      -15392.02      -14946.36      -14516.42    
   -14101.50      -13700.95      -13314.13      -12940.46    
   -12579.37      -12230.34      -11892.87      -11566.48    
   -11250.71      -10945.15      -10649.37      -10363.00    
   -10085.67      -9817.024      -9556.730      -9304.470    
   -9059.942      -8822.856      -8592.937      -8369.922    
   -8153.558      -7943.608      -7739.839      -7542.034    
   -7349.982      -7163.481      -6982.341      -6806.375    
   -6635.409      -6469.271      -6307.801      -6150.841    
   -5998.243      -5849.863      -5705.564      -5565.213    
   -5428.682      -5295.850      -5166.598      -5040.815    
   -4918.390      -4799.220      -4683.204      -4570.244    
   -4460.247      -4353.122      -4248.784      -4147.149    
   -4048.135      -3951.664      -3857.663      -3766.058    
   -3676.780      -3589.760      -3504.934      -3422.239    
   -3341.614      -3263.000      -3186.340      -3111.580    
   -3038.666      -2967.547      -2898.173      -2830.496    
   -2764.470      -2700.050      -2637.192      -2575.853    
   -2515.993      -2457.573      -2400.554      -2344.898    
   -2290.571      -2237.536      -2185.760      -2135.209    
   -2085.854      -2037.661      -1990.602      -1944.647    
   -1899.768      -1855.937      -1813.128      -1771.315    
   -1730.473      -1690.578      -1651.605      -1613.532    
   -1576.337      -1539.997      -1504.492      -1469.800    
   -1435.903      -1402.780      -1370.412      -1338.782    
   -1307.871      -1277.662      -1248.137      -1219.282    
   -1191.079      -1163.512      -1136.568      -1110.230    
   -1084.485      -1059.318      -1034.717      -1010.667    
   -987.1552      -964.1702      -941.6991      -919.7300    
   -898.2514      -877.2520      -856.7209      -836.6472    
   -817.0206      -797.8310      -779.0684      -760.7233    
   -742.7863      -725.2483      -708.1003      -691.3337    
   -674.9401      -658.9111      -643.2387      -627.9151    
   -612.9326      -598.2836      -583.9609      -569.9573    
   -556.2658      -542.8796      -529.7918      -516.9961    
   -504.4858      -492.2548      -480.2970      -468.6062    
   -457.1766      -446.0024      -435.0780      -424.3979    
   -413.9567      -403.7492      -393.7702      -384.0148    
   -374.4780      -365.1551      -356.0414      -347.1326    
   -338.4241      -329.9116      -321.5911      -313.4584    
   -305.5096      -297.7409      -290.1484      -282.7285    
   -275.4777      -268.3924      -261.4693      -254.7050    
   -248.0963      -241.6399      -235.3328      -229.1718    
   -223.1541      -217.2766      -211.5365      -205.9309    
   -200.4569      -195.1120      -189.8933      -184.7981    
   -179.8239      -174.9680      -170.2279      -165.6011    
   -161.0851      -156.6774      -152.3756      -148.1774    
   -144.0804      -140.0822      -136.1808      -132.3738    
   -128.6590      -125.0344      -121.4978      -118.0472    
   -114.6807      -111.3962      -108.1920      -105.0661    
   -102.0169      -99.04247      -96.14130      -93.31173    
   -90.55220      -87.86120      -85.23728      -82.67902    
   -80.18506      -77.75406      -75.38473      -73.07580    
   -70.82601      -68.63414      -66.49897      -64.41928    
   -62.39388      -60.42155      -58.50111      -56.63134    
   -54.81105      -53.03907      -51.31421      -49.63533    
   -48.00128      -46.41096      -44.86330      -43.35725    
   -41.89182      -40.46604      -39.07900      -37.72981    
   -36.41765      -35.14171      -33.90124      -32.69552    
   -31.52385      -30.38558      -29.28007      -28.20672    
   -27.16491      -26.15409      -25.17367      -24.22312    
   -23.30188      -22.40942      -21.54518      -20.70864    
   -19.89925      -19.11648      -18.35979      -17.62862    
   -16.92243      -16.24067      -15.58278      -14.94819    
   -14.33635      -13.74667      -13.17860      -12.63155    
   -12.10496      -11.59825      -11.11084      -10.64217    
   -10.19165      -9.758739      -9.342860      -8.943462    
   -8.559996      -8.191921      -7.838705      -7.499823    
   -7.174765      -6.863027      -6.564119      -6.277563    
   -6.002894      -5.739659      -5.487419      -5.245750    
   -5.014239      -4.792490      -4.580119      -4.376759    
   -4.182054      -3.995663      -3.817260      -3.646531    
   -3.483177      -3.326909      -3.177453      -3.034547    
   -2.898038      -2.767611      -2.643003      -2.523997    
   -2.410385      -2.301966      -2.198552      -2.099960    
   -2.006018      -1.916559      -1.831426      -1.750467    
   -1.673536      -1.600497      -1.531215      -1.465564    
   -1.403423      -1.344677      -1.289216      -1.236933    
   -1.187730      -1.141511      -1.098186      -1.057671    
   -1.019884     -0.9847516     -0.9522021     -0.9221698    
  -0.8945933     -0.8694160     -0.8465853     -0.8260532    
  -0.8077761     -0.7917141     -0.7778316     -0.7660966    
  -0.7564809     -0.7489600     -0.7435123     -0.7401199    
   400                                                CU           IS=1
    0.000000      -2899782.      -1428824.      -938706.4    
   -693796.8      -546968.7      -449179.9      -379412.4    
   -327157.1      -286575.8      -254165.4      -227696.9    
   -205684.0      -187098.0      -171204.0      -157463.1    
   -145471.2      -134919.1      -125566.5      -117223.6    
   -109738.7      -102988.8      -96873.46      -91309.53    
   -86227.85      -81570.28      -77287.66      -73338.08    
   -69685.65      -66299.41      -63152.54      -60221.70    
   -57486.44      -54928.80      -52532.96      -50284.89    
   -48172.11      -46183.51      -44309.15      -42540.10    
   -40868.34      -39286.62      -37788.39      -36367.72    
   -35019.19      -33737.90      -32519.36      -31359.46    
   -30254.45      -29200.85      -28195.52      -27235.51    
   -26318.13      -25440.88      -24601.46      -23797.73    
   -23027.70      -22289.53      -21581.51      -20902.02    
   -20249.59      -19622.81      -19020.39      -18441.10    
   -17883.81      -17347.45      -16831.00      -16333.53    
   -15854.15      -15392.02      -14946.36      -14516.42    
   -14101.50      -13700.95      -13314.13      -12940.46    
   -12579.37      -12230.34      -11892.87      -11566.48    
   -11250.71      -10945.15      -10649.37      -10363.00    
   -10085.67      -9817.024      -9556.730      -9304.470    
   -9059.942      -8822.856      -8592.937      -8369.922    
   -8153.558      -7943.608      -7739.839      -7542.034    
   -7349.982      -7163.481      -6982.341      -6806.375    
   -6635.409      -6469.271      -6307.801      -6150.841    
   -5998.243      -5849.863      -5705.564      -5565.213    
   -5428.682      -5295.850      -5166.598      -5040.815    
   -4918.390      -4799.220      -4683.204      -4570.244    
   -4460.247      -4353.122      -4248.784      -4147.149    
   -4048.135      -3951.664      -3857.663      -3766.058    
   -3676.780      -3589.760      -3504.934      -3422.239    
   -3341.614      -3263.000      -3186.340      -3111.580    
   -3038.666      -2967.547      -2898.173      -2830.496    
   -2764.470      -2700.050      -2637.192      -2575.853    
   -2515.993      -2457.573      -2400.554      -2344.898    
   -2290.571      -2237.536      -2185.760      -2135.209    
   -2085.854      -2037.661      -1990.602      -1944.647    
   -1899.768      -1855.937      -1813.128      -1771.315    
   -1730.473      -1690.578      -1651.605      -1613.532    
   -1576.337      -1539.997      -1504.492      -1469.800    
   -1435.903      -1402.780      -1370.412      -1338.782    
   -1307.871      -1277.662      -1248.137      -1219.282    
   -1191.079      -1163.512      -1136.568      -1110.230    
   -1084.485      -1059.318      -1034.717      -1010.667    
   -987.1552      -964.1702      -941.6991      -919.7300    
   -898.2514      -877.2520      -856.7209      -836.6472    
   -817.0206      -797.8310      -779.0684      -760.7233    
   -742.7863      -725.2483      -708.1003      -691.3337    
   -674.9401      -658.9111      -643.2387      -627.9151    
   -612.9326      -598.2836      -583.9609      -569.9573    
   -556.2658      -542.8796      -529.7918      -516.9961    
   -504.4858      -492.2548      -480.2970      -468.6062    
   -457.1766      -446.0024      -435.0780      -424.3979    
   -413.9567      -403.7492      -393.7702      -384.0148    
   -374.4780      -365.1551      -356.0414      -347.1326    
   -338.4241      -329.9116      -321.5911      -313.4584    
   -305.5096      -297.7409      -290.1484      -282.7285    
   -275.4777      -268.3924      -261.4693      -254.7050    
   -248.0963      -241.6399      -235.3328      -229.1718    
   -223.1541      -217.2766      -211.5365      -205.9309    
   -200.4569      -195.1120      -189.8933      -184.7981    
   -179.8239      -174.9680      -170.2279      -165.6011    
   -161.0851      -156.6774      -152.3756      -148.1774    
   -144.0804      -140.0822      -136.1808      -132.3738    
   -128.6590      -125.0344      -121.4978      -118.0472    
   -114.6807      -111.3962      -108.1920      -105.0661    
   -102.0169      -99.04247      -96.14130      -93.31173    
   -90.55220      -87.86120      -85.23728      -82.67902    
   -80.18506      -77.75406      -75.38473      -73.07580    
   -70.82601      -68.63414      -66.49897      -64.41928    
   -62.39388      -60.42155      -58.50111      -56.63134    
   -54.81105      -53.03907      -51.31421      -49.63533    
   -48.00128      -46.41096      -44.86330      -43.35725    
   -41.89182      -40.46604      -39.07900      -37.72981    
   -36.41765      -35.14171      -33.90124      -32.69552    
   -31.52385      -30.38558      -29.28007      -28.20672    
   -27.16491      -26.15409      -25.17367      -24.22312    
   -23.30188      -22.40942      -21.54518      -20.70864    
   -19.89925      -19.11648      -18.35979      -17.62862    
   -16.92243      -16.24067      -15.58278      -14.94819    
   -14.33635      -13.74667      -13.17860      -12.63155    
   -12.10496      -11.59825      -11.11084      -10.64217    
   -10.19165      -9.758739      -9.342860      -8.943462    
   -8.559996      -8.191921      -7.838705      -7.499823    
   -7.174765      -6.863027      -6.564119      -6.277563    
   -6.002894      -5.739659      -5.487419      -5.245750    
   -5.014239      -4.792490      -4.580119      -4.376759    
   -4.182054      -3.995663      -3.817260      -3.646531    
   -3.483177      -3.326909      -3.177453      -3.034547    
   -2.898038      -2.767611      -2.643003      -2.523997    
   -2.410385      -2.301966      -2.198552      -2.099960    
   -2.006018      -1.916559      -1.831426      -1.750467    
   -1.673536      -1.600497      -1.531215      -1.465564    
   -1.403423      -1.344677      -1.289216      -1.236933    
   -1.187730      -1.141511      -1.098186      -1.057671    
   -1.019884     -0.9847516     -0.9522021     -0.9221698    
  -0.8945933     -0.8694160     -0.8465853     -0.8260532    
  -0.8077761     -0.7917141     -0.7778316     -0.7660966    
  -0.7564809     -0.7489600     -0.7435123     -0.7401199    
