POT:
  305    1    0.030000    2.996392
 0.000000000D+00 0.680398954D+00 0.680398954D+00 0.680398954D+00 0.680398954D+00
 0.680398954D+00 0.680398954D+00 0.680398954D+00 0.680398954D+00 0.680398954D+00
 0.680398954D+00 0.680398954D+00 0.680398954D+00 0.680398954D+00 0.680398954D+00
 0.680398954D+00 0.680398954D+00 0.680398954D+00 0.680398954D+00 0.680398954D+00
 0.680398954D+00 0.680398954D+00 0.680398954D+00 0.680398954D+00 0.680398954D+00
 0.680398954D+00 0.680398954D+00 0.680398954D+00 0.680398954D+00 0.680398954D+00
 0.680398954D+00 0.680398954D+00 0.680398954D+00 0.680398954D+00 0.680398954D+00
 0.680398954D+00 0.680398954D+00 0.680398954D+00 0.680398954D+00 0.680398954D+00
 0.680398954D+00 0.680398954D+00 0.680398954D+00 0.680398954D+00 0.680398954D+00
 0.680398954D+00 0.680398954D+00 0.680398954D+00 0.680398954D+00 0.680398954D+00
 0.680398954D+00 0.680398954D+00 0.680398954D+00 0.680398954D+00 0.680398954D+00
 0.680398954D+00 0.680398954D+00 0.680398954D+00 0.680398954D+00 0.680398954D+00
 0.680398954D+00 0.680398954D+00 0.680398954D+00 0.680398954D+00 0.680398954D+00
 0.680398954D+00 0.680398954D+00 0.680398954D+00 0.680398954D+00 0.680398954D+00
 0.680398954D+00 0.680398954D+00 0.680398954D+00 0.680398954D+00 0.680398954D+00
 0.680398954D+00 0.680398954D+00 0.680398954D+00 0.680398954D+00 0.680398954D+00
 0.680398954D+00 0.680398954D+00 0.680398954D+00 0.680398954D+00 0.680398954D+00
 0.680398954D+00 0.680398954D+00 0.680398954D+00 0.680398954D+00 0.680398954D+00
 0.680398954D+00 0.680398954D+00 0.680398954D+00 0.680398954D+00 0.680398954D+00
 0.680398954D+00 0.680398954D+00 0.680398954D+00 0.680398954D+00 0.680398954D+00
 0.680398954D+00 0.680398954D+00 0.680398954D+00 0.680398954D+00 0.680398954D+00
 0.680398954D+00 0.680398954D+00 0.680398954D+00 0.680398954D+00 0.680398954D+00
 0.680398954D+00 0.680398954D+00 0.680398954D+00 0.680398954D+00 0.680398954D+00
 0.680398954D+00 0.680398954D+00 0.680398954D+00 0.680398954D+00 0.680398954D+00
 0.680398954D+00 0.680398954D+00 0.680398954D+00 0.680398954D+00 0.680398954D+00
 0.680398954D+00 0.680398954D+00 0.680398954D+00 0.680398954D+00 0.680398954D+00
 0.680398954D+00 0.680398954D+00 0.680398954D+00 0.680398954D+00 0.680398954D+00
 0.680398954D+00 0.680398954D+00 0.680398954D+00 0.680398954D+00 0.680398954D+00
 0.680398954D+00 0.680398954D+00 0.680398954D+00 0.680398954D+00 0.680398954D+00
 0.680398954D+00 0.680398954D+00 0.680398954D+00 0.680398954D+00 0.680398954D+00
 0.680398954D+00 0.680398954D+00 0.680398954D+00 0.680398954D+00 0.680398954D+00
 0.680398954D+00 0.680398954D+00 0.680398954D+00 0.680398954D+00 0.680398954D+00
 0.680398954D+00 0.680398954D+00 0.680398954D+00 0.680398954D+00 0.680398954D+00
 0.680398954D+00 0.680398954D+00 0.680398954D+00 0.680398954D+00 0.680398954D+00
 0.680398954D+00 0.680398954D+00 0.680398954D+00 0.680398954D+00 0.680398954D+00
 0.680398954D+00 0.680398954D+00 0.680398954D+00 0.680398954D+00 0.680398954D+00
 0.680398954D+00 0.680398954D+00 0.680398954D+00 0.680398954D+00 0.680398954D+00
 0.680398954D+00 0.680398954D+00 0.680398954D+00 0.680398954D+00 0.680398954D+00
 0.680398954D+00 0.680398954D+00 0.680398954D+00 0.680398954D+00 0.680398954D+00
 0.680398954D+00 0.680398954D+00 0.680398954D+00 0.680398954D+00 0.680398954D+00
 0.680398954D+00 0.680398954D+00 0.680398954D+00 0.680398954D+00 0.680398954D+00
 0.680398954D+00 0.680398954D+00 0.680398954D+00 0.680398954D+00 0.680398954D+00
 0.680398954D+00 0.680398954D+00 0.680398954D+00 0.680398954D+00 0.680398954D+00
 0.680398954D+00 0.680398954D+00 0.680398954D+00 0.680398954D+00 0.680398954D+00
 0.680398954D+00 0.680398954D+00 0.680398954D+00 0.680398954D+00 0.680398954D+00
 0.680398954D+00 0.680398954D+00 0.680398954D+00 0.680398954D+00 0.680398954D+00
 0.680398954D+00 0.680398954D+00 0.680398954D+00 0.680398954D+00 0.680398954D+00
 0.680398954D+00 0.680398954D+00 0.680398954D+00 0.680398954D+00 0.680398954D+00
 0.680398954D+00 0.680398954D+00 0.680398954D+00 0.680398954D+00 0.680398954D+00
 0.680398954D+00 0.680398954D+00 0.680398954D+00 0.680398954D+00 0.680398954D+00
 0.680398954D+00 0.680398954D+00 0.680398954D+00 0.680398954D+00 0.680398954D+00
 0.680398954D+00 0.680398954D+00 0.680398954D+00 0.680398954D+00 0.680398954D+00
 0.680398954D+00 0.680398954D+00 0.680398954D+00 0.680398954D+00 0.680398954D+00
 0.680398954D+00 0.680398954D+00 0.680398954D+00 0.680398954D+00 0.680398954D+00
 0.680398954D+00 0.680398954D+00 0.680398954D+00 0.680398954D+00 0.680398954D+00
 0.680398954D+00 0.680398954D+00 0.680398954D+00 0.680398954D+00 0.680398954D+00
 0.680398954D+00 0.680398954D+00 0.680398954D+00 0.680398954D+00 0.680398954D+00
 0.680398954D+00 0.680398954D+00 0.680398954D+00 0.680398954D+00 0.680398954D+00
 0.680398954D+00 0.680398954D+00 0.680398954D+00 0.680398954D+00 0.680398954D+00
 0.680398954D+00 0.680398954D+00 0.680398954D+00 0.680398954D+00 0.680398954D+00
 0.680398954D+00 0.680398954D+00 0.680398954D+00 0.680398954D+00 0.680398954D+00
