------------ GEOMETRY - FCC(111)  ---------------------------------
    20    2    3                                     NP,  NB, NMTR
    2.7                                               CUTRAT
    1.0            1.0           1.0                  SCALING FACTORS 
    0.50           0.5                               # 1ST TRANSL. VECTOR
   -0.50           0.5                               # 2ND TRANSL. VECTOR
    0.0            0.0          -1.00                  # PERP.TR. VECTOR
    0.0            0.0           1.00                  # PERP.TR. VECTOR
    0.0            0.0            0.0        
    0.0            0.5            0.5        
    0.0            0.0            1.0      
    0.0            0.5            1.5      
    0.0            0.0            2.0      
    0.0            0.5            2.5      
    0.0            0.0            3.0      
    0.0            0.5            3.5      
    0.0            0.0            4.0      
    0.0            0.5            4.5      
    0.0            0.0            5.0      
    0.0            0.5            5.5      
    0.0            0.0            6.0      
    0.0            0.5            6.5      
    0.0            0.0            7.0      
    0.0            0.5            7.5      
    0.0            0.0            8.0      
    0.0            0.5            8.5      
    0.0            0.0            9.0      
    0.0            0.5            9.5      
    0.0            0.0            10.0      
    0.0            0.5            10.5      
    0.0            0.0            11.0      
    0.0            0.5            11.5      
    0.0            0.0            12.0      
    0.0            0.5            12.5      
    0.0            0.0            13.0      
    0.0            0.5            13.5      
    0.0            0.0            14.0      
    0.0            0.5            14.5      
    0.0            0.0            15.0      
    0.0            0.5            15.5      
    0.0            0.0            16.0      
    0.0            0.5            16.5      
    0.0            0.0            17.0      
    0.0            0.5            17.5      
    0.0            0.0            18.0      
    0.0            0.5            18.5      
    0.0            0.0            19.0      
    0.0            0.5            19.5      
    0.0            0.0            20.0      
    0.0            0.5            20.5      
    0.0            0.0            21.0      
    0.0            0.5            21.5      
X----V----X----V----X----V----X----V----X----V----X----V----X----V----X





