0.3 0.000257934
0.301 0.000275182
0.302 0.000293695
0.303 0.000313577
0.304 0.000334937
0.305 0.000357899
0.306 0.000382596
0.307 0.000409171
0.308 0.000437785
0.309 0.00046861
0.31 0.000501836
0.311 0.000537672
0.312 0.000576346
0.313 0.000618108
0.314 0.000663236
0.315 0.000712029
0.316 0.00076482
0.317 0.00082198
0.318 0.000883911
0.319 0.00095106
0.32 0.00102392
0.321 0.00110304
0.322 0.00118902
0.323 0.00128254
0.324 0.00138433
0.325 0.00149523
0.326 0.00161614
0.327 0.00174811
0.328 0.00189226
0.329 0.00204987
0.33 0.00222236
0.331 0.00241131
0.332 0.00261852
0.333 0.00284597
0.334 0.0030959
0.335 0.00337083
0.336 0.00367356
0.337 0.00400728
0.338 0.00437557
0.339 0.00478243
0.34 0.00523241
0.341 0.00573059
0.342 0.00628272
0.343 0.00689527
0.344 0.0075755
0.345 0.00833153
0.346 0.00917253
0.347 0.0101087
0.348 0.0111513
0.349 0.0123128
0.35 0.0136071
0.351 0.015049
0.352 0.0166548
0.353 0.0184413
0.354 0.0204266
0.355 0.0226284
0.356 0.0250648
0.357 0.0277524
0.358 0.0307058
0.359 0.033937
0.36 0.0374535
0.361 0.0412577
0.362 0.0453458
0.363 0.0497075
0.364 0.0543252
0.365 0.0591754
0.366 0.064229
0.367 0.0694529
0.368 0.0748114
0.369 0.0802689
0.37 0.0857905
0.371 0.0913438
0.372 0.0969
0.373 0.102434
0.374 0.107927
0.375 0.11336
0.376 0.118723
0.377 0.124007
0.378 0.129206
0.379 0.134316
0.38 0.139338
0.381 0.144271
0.382 0.149118
0.383 0.153882
0.384 0.158565
0.385 0.163173
0.386 0.167709
0.387 0.172179
0.388 0.176589
0.389 0.180942
0.39 0.185243
0.391 0.189498
0.392 0.193708
0.393 0.197879
0.394 0.202015
0.395 0.20612
0.396 0.210199
0.397 0.214258
0.398 0.2183
0.399 0.22233
0.4 0.226349
0.401 0.23036
0.402 0.234363
0.403 0.23836
0.404 0.242353
0.405 0.246346
0.406 0.250342
0.407 0.254348
0.408 0.258369
0.409 0.262407
0.41 0.266466
0.411 0.270545
0.412 0.274642
0.413 0.278757
0.414 0.282888
0.415 0.287034
0.416 0.291196
0.417 0.295379
0.418 0.299587
0.419 0.303824
0.42 0.308098
0.421 0.312412
0.422 0.31677
0.423 0.32117
0.424 0.325611
0.425 0.330088
0.426 0.334596
0.427 0.339128
0.428 0.343681
0.429 0.348254
0.43 0.352848
0.431 0.35747
0.432 0.362127
0.433 0.366827
0.434 0.371579
0.435 0.376386
0.436 0.38125
0.437 0.386168
0.438 0.391132
0.439 0.396132
0.44 0.401159
