0.3 0.000321162
0.301 0.000342859
0.302 0.000366168
0.303 0.000391221
0.304 0.000418164
0.305 0.000447155
0.306 0.000478365
0.307 0.000511984
0.308 0.000548219
0.309 0.000587295
0.31 0.00062946
0.311 0.000674991
0.312 0.000724181
0.313 0.000777363
0.314 0.000834898
0.315 0.000897185
0.316 0.000964663
0.317 0.00103782
0.318 0.00111719
0.319 0.00120336
0.32 0.001297
0.321 0.00139883
0.322 0.00150965
0.323 0.00163037
0.324 0.00176198
0.325 0.00190558
0.326 0.00206242
0.327 0.00223387
0.328 0.00242147
0.329 0.00262693
0.33 0.00285217
0.331 0.00309935
0.332 0.00337089
0.333 0.00366948
0.334 0.00399815
0.335 0.00436032
0.336 0.00475982
0.337 0.00520095
0.338 0.00568854
0.339 0.006228
0.34 0.00682548
0.341 0.00748777
0.342 0.00822256
0.343 0.00903839
0.344 0.00994484
0.345 0.0109524
0.346 0.0120729
0.347 0.013319
0.348 0.0147049
0.349 0.0162454
0.35 0.0179566
0.351 0.0198551
0.352 0.0219582
0.353 0.0242827
0.354 0.026845
0.355 0.0296597
0.356 0.0327391
0.357 0.0360919
0.358 0.0397225
0.359 0.0436299
0.36 0.047807
0.361 0.0522404
0.362 0.0569106
0.363 0.0617923
0.364 0.0668564
0.365 0.0720702
0.366 0.0774
0.367 0.0828122
0.368 0.0882746
0.369 0.0937581
0.37 0.0992369
0.371 0.104689
0.372 0.110096
0.373 0.115444
0.374 0.120723
0.375 0.125924
0.376 0.131044
0.377 0.136079
0.378 0.14103
0.379 0.145896
0.38 0.15068
0.381 0.155385
0.382 0.160014
0.383 0.16457
0.384 0.169059
0.385 0.173485
0.386 0.177853
0.387 0.182167
0.388 0.186431
0.389 0.19065
0.39 0.194827
0.391 0.198966
0.392 0.203071
0.393 0.207146
0.394 0.211196
0.395 0.215227
0.396 0.219241
0.397 0.223243
0.398 0.227234
0.399 0.231217
0.4 0.235191
0.401 0.239159
0.402 0.243123
0.403 0.247086
0.404 0.251052
0.405 0.255028
0.406 0.259016
0.407 0.263021
0.408 0.267044
0.409 0.271086
0.41 0.275147
0.411 0.279223
0.412 0.283314
0.413 0.287419
0.414 0.29154
0.415 0.29568
0.416 0.299842
0.417 0.304033
0.418 0.308257
0.419 0.312519
0.42 0.316821
0.421 0.321166
0.422 0.325549
0.423 0.329968
0.424 0.334416
0.425 0.33889
0.426 0.343384
0.427 0.347897
0.428 0.352429
0.429 0.356987
0.43 0.361576
0.431 0.366204
0.432 0.370879
0.433 0.375608
0.434 0.380391
0.435 0.385227
0.436 0.390111
0.437 0.395033
0.438 0.399985
0.439 0.404957
0.44 0.409941
