   Co3
     3                                           NL
   0.3484850       0.053030       0.010714       CU        NS=2
    27.00000       2.621000    				!Z, WSR
     -0.04371795d0					!Fermi Energy
     0.0d0						!Potential Shift
     0							!Swap spin
     2      						!NS 
   400                                              CO4            IS=1
   0.0000000E+00  -2699804.      -1330292.      -873975.7    
   -645956.4      -509254.4      -418209.7      -353253.7    
   -304602.3      -266819.7      -236644.6      -212001.4    
   -191506.7      -174202.5      -159404.7      -146611.4    
   -135446.5      -125622.2      -116914.6      -109147.1    
   -102178.4      -95894.05      -90200.43      -85020.23    
   -80289.02      -75952.67      -71965.41      -68288.23    
   -64887.69      -61734.99      -58805.16      -56076.45    
   -53529.83      -51148.60      -48917.99      -46824.96    
   -44857.90      -43006.45      -41261.36      -39614.32    
   -38057.86      -36585.23      -35190.34      -33867.65    
   -32612.13      -31419.21      -30284.71      -29204.81    
   -28176.01      -27195.08      -26259.09      -25365.29    
   -24511.18      -23694.44      -22912.92      -22164.62    
   -21447.70      -20760.44      -20101.25      -19468.63    
   -18861.19      -18277.65      -17716.77      -17177.44    
   -16658.59      -16159.22      -15678.40      -15215.24    
   -14768.92      -14338.66      -13923.74      -13523.45    
   -13137.15      -12764.22      -12404.08      -12056.18    
   -11720.00      -11395.04      -11080.84      -10776.96    
   -10482.97      -10198.48      -9923.100      -9656.478    
   -9398.270      -9148.148      -8905.803      -8670.937    
   -8443.269      -8222.530      -8008.464      -7800.824    
   -7599.377      -7403.900      -7214.178      -7030.008    
   -6851.194      -6677.548      -6508.892      -6345.053    
   -6185.868      -6031.179      -5880.834      -5734.688    
   -5592.603      -5454.444      -5320.083      -5189.398    
   -5062.269      -4938.583      -4818.231      -4701.106    
   -4587.108      -4476.139      -4368.106      -4262.917    
   -4160.487      -4060.730      -3963.567      -3868.919    
   -3776.711      -3686.871      -3599.329      -3514.018    
   -3430.871      -3349.827      -3270.824      -3193.805    
   -3118.712      -3045.491      -2974.089      -2904.454    
   -2836.538      -2770.292      -2705.671      -2642.629    
   -2581.123      -2521.111      -2462.553      -2405.410    
   -2349.642      -2295.215      -2242.091      -2190.236    
   -2139.617      -2090.201      -2041.957      -1994.854    
   -1948.863      -1903.954      -1860.100      -1817.273    
   -1775.448      -1734.599      -1694.702      -1655.731    
   -1617.664      -1580.478      -1544.152      -1508.663    
   -1473.990      -1440.115      -1407.016      -1374.675    
   -1343.074      -1312.193      -1282.017      -1252.526    
   -1223.706      -1195.539      -1168.010      -1141.104    
   -1114.806      -1089.100      -1063.974      -1039.413    
   -1015.404      -991.9337      -968.9897      -946.5594    
   -924.6309      -903.1925      -882.2328      -861.7406    
   -841.7052      -822.1159      -802.9626      -784.2353    
   -765.9242      -748.0199      -730.5131      -713.3949    
   -696.6565      -680.2895      -664.2854      -648.6362    
   -633.3341      -618.3713      -603.7404      -589.4340    
   -575.4451      -561.7667      -548.3920      -535.3144    
   -522.5274      -510.0246      -497.8000      -485.8475    
   -474.1611      -462.7351      -451.5637      -440.6415    
   -429.9630      -419.5228      -409.3158      -399.3369    
   -389.5810      -380.0433      -370.7190      -361.6034    
   -352.6919      -343.9801      -335.4636      -327.1382    
   -318.9997      -311.0440      -303.2673      -295.6656    
   -288.2353      -280.9727      -273.8742      -266.9364    
   -260.1559      -253.5295      -247.0539      -240.7261    
   -234.5429      -228.5015      -222.5989      -216.8322    
   -211.1989      -205.6960      -200.3210      -195.0712    
   -189.9442      -184.9374      -180.0483      -175.2745    
   -170.6136      -166.0633      -161.6212      -157.2851    
   -153.0528      -148.9220      -144.8904      -140.9560    
   -137.1167      -133.3702      -129.7146      -126.1477    
   -122.6677      -119.2724      -115.9600      -112.7284    
   -109.5759      -106.5006      -103.5006      -100.5742    
   -97.71971      -94.93534      -92.21950      -89.57057    
   -86.98700      -84.46728      -82.00995      -79.61360    
   -77.27686      -74.99841      -72.77699      -70.61136    
   -68.50033      -66.44275      -64.43750      -62.48349    
   -60.57965      -58.72493      -56.91831      -55.15874    
   -53.44521      -51.77670      -50.15219      -48.57065    
   -47.03107      -45.53242      -44.07368      -42.65386    
   -41.27195      -39.92698      -38.61799      -37.34407    
   -36.10430      -34.89785      -33.72387      -32.58158    
   -31.47024      -30.38913      -29.33759      -28.31498    
   -27.32068      -26.35413      -25.41477      -24.50209    
   -23.61558      -22.75475      -21.91914      -21.10829    
   -20.32175      -19.55908      -18.81985      -18.10362    
   -17.40996      -16.73845      -16.08865      -15.46013    
   -14.85245      -14.26517      -13.69786      -13.15005    
   -12.62130      -12.11116      -11.61917      -11.14487    
   -10.68780      -10.24749      -9.823475      -9.415300    
   -9.022499      -8.644609      -8.281174      -7.931738    
   -7.595852      -7.273072      -6.962959      -6.665083    
   -6.379019      -6.104355      -5.840683      -5.587609    
   -5.344748      -5.111723      -4.888172      -4.673744    
   -4.468097      -4.270904      -4.081848      -3.900625    
   -3.726943      -3.560522      -3.401094      -3.248402    
   -3.102201      -2.962390      -2.828597      -2.700616    
   -2.578245      -2.461290      -2.349568      -2.242902    
   -2.141124      -2.044076      -1.951604      -1.863562    
   -1.779809      -1.700212      -1.624642      -1.552973    
   -1.485088      -1.420872      -1.360213      -1.303007    
   -1.249151      -1.198548      -1.151103      -1.106729    
   -1.065338      -1.026851     -0.9911908     -0.9582855    
  -0.9280675     -0.9004733     -0.8754442     -0.8529257    
  -0.8328677     -0.8152242     -0.7999534     -0.7870173    
  -0.7763818     -0.7680162     -0.7618932     -0.7579884    
   400                                              CO4            IS=2
   0.0000000E+00  -2699804.      -1330292.      -873975.7    
   -645956.4      -509254.4      -418209.7      -353253.7    
   -304602.3      -266819.7      -236644.6      -212001.4    
   -191506.7      -174202.5      -159404.7      -146611.4    
   -135446.5      -125622.2      -116914.6      -109147.1    
   -102178.4      -95894.05      -90200.43      -85020.23    
   -80289.02      -75952.67      -71965.41      -68288.23    
   -64887.69      -61735.00      -58805.16      -56076.45    
   -53529.83      -51148.60      -48917.99      -46824.96    
   -44857.90      -43006.45      -41261.36      -39614.32    
   -38057.86      -36585.23      -35190.34      -33867.65    
   -32612.13      -31419.21      -30284.71      -29204.81    
   -28176.01      -27195.08      -26259.09      -25365.29    
   -24511.18      -23694.44      -22912.92      -22164.62    
   -21447.70      -20760.45      -20101.25      -19468.63    
   -18861.19      -18277.65      -17716.78      -17177.44    
   -16658.59      -16159.22      -15678.40      -15215.24    
   -14768.92      -14338.67      -13923.74      -13523.45    
   -13137.15      -12764.22      -12404.08      -12056.18    
   -11720.00      -11395.04      -11080.84      -10776.96    
   -10482.97      -10198.48      -9923.100      -9656.479    
   -9398.271      -9148.149      -8905.804      -8670.938    
   -8443.270      -8222.531      -8008.464      -7800.825    
   -7599.378      -7403.901      -7214.179      -7030.009    
   -6851.195      -6677.549      -6508.893      -6345.054    
   -6185.869      -6031.179      -5880.834      -5734.689    
   -5592.603      -5454.445      -5320.084      -5189.399    
   -5062.270      -4938.584      -4818.231      -4701.107    
   -4587.109      -4476.140      -4368.106      -4262.918    
   -4160.487      -4060.731      -3963.568      -3868.920    
   -3776.712      -3686.872      -3599.330      -3514.018    
   -3430.872      -3349.828      -3270.825      -3193.806    
   -3118.713      -3045.492      -2974.090      -2904.455    
   -2836.539      -2770.293      -2705.671      -2642.629    
   -2581.123      -2521.112      -2462.554      -2405.410    
   -2349.643      -2295.215      -2242.091      -2190.237    
   -2139.618      -2090.202      -2041.958      -1994.855    
   -1948.863      -1903.954      -1860.100      -1817.274    
   -1775.449      -1734.600      -1694.702      -1655.732    
   -1617.665      -1580.479      -1544.152      -1508.663    
   -1473.991      -1440.115      -1407.017      -1374.676    
   -1343.074      -1312.194      -1282.017      -1252.527    
   -1223.707      -1195.540      -1168.011      -1141.105    
   -1114.806      -1089.101      -1063.975      -1039.414    
   -1015.404      -991.9342      -968.9902      -946.5599    
   -924.6314      -903.1930      -882.2333      -861.7411    
   -841.7056      -822.1164      -802.9631      -784.2357    
   -765.9246      -748.0203      -730.5135      -713.3953    
   -696.6569      -680.2898      -664.2857      -648.6365    
   -633.3343      -618.3715      -603.7405      -589.4341    
   -575.4452      -561.7667      -548.3919      -535.3142    
   -522.5271      -510.0243      -497.7996      -485.8470    
   -474.1604      -462.7343      -451.5628      -440.6404    
   -429.9617      -419.5214      -409.3142      -399.3351    
   -389.5790      -380.0411      -370.7165      -361.6006    
   -352.6889      -343.9768      -335.4600      -327.1342    
   -318.9953      -311.0393      -303.2622      -295.6601    
   -288.2294      -280.9663      -273.8674      -266.9291    
   -260.1481      -253.5211      -247.0449      -240.7165    
   -234.5327      -228.4906      -222.5872      -216.8199    
   -211.1857      -205.6820      -200.3061      -195.0555    
   -189.9275      -184.9196      -180.0294      -175.2545    
   -170.5924      -166.0408      -161.5974      -157.2599    
   -153.0261      -148.8937      -144.8605      -140.9243    
   -137.0831      -133.3346      -129.6769      -126.1078    
   -122.6254      -119.2277      -115.9126      -112.6783    
   -109.5229      -106.4444      -103.4412      -100.5113    
   -97.65314      -94.86492      -92.14502      -89.49183    
   -86.90379      -84.37939      -81.91717      -79.51572    
   -77.17369      -74.88976      -72.66268      -70.49124    
   -68.37428      -66.31068      -64.29935      -62.33924    
   -60.42934      -58.56866      -56.75620      -54.99100    
   -53.27209      -51.59850      -49.96928      -48.38343    
   -46.83998      -45.33792      -43.87627      -42.45402    
   -41.07018      -39.72375      -38.41378      -37.13930    
   -35.89940      -34.69318      -33.51978      -32.37838    
   -31.26819      -30.18848      -29.13853      -28.11768    
   -27.12530      -26.16077      -25.22354      -24.31306    
   -23.42881      -22.57028      -21.73700      -20.92850    
   -20.14432      -19.38401      -18.64713      -17.93325    
   -17.24193      -16.57273      -15.92522      -15.29897    
   -14.69354      -14.10849      -13.54337      -12.99774    
   -12.47115      -11.96314      -11.47326      -11.00105    
   -10.54605      -10.10779      -9.685821      -9.279672    
   -8.888885      -8.513002      -8.151567      -7.804128    
   -7.470240      -7.149460      -6.841353      -6.545492    
   -6.261457      -5.988837      -5.727231      -5.476247    
   -5.235503      -5.004629      -4.783266      -4.571066    
   -4.367693      -4.172824      -3.986145      -3.807357    
   -3.636172      -3.472313      -3.315514      -3.165523    
   -3.022095      -2.885156      -2.754280      -2.629286    
   -2.509971      -2.396139      -2.287600      -2.184176    
   -2.085691      -1.991978      -1.902875      -1.818226    
   -1.737880      -1.661689      -1.589512      -1.521212    
   -1.456656      -1.395714      -1.338262      -1.284182    
   -1.233359      -1.185683      -1.141049      -1.099358    
   -1.060516      -1.024434     -0.9910311     -0.9602285    
  -0.9319550     -0.9061446     -0.8827368     -0.8616763    
  -0.8429130     -0.8264016     -0.8121018     -0.7999774    
  -0.7899967     -0.7821317     -0.7763578     -0.7726541    
