POT:
  305    2    0.030000    2.996164
 0.000000000D+00 0.000000000D+00 0.000000000D+00 0.000000000D+00 0.000000000D+00
 0.000000000D+00 0.000000000D+00 0.000000000D+00 0.000000000D+00 0.000000000D+00
 0.000000000D+00 0.000000000D+00 0.000000000D+00 0.000000000D+00 0.000000000D+00
 0.000000000D+00 0.000000000D+00 0.000000000D+00 0.000000000D+00 0.000000000D+00
 0.000000000D+00 0.000000000D+00 0.000000000D+00 0.000000000D+00 0.000000000D+00
 0.000000000D+00 0.000000000D+00 0.000000000D+00 0.000000000D+00 0.000000000D+00
 0.000000000D+00 0.000000000D+00 0.000000000D+00 0.000000000D+00 0.000000000D+00
 0.000000000D+00 0.000000000D+00 0.000000000D+00 0.000000000D+00 0.000000000D+00
 0.000000000D+00 0.000000000D+00 0.000000000D+00 0.000000000D+00 0.000000000D+00
 0.000000000D+00 0.000000000D+00 0.000000000D+00 0.000000000D+00 0.000000000D+00
 0.000000000D+00 0.000000000D+00 0.000000000D+00 0.000000000D+00 0.000000000D+00
 0.000000000D+00 0.000000000D+00 0.000000000D+00 0.000000000D+00 0.000000000D+00
 0.000000000D+00 0.000000000D+00 0.000000000D+00 0.000000000D+00 0.000000000D+00
 0.000000000D+00 0.000000000D+00 0.000000000D+00 0.000000000D+00 0.000000000D+00
 0.000000000D+00 0.000000000D+00 0.000000000D+00 0.000000000D+00 0.000000000D+00
 0.000000000D+00 0.000000000D+00 0.000000000D+00 0.000000000D+00 0.000000000D+00
 0.000000000D+00 0.000000000D+00 0.000000000D+00 0.000000000D+00 0.000000000D+00
 0.000000000D+00 0.000000000D+00 0.000000000D+00 0.000000000D+00 0.000000000D+00
 0.000000000D+00 0.000000000D+00 0.000000000D+00 0.000000000D+00 0.000000000D+00
 0.000000000D+00 0.000000000D+00 0.000000000D+00 0.000000000D+00 0.000000000D+00
 0.000000000D+00 0.000000000D+00 0.000000000D+00 0.000000000D+00 0.000000000D+00
 0.000000000D+00 0.000000000D+00 0.000000000D+00 0.000000000D+00 0.000000000D+00
 0.000000000D+00 0.000000000D+00 0.000000000D+00 0.000000000D+00 0.000000000D+00
 0.000000000D+00 0.000000000D+00 0.000000000D+00 0.000000000D+00 0.000000000D+00
 0.000000000D+00 0.000000000D+00 0.000000000D+00 0.000000000D+00 0.000000000D+00
 0.000000000D+00 0.000000000D+00 0.000000000D+00 0.000000000D+00 0.000000000D+00
 0.000000000D+00 0.000000000D+00 0.000000000D+00 0.000000000D+00 0.000000000D+00
 0.000000000D+00 0.000000000D+00 0.000000000D+00 0.000000000D+00 0.000000000D+00
 0.000000000D+00 0.000000000D+00 0.000000000D+00 0.000000000D+00 0.000000000D+00
 0.000000000D+00 0.000000000D+00 0.000000000D+00 0.000000000D+00 0.000000000D+00
 0.000000000D+00 0.000000000D+00 0.000000000D+00 0.000000000D+00 0.000000000D+00
 0.000000000D+00 0.000000000D+00 0.000000000D+00 0.000000000D+00 0.000000000D+00
 0.000000000D+00 0.000000000D+00 0.000000000D+00 0.000000000D+00 0.000000000D+00
 0.000000000D+00 0.000000000D+00 0.000000000D+00 0.000000000D+00 0.000000000D+00
 0.000000000D+00 0.000000000D+00 0.000000000D+00 0.000000000D+00 0.000000000D+00
 0.000000000D+00 0.000000000D+00 0.000000000D+00 0.000000000D+00 0.000000000D+00
 0.000000000D+00 0.000000000D+00 0.000000000D+00 0.000000000D+00 0.000000000D+00
 0.000000000D+00 0.000000000D+00 0.000000000D+00 0.000000000D+00 0.000000000D+00
 0.000000000D+00 0.000000000D+00 0.000000000D+00 0.000000000D+00 0.000000000D+00
 0.000000000D+00 0.000000000D+00 0.000000000D+00 0.000000000D+00 0.000000000D+00
 0.000000000D+00 0.000000000D+00 0.000000000D+00 0.000000000D+00 0.000000000D+00
 0.000000000D+00 0.000000000D+00 0.000000000D+00 0.000000000D+00 0.000000000D+00
 0.000000000D+00 0.000000000D+00 0.000000000D+00 0.000000000D+00 0.000000000D+00
 0.000000000D+00 0.000000000D+00 0.000000000D+00 0.000000000D+00 0.000000000D+00
 0.000000000D+00 0.000000000D+00 0.000000000D+00 0.000000000D+00 0.000000000D+00
 0.000000000D+00 0.000000000D+00 0.000000000D+00 0.000000000D+00 0.000000000D+00
 0.000000000D+00 0.000000000D+00 0.000000000D+00 0.000000000D+00 0.000000000D+00
 0.000000000D+00 0.000000000D+00 0.000000000D+00 0.000000000D+00 0.000000000D+00
 0.000000000D+00 0.000000000D+00 0.000000000D+00 0.000000000D+00 0.000000000D+00
 0.000000000D+00 0.000000000D+00 0.000000000D+00 0.000000000D+00 0.000000000D+00
 0.000000000D+00 0.000000000D+00 0.000000000D+00 0.000000000D+00 0.000000000D+00
 0.000000000D+00 0.000000000D+00 0.000000000D+00 0.000000000D+00 0.000000000D+00
 0.000000000D+00 0.000000000D+00 0.000000000D+00 0.000000000D+00 0.000000000D+00
 0.000000000D+00 0.000000000D+00 0.000000000D+00 0.000000000D+00 0.000000000D+00
 0.000000000D+00 0.000000000D+00 0.000000000D+00 0.000000000D+00 0.000000000D+00
 0.000000000D+00 0.000000000D+00 0.000000000D+00 0.000000000D+00 0.000000000D+00
 0.000000000D+00 0.000000000D+00 0.000000000D+00 0.000000000D+00 0.000000000D+00
 0.000000000D+00 0.000000000D+00 0.000000000D+00 0.000000000D+00 0.000000000D+00
 0.000000000D+00 0.000000000D+00 0.000000000D+00 0.000000000D+00 0.000000000D+00
 0.000000000D+00 0.000000000D+00 0.000000000D+00 0.000000000D+00 0.000000000D+00
 0.000000000D+00 0.000000000D+00 0.000000000D+00 0.000000000D+00 0.000000000D+00
 0.000000000D+00 0.000000000D+00 0.000000000D+00 0.000000000D+00 0.000000000D+00
 0.000000000D+00 0.000000000D+00 0.000000000D+00 0.000000000D+00 0.000000000D+00
 0.000000000D+00 0.000000000D+00 0.000000000D+00 0.000000000D+00 0.000000000D+00
 0.000000000D+00 0.000000000D+00 0.000000000D+00 0.000000000D+00 0.000000000D+00
 0.000000000D+00 0.000000000D+00 0.000000000D+00 0.000000000D+00 0.000000000D+00
 0.000000000D+00 0.000000000D+00 0.000000000D+00 0.000000000D+00 0.000000000D+00
 0.000000000D+00 0.000000000D+00 0.000000000D+00 0.000000000D+00 0.000000000D+00
 0.000000000D+00 0.000000000D+00 0.000000000D+00 0.000000000D+00 0.000000000D+00
 0.000000000D+00 0.000000000D+00 0.000000000D+00 0.000000000D+00 0.000000000D+00
 0.000000000D+00 0.000000000D+00 0.000000000D+00 0.000000000D+00 0.000000000D+00
 0.000000000D+00 0.000000000D+00 0.000000000D+00 0.000000000D+00 0.000000000D+00
 0.000000000D+00 0.000000000D+00 0.000000000D+00 0.000000000D+00 0.000000000D+00
 0.000000000D+00 0.000000000D+00 0.000000000D+00 0.000000000D+00 0.000000000D+00
 0.000000000D+00 0.000000000D+00 0.000000000D+00 0.000000000D+00 0.000000000D+00
 0.000000000D+00 0.000000000D+00 0.000000000D+00 0.000000000D+00 0.000000000D+00
 0.000000000D+00 0.000000000D+00 0.000000000D+00 0.000000000D+00 0.000000000D+00
 0.000000000D+00 0.000000000D+00 0.000000000D+00 0.000000000D+00 0.000000000D+00
 0.000000000D+00 0.000000000D+00 0.000000000D+00 0.000000000D+00 0.000000000D+00
 0.000000000D+00 0.000000000D+00 0.000000000D+00 0.000000000D+00 0.000000000D+00
 0.000000000D+00 0.000000000D+00 0.000000000D+00 0.000000000D+00 0.000000000D+00
 0.000000000D+00 0.000000000D+00 0.000000000D+00 0.000000000D+00 0.000000000D+00
 0.000000000D+00 0.000000000D+00 0.000000000D+00 0.000000000D+00 0.000000000D+00
 0.000000000D+00 0.000000000D+00 0.000000000D+00 0.000000000D+00 0.000000000D+00
 0.000000000D+00 0.000000000D+00 0.000000000D+00 0.000000000D+00 0.000000000D+00
 0.000000000D+00 0.000000000D+00 0.000000000D+00 0.000000000D+00 0.000000000D+00
 0.000000000D+00 0.000000000D+00 0.000000000D+00 0.000000000D+00 0.000000000D+00
 0.000000000D+00 0.000000000D+00 0.000000000D+00 0.000000000D+00 0.000000000D+00
 0.000000000D+00 0.000000000D+00 0.000000000D+00 0.000000000D+00 0.000000000D+00
 0.000000000D+00 0.000000000D+00 0.000000000D+00 0.000000000D+00 0.000000000D+00
 0.000000000D+00 0.000000000D+00 0.000000000D+00 0.000000000D+00 0.000000000D+00
 0.000000000D+00 0.000000000D+00 0.000000000D+00 0.000000000D+00 0.000000000D+00
 0.000000000D+00 0.000000000D+00 0.000000000D+00 0.000000000D+00 0.000000000D+00
 0.000000000D+00 0.000000000D+00 0.000000000D+00 0.000000000D+00 0.000000000D+00
 0.000000000D+00 0.000000000D+00 0.000000000D+00 0.000000000D+00 0.000000000D+00
 0.000000000D+00 0.000000000D+00 0.000000000D+00 0.000000000D+00 0.000000000D+00
 0.000000000D+00 0.000000000D+00 0.000000000D+00 0.000000000D+00 0.000000000D+00
 0.000000000D+00 0.000000000D+00 0.000000000D+00 0.000000000D+00 0.000000000D+00
 0.000000000D+00 0.000000000D+00 0.000000000D+00 0.000000000D+00 0.000000000D+00
 0.000000000D+00 0.000000000D+00 0.000000000D+00 0.000000000D+00 0.000000000D+00
 0.000000000D+00 0.000000000D+00 0.000000000D+00 0.000000000D+00 0.000000000D+00
 0.000000000D+00 0.000000000D+00 0.000000000D+00 0.000000000D+00 0.000000000D+00
 0.000000000D+00 0.000000000D+00 0.000000000D+00 0.000000000D+00 0.000000000D+00
 0.000000000D+00 0.000000000D+00 0.000000000D+00 0.000000000D+00 0.000000000D+00
 0.000000000D+00 0.000000000D+00 0.000000000D+00 0.000000000D+00 0.000000000D+00
 0.000000000D+00 0.000000000D+00 0.000000000D+00 0.000000000D+00 0.000000000D+00
 0.000000000D+00 0.000000000D+00 0.000000000D+00 0.000000000D+00 0.000000000D+00
 0.000000000D+00 0.000000000D+00 0.000000000D+00 0.000000000D+00 0.000000000D+00
 0.000000000D+00 0.000000000D+00 0.000000000D+00 0.000000000D+00 0.000000000D+00
 0.000000000D+00 0.000000000D+00 0.000000000D+00 0.000000000D+00 0.000000000D+00
 0.000000000D+00 0.000000000D+00 0.000000000D+00 0.000000000D+00 0.000000000D+00
 0.000000000D+00 0.000000000D+00 0.000000000D+00 0.000000000D+00 0.000000000D+00
 0.000000000D+00 0.000000000D+00 0.000000000D+00 0.000000000D+00 0.000000000D+00
 0.000000000D+00 0.000000000D+00 0.000000000D+00 0.000000000D+00 0.000000000D+00
 0.000000000D+00 0.000000000D+00 0.000000000D+00 0.000000000D+00 0.000000000D+00
 0.000000000D+00 0.000000000D+00 0.000000000D+00 0.000000000D+00 0.000000000D+00
 0.000000000D+00 0.000000000D+00 0.000000000D+00 0.000000000D+00 0.000000000D+00
 0.000000000D+00 0.000000000D+00 0.000000000D+00 0.000000000D+00 0.000000000D+00
 0.000000000D+00 0.000000000D+00 0.000000000D+00 0.000000000D+00 0.000000000D+00
 0.000000000D+00 0.000000000D+00 0.000000000D+00 0.000000000D+00 0.000000000D+00
 0.000000000D+00 0.000000000D+00 0.000000000D+00 0.000000000D+00 0.000000000D+00
 0.000000000D+00 0.000000000D+00 0.000000000D+00 0.000000000D+00 0.000000000D+00
