#--------  atom file: fe.fe  -  start   --------
       3                                                       #NL
     0.3484850       0.053030       0.010714  
      26            2.680799      2.680799
     -0.06592                                                !EF
      0.0                                            !Potential Shift
      0                                              !Swap spin
      2                                              !NS   
   331
       183.4461       -2599815       -1276295      -835405.2
      -615169.1      -483191.6      -395340.8      -332703.2
      -285822.1      -249443.7      -220415.9      -196732.8
      -177056.9      -160462.7      -146288.8      -134050.3
      -123383.6      -114010.5      -105714.8      -98325.83
      -91706.93      -85747.56      -80357.29      -75461.42
      -70997.71      -66913.86      -63165.66      -59715.44
      -56530.91      -53584.25      -50851.37      -48311.26
      -45945.56      -43738.15      -41674.79       -39742.9
      -37931.26      -36229.92      -34629.94      -33123.31
      -31702.83      -30362.02      -29094.99      -27896.43
      -26761.49      -25685.77      -24665.26      -23696.29
      -22775.47      -21899.74      -21066.26       -20272.4
      -19515.76      -18794.11       -18105.4      -17447.72
      -16819.31      -16218.51      -15643.79      -15093.75
      -14567.05      -14062.46      -13578.81      -13115.04
      -12670.12      -12243.11      -11833.12      -11439.32
      -11060.92      -10697.18      -10347.41      -10010.96
      -9687.202      -9375.564      -9075.495      -8786.476
      -8508.016      -8239.652      -7980.943      -7731.475
      -7490.852      -7258.702      -7034.668      -6818.415
      -6609.621      -6407.983      -6213.212      -6025.031
      -5843.179      -5667.406      -5497.475      -5333.158
       -5174.24      -5020.513      -4871.781      -4727.857
      -4588.559      -4453.717      -4323.166       -4196.75
      -4074.317      -3955.724      -3840.835      -3729.515
       -3621.64      -3517.088      -3415.743      -3317.494
      -3222.234      -3129.861      -3040.275      -2953.383
      -2869.093       -2787.32      -2707.978      -2630.987
       -2556.27      -2483.753      -2413.364      -2345.033
      -2278.694      -2214.285      -2151.742      -2091.006
      -2032.022      -1974.733      -1919.086      -1865.031
      -1812.517      -1761.498      -1711.927      -1663.761
      -1616.955       -1571.47      -1527.265      -1484.301
      -1442.541       -1401.95      -1362.492      -1324.135
      -1286.844      -1250.589       -1215.34      -1181.067
      -1147.741      -1115.335      -1083.823      -1053.178
      -1023.376      -994.3914       -966.202      -938.7846
      -912.1174       -886.179      -860.9488      -836.4067
      -812.5336      -789.3105      -766.7194      -744.7427
      -723.3633      -702.5648      -682.3311      -662.6468
       -643.497       -624.867      -606.7428      -589.1109
      -571.9579       -555.271      -539.0379      -523.2464
      -507.8849       -492.942      -478.4065      -464.2679
      -450.5155      -437.1392       -424.129      -411.4753
      -399.1685      -387.1996      -375.5594      -364.2392
      -353.2306       -342.525      -332.1145      -321.9912
      -312.1473      -302.5755      -293.2685      -284.2192
       -275.421      -266.8673      -258.5516      -250.4678
      -242.6099      -234.9722       -227.549       -220.335
      -213.3249      -206.5135       -199.896      -193.4674
      -187.2231      -181.1586      -175.2692      -169.5507
      -163.9988      -158.6092      -153.3779      -148.3008
      -143.3739      -138.5932       -133.955      -129.4555
      -125.0908      -120.8573      -116.7514      -112.7696
      -108.9082       -105.164      -101.5334      -98.01325
      -94.60029      -91.29139       -88.0835      -84.97364
      -81.95896      -79.03668      -76.20414      -73.45879
      -70.79816      -68.21992       -65.7218      -63.30166
      -60.95744      -58.68716       -56.4889       -54.3608
      -52.30105      -50.30785      -48.37941      -46.51396
      -44.70971      -42.96487      -41.27764      -39.64624
      -38.06888      -36.54381      -35.06933      -33.64379
       -32.2656      -30.93325      -29.64532      -28.40048
      -27.19748      -26.03515      -24.91239       -23.8282
      -22.78162      -21.77174      -20.79772      -19.85876
      -18.95405      -18.08282      -17.24435       -16.4379
      -15.66271      -14.91807      -14.20324      -13.51748
      -12.86003      -12.23013      -11.62704      -11.04996
      -10.49812      -9.970722      -9.466984        -8.9861
      -8.527272      -8.089713      -7.672629      -7.275228
      -6.896737        -6.5364      -6.193456       -5.86717
      -5.556828      -5.261735       -4.98121      -4.714598
      -4.461279      -4.220644       -3.99211      -3.775129
      -3.569182      -3.373762      -3.188393      -3.012637
       -2.84607      -2.688288      -2.538916      -2.397617
      -2.264045      -2.137886      -2.018854      -1.906673
      -1.801071        -1.7018      -1.608638      -1.521348
      -1.439715      -1.363541      -1.292635      -1.226802
      -1.165868      -1.109678      -1.058063      -1.010875
     -0.9679794     -0.9292527     -0.8945664     -0.8638124
     -0.8369055     -0.8137445     -0.7942482      -0.778353
     -0.7659976     -0.7571065     -0.7516689
   331
       183.4445       -2599815       -1276295      -835405.2
      -615169.1      -483191.6      -395340.8      -332703.2
      -285822.1      -249443.7      -220415.9      -196732.8
      -177056.9      -160462.7      -146288.8      -134050.3
      -123383.6      -114010.5      -105714.8      -98325.83
      -91706.93      -85747.56       -80357.3      -75461.43
      -70997.71      -66913.86      -63165.66      -59715.44
      -56530.91      -53584.26      -50851.37      -48311.26
      -45945.56      -43738.15       -41674.8       -39742.9
      -37931.27      -36229.92      -34629.94      -33123.31
      -31702.83      -30362.02      -29094.99      -27896.43
      -26761.49      -25685.78      -24665.27      -23696.29
      -22775.48      -21899.75      -21066.26       -20272.4
      -19515.76      -18794.11      -18105.41      -17447.73
      -16819.31      -16218.51       -15643.8      -15093.75
      -14567.05      -14062.46      -13578.82      -13115.04
      -12670.12      -12243.11      -11833.12      -11439.32
      -11060.92      -10697.18      -10347.41      -10010.96
      -9687.203      -9375.566      -9075.497      -8786.477
      -8508.018      -8239.653      -7980.944      -7731.476
      -7490.854      -7258.703       -7034.67      -6818.416
      -6609.623      -6407.985      -6213.213      -6025.032
       -5843.18      -5667.408      -5497.476      -5333.159
      -5174.241      -5020.514      -4871.783      -4727.858
       -4588.56      -4453.718      -4323.167      -4196.751
      -4074.318      -3955.726      -3840.836      -3729.516
      -3621.641      -3517.089      -3415.745      -3317.495
      -3222.235      -3129.862      -3040.276      -2953.384
      -2869.094      -2787.321      -2707.979      -2630.988
      -2556.272      -2483.754      -2413.365      -2345.034
      -2278.695      -2214.286      -2151.743      -2091.007
      -2032.023      -1974.734      -1919.087      -1865.032
      -1812.518      -1761.499      -1711.928      -1663.762
      -1616.956      -1571.471      -1527.266      -1484.302
      -1442.542      -1401.951      -1362.493      -1324.135
      -1286.845       -1250.59      -1215.341      -1181.068
      -1147.742      -1115.336      -1083.824      -1053.179
      -1023.376      -994.3922      -966.2028      -938.7854
      -912.1182      -886.1798      -860.9495      -836.4075
      -812.5343      -789.3113      -766.7202      -744.7434
       -723.364      -702.5655      -682.3318      -662.6475
      -643.4976      -624.8676      -606.7434      -589.1114
      -571.9584      -555.2714      -539.0383      -523.2467
      -507.8851      -492.9421      -478.4065      -464.2677
      -450.5152      -437.1387      -424.1284      -411.4744
      -399.1675      -387.1983      -375.5578      -364.2374
      -353.2283      -342.5224      -332.1116      -321.9878
      -312.1435      -302.5712      -293.2636      -284.2139
      -275.4151      -266.8607      -258.5443      -250.4598
      -242.6011      -234.9626      -227.5386      -220.3236
      -213.3125         -206.5      -199.8814      -193.4516
       -187.206      -181.1401      -175.2493      -169.5292
      -163.9756      -158.5843      -153.3511      -148.2719
      -143.3428      -138.5598       -133.919      -129.4168
      -125.0492      -120.8126      -116.7033      -112.7179
      -108.8526      -105.1042      -101.4692      -97.94425
      -94.52615      -91.21173      -87.99792      -84.88174
       -81.8603      -78.93083      -76.09064      -73.33718
        -70.668      -68.08076      -65.57324      -63.14335
      -60.78909      -58.50855      -56.29991      -54.16145
      -52.09148      -50.08834      -48.15041      -46.27606
      -44.46365       -42.7115       -41.0179      -39.38116
      -37.79951      -36.27119      -34.79447      -33.36764
      -31.98905      -30.65708      -29.37023      -28.12706
      -26.92623      -25.76648      -24.64663      -23.56562
      -22.52241      -21.51604      -20.54564      -19.61034
      -18.70933      -17.84181      -17.00703      -16.20424
      -15.43268      -14.69161      -13.98029      -13.29799
      -12.64394      -12.01737      -11.41756       -10.8437
      -10.29501      -9.770718      -9.270038      -8.792167
      -8.336314      -7.901699      -7.487533      -7.093034
      -6.717434      -6.359988      -6.019944      -5.696577
      -5.389184      -5.097084      -4.819605       -4.55611
      -4.305989      -4.068651      -3.843528      -3.630086
      -3.427825       -3.23625      -3.054903      -2.883358
      -2.721206       -2.56805      -2.423524      -2.287292
      -2.159007      -2.038348      -1.925017      -1.818718
      -1.719154      -1.626048       -1.53914      -1.458152
      -1.382827       -1.31292      -1.248194       -1.18841
      -1.133349      -1.082817       -1.03661     -0.9945482
     -0.9564723     -0.9222362     -0.8916964     -0.8647332
     -0.8412533     -0.8211521     -0.8043471     -0.7907763
      -0.780382     -0.7730929     -0.7689051
