#--------  atom file: au.au  -  start   --------
       3                                                       #NL
     0.3484850       0.053030       0.010714  
      79            3.011742      3.011742
     -0.10577                                                !EF
      0.0                                            !Potential Shift
      0                                              !Swap spin
      2                                              !NS   
   411
       666.9714       -7899108       -3892451       -2557435
       -1890323       -1490371       -1223993       -1033942
      -891591.9        -781040      -692744.9      -620634.6
      -560661.2      -510022.4      -466716.5      -429275.5
      -396598.6        -367844      -342356.8      -319620.2
      -299220.7      -280823.5      -264154.8      -248988.4
      -235135.7      -222438.5      -210762.7      -199994.3
      -190035.4      -180801.8      -172220.3      -164227.5
      -156767.5      -149791.5      -143256.4      -137123.9
      -131360.1      -125934.7      -120820.6      -115993.5
      -111431.6      -107115.1      -103026.1      -99148.51
      -95467.58      -91969.93      -88643.33       -85476.6
      -82459.49      -79582.59      -76837.25      -74215.51
      -71710.02      -69313.97      -67021.08      -64825.53
       -62721.9      -60705.18      -58770.67      -56914.03
       -55131.2      -53418.37         -51772      -50188.77
      -48665.56      -47199.47      -45787.76      -44427.84
      -43117.31      -41853.89      -40635.42       -39459.9
       -38325.4      -37230.14       -36172.4      -35150.57
      -34163.14      -33208.66      -32285.76      -31393.14
      -30529.57      -29693.89      -28884.98      -28101.79
      -27343.32       -26608.6      -25896.74      -25206.85
      -24538.12      -23889.76      -23261.02      -22651.17
      -22059.53      -21485.46      -20928.31      -20387.49
      -19862.43      -19352.58      -18857.41      -18376.42
      -17909.13      -17455.07       -17013.8       -16584.9
      -16167.96      -15762.58      -15368.38      -14985.01
      -14612.12      -14249.37      -13896.44      -13553.02
      -13218.81      -12893.53       -12576.9      -12268.66
      -11968.54       -11676.3       -11391.7      -11114.52
      -10844.52      -10581.51      -10325.27       -10075.6
       -9832.31      -9595.219      -9364.144      -9138.914
      -8919.362      -8705.325      -8496.649      -8293.182
       -8094.78        -7901.3      -7712.606      -7528.568
      -7349.056      -7173.949      -7003.125      -6836.469
       -6673.87      -6515.217      -6360.407      -6209.336
      -6061.907      -5918.022       -5777.59      -5640.518
      -5506.721      -5376.112      -5248.609      -5124.132
      -5002.603      -4883.947       -4768.09       -4654.96
       -4544.49       -4436.61      -4331.257      -4228.366
      -4127.876      -4029.728      -3933.863      -3840.224
      -3748.758      -3659.411       -3572.13      -3486.867
      -3403.572      -3322.198      -3242.699      -3165.029
      -3089.146      -3015.008      -2942.572      -2871.799
      -2802.649      -2735.086      -2669.071      -2604.569
      -2541.544      -2479.963      -2419.792      -2360.998
       -2303.55      -2247.416      -2192.566      -2138.971
      -2086.603      -2035.432      -1985.431      -1936.574
      -1888.834      -1842.186      -1796.605      -1752.067
      -1708.548      -1666.024      -1624.475      -1583.876
      -1544.208      -1505.449      -1467.579      -1430.578
      -1394.428      -1359.108      -1324.601       -1290.89
      -1257.956      -1225.782      -1194.353      -1163.652
      -1133.662      -1104.369      -1075.756       -1047.81
      -1020.516      -993.8589       -967.825      -942.4006
      -917.5724      -893.3273      -869.6523      -846.5352
      -823.9637      -801.9259      -780.4103      -759.4057
      -738.9011      -718.8859      -699.3497      -680.2825
      -661.6742      -643.5152      -625.7961      -608.5077
      -591.6408      -575.1865      -559.1361      -543.4808
      -528.2121      -513.3217      -498.8011      -484.6422
      -470.8367      -457.3768      -444.2544      -431.4617
      -418.9911      -406.8349      -394.9857      -383.4361
      -372.1791      -361.2077       -350.515      -340.0945
      -329.9397      -320.0444      -310.4027      -301.0086
      -291.8567      -282.9414      -274.2575      -265.7999
      -257.5635      -249.5437      -241.7355      -234.1342
      -226.7353       -219.534      -212.5259      -205.7065
      -199.0713      -192.6161      -186.3365      -180.2285
      -174.2881      -168.5115       -162.895       -157.435
      -152.1282      -146.9715      -141.9616      -137.0958
      -132.3712       -127.785      -123.3345      -119.0172
      -114.8306      -110.7719      -106.8389      -103.0288
      -99.33916      -95.76744      -92.31096      -88.96721
      -85.73344        -82.607       -79.5852      -76.66524
      -73.84445      -71.11997      -68.48907      -65.94898
      -63.49688      -61.13012       -58.8459      -56.64159
      -54.51453      -52.46213      -50.48192      -48.57138
      -46.72817      -44.94996       -43.2345      -41.57966
      -39.98332      -38.44352      -36.95829      -35.52579
      -34.14424      -32.81185      -31.52706      -30.28815
      -29.09361      -27.94191      -26.83156      -25.76119
      -24.72934      -23.73475      -22.77604      -21.85199
      -20.96141      -20.10305      -19.27591       -18.4788
      -17.71076      -16.97077      -16.25788      -15.57124
      -14.90992      -14.27318      -13.66016      -13.07014
      -12.50241      -11.95621      -11.43098      -10.92595
      -10.44058      -9.974203      -9.526236      -9.096132
      -8.683244       -8.28714      -7.907155      -7.542841
      -7.193636      -6.859029      -6.538567      -6.231679
      -5.937998      -5.656952       -5.38815      -5.131122
      -4.885418      -4.650669       -4.42638      -4.212252
      -4.007806      -3.812718      -3.626606      -3.449099
      -3.279909      -3.118627      -2.965029      -2.818725
      -2.679471      -2.546967      -2.420926      -2.301134
      -2.187269      -2.079184      -1.976564      -1.879249
      -1.787004      -1.699628      -1.616968      -1.538783
      -1.464994      -1.395352      -1.329768      -1.268068
      -1.210123      -1.155831      -1.105026      -1.057672
      -1.013588     -0.9727445     -0.9350077     -0.9003171
     -0.8686019     -0.8397627       -0.81379     -0.7905571
     -0.7700811     -0.7522522      -0.737063     -0.7244584
     -0.7143921     -0.7068077     -0.7017859
   411
       666.9714       -7899108       -3892451       -2557435
       -1890323       -1490371       -1223993       -1033942
      -891591.9        -781040      -692744.9      -620634.6
      -560661.2      -510022.4      -466716.5      -429275.5
      -396598.6        -367844      -342356.8      -319620.2
      -299220.7      -280823.5      -264154.8      -248988.4
      -235135.7      -222438.5      -210762.7      -199994.3
      -190035.4      -180801.8      -172220.3      -164227.5
      -156767.5      -149791.5      -143256.4      -137123.9
      -131360.1      -125934.7      -120820.6      -115993.5
      -111431.6      -107115.1      -103026.1      -99148.51
      -95467.58      -91969.93      -88643.33       -85476.6
      -82459.49      -79582.59      -76837.25      -74215.51
      -71710.02      -69313.97      -67021.08      -64825.53
       -62721.9      -60705.18      -58770.67      -56914.03
       -55131.2      -53418.37         -51772      -50188.77
      -48665.56      -47199.47      -45787.76      -44427.84
      -43117.31      -41853.89      -40635.42       -39459.9
       -38325.4      -37230.14       -36172.4      -35150.57
      -34163.14      -33208.66      -32285.76      -31393.14
      -30529.57      -29693.89      -28884.98      -28101.79
      -27343.32       -26608.6      -25896.74      -25206.85
      -24538.12      -23889.76      -23261.02      -22651.17
      -22059.53      -21485.46      -20928.31      -20387.49
      -19862.43      -19352.58      -18857.41      -18376.42
      -17909.13      -17455.07       -17013.8       -16584.9
      -16167.96      -15762.58      -15368.38      -14985.01
      -14612.12      -14249.37      -13896.44      -13553.02
      -13218.81      -12893.53       -12576.9      -12268.66
      -11968.54       -11676.3       -11391.7      -11114.52
      -10844.52      -10581.51      -10325.27       -10075.6
       -9832.31      -9595.219      -9364.144      -9138.914
      -8919.362      -8705.325      -8496.649      -8293.182
       -8094.78        -7901.3      -7712.606      -7528.568
      -7349.056      -7173.949      -7003.125      -6836.469
       -6673.87      -6515.217      -6360.407      -6209.336
      -6061.907      -5918.022       -5777.59      -5640.518
      -5506.721      -5376.112      -5248.609      -5124.132
      -5002.603      -4883.947       -4768.09       -4654.96
       -4544.49       -4436.61      -4331.257      -4228.366
      -4127.876      -4029.728      -3933.863      -3840.224
      -3748.758      -3659.411       -3572.13      -3486.867
      -3403.572      -3322.198      -3242.699      -3165.029
      -3089.146      -3015.008      -2942.572      -2871.799
      -2802.649      -2735.086      -2669.071      -2604.569
      -2541.544      -2479.963      -2419.792      -2360.998
       -2303.55      -2247.416      -2192.566      -2138.971
      -2086.603      -2035.432      -1985.431      -1936.574
      -1888.834      -1842.186      -1796.605      -1752.067
      -1708.548      -1666.024      -1624.475      -1583.876
      -1544.208      -1505.449      -1467.579      -1430.578
      -1394.428      -1359.108      -1324.601       -1290.89
      -1257.956      -1225.782      -1194.353      -1163.652
      -1133.662      -1104.369      -1075.756       -1047.81
      -1020.516      -993.8589       -967.825      -942.4006
      -917.5724      -893.3273      -869.6523      -846.5352
      -823.9637      -801.9259      -780.4103      -759.4057
      -738.9011      -718.8859      -699.3497      -680.2825
      -661.6742      -643.5152      -625.7961      -608.5077
      -591.6408      -575.1865      -559.1361      -543.4808
      -528.2121      -513.3217      -498.8011      -484.6422
      -470.8367      -457.3768      -444.2544      -431.4617
      -418.9911      -406.8349      -394.9857      -383.4361
      -372.1791      -361.2077       -350.515      -340.0945
      -329.9397      -320.0444      -310.4027      -301.0086
      -291.8567      -282.9414      -274.2575      -265.7999
      -257.5635      -249.5437      -241.7355      -234.1342
      -226.7353       -219.534      -212.5259      -205.7065
      -199.0713      -192.6161      -186.3365      -180.2285
      -174.2881      -168.5115       -162.895       -157.435
      -152.1282      -146.9715      -141.9616      -137.0958
      -132.3712       -127.785      -123.3345      -119.0172
      -114.8306      -110.7719      -106.8389      -103.0288
      -99.33916      -95.76744      -92.31096      -88.96721
      -85.73344        -82.607       -79.5852      -76.66524
      -73.84445      -71.11997      -68.48907      -65.94898
      -63.49688      -61.13012       -58.8459      -56.64159
      -54.51453      -52.46213      -50.48192      -48.57138
      -46.72817      -44.94996       -43.2345      -41.57966
      -39.98332      -38.44352      -36.95829      -35.52579
      -34.14424      -32.81185      -31.52706      -30.28815
      -29.09361      -27.94191      -26.83156      -25.76119
      -24.72934      -23.73475      -22.77604      -21.85199
      -20.96141      -20.10305      -19.27591       -18.4788
      -17.71076      -16.97077      -16.25788      -15.57124
      -14.90992      -14.27318      -13.66016      -13.07014
      -12.50241      -11.95621      -11.43098      -10.92595
      -10.44058      -9.974203      -9.526236      -9.096132
      -8.683244       -8.28714      -7.907155      -7.542841
      -7.193636      -6.859029      -6.538567      -6.231679
      -5.937998      -5.656952       -5.38815      -5.131122
      -4.885418      -4.650669       -4.42638      -4.212252
      -4.007806      -3.812718      -3.626606      -3.449099
      -3.279909      -3.118627      -2.965029      -2.818725
      -2.679471      -2.546967      -2.420926      -2.301134
      -2.187269      -2.079184      -1.976564      -1.879249
      -1.787004      -1.699628      -1.616968      -1.538783
      -1.464994      -1.395352      -1.329768      -1.268068
      -1.210123      -1.155831      -1.105026      -1.057672
      -1.013588     -0.9727445     -0.9350077     -0.9003171
     -0.8686019     -0.8397627       -0.81379     -0.7905571
     -0.7700811     -0.7522522      -0.737063     -0.7244584
     -0.7143921     -0.7068077     -0.7017859
