#  Bulk results for: Pt, IVXC=2, NK=   60
     3                                                      # NL
    .3484850       .5303000E-01   .1071400E-01
    78.00000       2.897350       2.897350                  # AZ, WSR
   -.2287449E-01                                            # Fermi Energy
     .0E+00                                                 # Pot.Shift
     0                                                      # SW
     2                                                      # NS
   400                                                      #     Pt     IS=1
    .0000000E+00  -7799122.      -3841761.      -2523198.    
   -1864328.      -1469332.      -1206269.      -1018594.    
   -878031.7      -768876.8      -681704.5      -610517.5    
   -551317.7      -501337.2      -458598.8      -421652.9    
   -389411.9      -361044.4      -335903.8      -313479.5    
   -293363.0      -275223.8      -258791.3      -243842.2    
   -230190.3      -217679.1      -206176.4      -195569.5    
   -185761.7      -176669.9      -168221.8      -160354.6    
   -153013.4      -146149.8      -139721.3      -133690.1    
   -128022.7      -122689.1      -117662.7      -112919.3    
   -108437.5      -104197.8      -100182.4      -96375.54    
   -92762.56      -89330.27      -86066.60      -82960.51    
   -80001.89      -77181.45      -74490.65      -71921.62    
   -69467.11      -67120.40      -64875.31      -62726.06    
   -60667.33      -58694.16      -56801.92      -54986.33    
   -53243.37      -51569.29      -49960.60      -48414.02    
   -46926.48      -45495.11      -44117.20      -42790.21    
   -41511.77      -40279.63      -39091.66      -37945.88    
   -36840.41      -35773.46      -34743.37      -33748.54    
   -32787.47      -31858.74      -30960.99      -30092.96    
   -29253.44      -28441.25      -27655.33      -26894.61    
   -26158.13      -25444.93      -24754.11      -24084.84    
   -23436.28      -22807.67      -22198.26      -21607.36    
   -21034.28      -20478.37      -19939.03      -19415.66    
   -18907.70      -18414.61      -17935.88      -17471.00    
   -17019.50      -16580.93      -16154.85      -15740.85    
   -15338.51      -14947.47      -14567.33      -14197.76    
   -13838.41      -13488.95      -13149.06      -12818.43    
   -12496.79      -12183.84      -11879.32      -11582.95    
   -11294.50      -11013.72      -10740.38      -10474.25    
   -10215.11      -9962.754      -9716.982      -9477.599    
   -9244.415      -9017.251      -8795.929      -8580.282    
   -8370.146      -8165.363      -7965.780      -7771.250    
   -7581.630      -7396.783      -7216.576      -7040.878    
   -6869.567      -6702.520      -6539.621      -6380.757    
   -6225.818      -6074.698      -5927.294      -5783.507    
   -5643.239      -5506.396      -5372.889      -5242.628    
   -5115.528      -4991.506      -4870.481      -4752.376    
   -4637.113      -4524.620      -4414.824      -4307.657    
   -4203.051      -4100.940      -4001.261      -3903.953    
   -3808.955      -3716.209      -3625.659      -3537.250    
   -3450.930      -3366.645      -3284.347      -3203.987    
   -3125.517      -3048.892      -2974.066      -2900.996    
   -2829.640      -2759.958      -2691.908      -2625.452    
   -2560.553      -2497.173      -2435.276      -2374.828    
   -2315.794      -2258.141      -2201.837      -2146.849    
   -2093.147      -2040.701      -1989.481      -1939.460    
   -1890.607      -1842.898      -1796.304      -1750.800    
   -1706.360      -1662.961      -1620.577      -1579.185    
   -1538.763      -1499.288      -1460.739      -1423.094    
   -1386.334      -1350.437      -1315.385      -1281.158    
   -1247.739      -1215.109      -1183.250      -1152.145    
   -1121.777      -1092.131      -1063.189      -1034.937    
   -1007.358      -980.4380      -954.1618      -928.5150    
   -903.4834      -879.0531      -855.2108      -831.9433    
   -809.2376      -787.0813      -765.4622      -744.3685    
   -723.7886      -703.7113      -684.1257      -665.0212    
   -646.3874      -628.2141      -610.4915      -593.2098    
   -576.3596      -559.9316      -543.9165      -528.3053    
   -513.0891      -498.2592      -483.8068      -469.7233    
   -456.0004      -442.6295      -429.6025      -416.9112    
   -404.5475      -392.5035      -380.7715      -369.3438    
   -358.2130      -347.3719      -336.8132      -326.5303    
   -316.5163      -306.7649      -297.2698      -288.0250    
   -279.0247      -270.2632      -261.7352      -253.4353    
   -245.3584      -237.4995      -229.8537      -222.4160    
   -215.1817      -208.1461      -201.3043      -194.6518    
   -188.1840      -181.8964      -175.7847      -169.8447    
   -164.0722      -158.4635      -153.0146      -147.7222    
   -142.5828      -137.5931      -132.7500      -128.0506    
   -123.4921      -119.0716      -114.7864      -110.6339    
   -106.6115      -102.7165      -98.94632      -95.29840    
   -91.77006      -88.35865      -85.06146      -81.87577    
   -78.79881      -75.82780      -72.95990      -70.19227    
   -67.52206      -64.94640      -62.46243      -60.06729    
   -57.75815      -55.53221      -53.38669      -51.31888    
   -49.32611      -47.40578      -45.55536      -43.77238    
   -42.05445      -40.39928      -38.80464      -37.26838    
   -35.78843      -34.36282      -32.98962      -31.66698    
   -30.39314      -29.16636      -27.98500      -26.84745    
   -25.75214      -24.69757      -23.68227      -22.70484    
   -21.76390      -20.85812      -19.98623      -19.14700    
   -18.33923      -17.56180      -16.81361      -16.09363    
   -15.40086      -14.73435      -14.09320      -13.47653    
   -12.88353      -12.31339      -11.76537      -11.23872    
   -10.73275      -10.24677      -9.780144      -9.332224    
   -8.902397      -8.490066      -8.094649      -7.715578    
   -7.352301      -7.004278      -6.670985      -6.351907    
   -6.046545      -5.754409      -5.475025      -5.207930    
   -4.952673      -4.708817      -4.475935      -4.253616    
   -4.041460      -3.839081      -3.646103      -3.462168    
   -3.286924      -3.120038      -2.961186      -2.810057    
   -2.666352      -2.529785      -2.400081      -2.276977    
   -2.160220      -2.049572      -1.944800      -1.845687    
   -1.752023      -1.663610      -1.580259      -1.501790    
   -1.428034      -1.358830      -1.294026      -1.233478    
   -1.177053      -1.124623      -1.076070      -1.031281    
   -.9901534      -.9525901      -.9185007      -.8878017    
   -.8604154      -.8362703      -.8153005      -.7974452    
   -.7826489      -.7708607      -.7620343      -.7561276    
   400                                                      #     Pt     IS=2
    .0000000E+00  -7799122.      -3841761.      -2523198.    
   -1864328.      -1469332.      -1206269.      -1018594.    
   -878031.7      -768876.8      -681704.5      -610517.5    
   -551317.7      -501337.2      -458598.8      -421652.9    
   -389411.9      -361044.4      -335903.8      -313479.5    
   -293363.0      -275223.8      -258791.3      -243842.2    
   -230190.3      -217679.1      -206176.4      -195569.5    
   -185761.7      -176669.9      -168221.8      -160354.6    
   -153013.4      -146149.8      -139721.3      -133690.1    
   -128022.7      -122689.1      -117662.7      -112919.3    
   -108437.5      -104197.8      -100182.4      -96375.54    
   -92762.56      -89330.27      -86066.60      -82960.51    
   -80001.89      -77181.45      -74490.65      -71921.62    
   -69467.11      -67120.40      -64875.31      -62726.06    
   -60667.33      -58694.16      -56801.92      -54986.33    
   -53243.37      -51569.29      -49960.60      -48414.02    
   -46926.48      -45495.11      -44117.20      -42790.21    
   -41511.77      -40279.63      -39091.66      -37945.88    
   -36840.41      -35773.46      -34743.37      -33748.54    
   -32787.47      -31858.74      -30960.99      -30092.96    
   -29253.44      -28441.25      -27655.33      -26894.61    
   -26158.13      -25444.93      -24754.11      -24084.84    
   -23436.28      -22807.67      -22198.26      -21607.36    
   -21034.28      -20478.37      -19939.03      -19415.66    
   -18907.70      -18414.61      -17935.88      -17471.00    
   -17019.50      -16580.93      -16154.85      -15740.85    
   -15338.51      -14947.47      -14567.33      -14197.76    
   -13838.41      -13488.95      -13149.06      -12818.43    
   -12496.79      -12183.84      -11879.32      -11582.95    
   -11294.50      -11013.72      -10740.38      -10474.25    
   -10215.11      -9962.754      -9716.982      -9477.599    
   -9244.415      -9017.251      -8795.929      -8580.282    
   -8370.146      -8165.363      -7965.780      -7771.250    
   -7581.630      -7396.783      -7216.576      -7040.878    
   -6869.567      -6702.520      -6539.621      -6380.757    
   -6225.818      -6074.698      -5927.294      -5783.507    
   -5643.239      -5506.396      -5372.889      -5242.628    
   -5115.528      -4991.506      -4870.481      -4752.376    
   -4637.113      -4524.620      -4414.824      -4307.657    
   -4203.051      -4100.940      -4001.261      -3903.953    
   -3808.955      -3716.209      -3625.659      -3537.250    
   -3450.930      -3366.645      -3284.347      -3203.987    
   -3125.517      -3048.892      -2974.066      -2900.996    
   -2829.640      -2759.958      -2691.908      -2625.452    
   -2560.553      -2497.173      -2435.276      -2374.828    
   -2315.794      -2258.141      -2201.837      -2146.849    
   -2093.147      -2040.701      -1989.481      -1939.460    
   -1890.607      -1842.898      -1796.304      -1750.800    
   -1706.360      -1662.961      -1620.577      -1579.185    
   -1538.763      -1499.288      -1460.739      -1423.094    
   -1386.334      -1350.437      -1315.385      -1281.158    
   -1247.739      -1215.109      -1183.250      -1152.145    
   -1121.777      -1092.131      -1063.189      -1034.937    
   -1007.358      -980.4380      -954.1618      -928.5150    
   -903.4834      -879.0531      -855.2108      -831.9433    
   -809.2376      -787.0813      -765.4622      -744.3685    
   -723.7886      -703.7113      -684.1257      -665.0212    
   -646.3874      -628.2141      -610.4915      -593.2098    
   -576.3596      -559.9316      -543.9165      -528.3053    
   -513.0891      -498.2592      -483.8068      -469.7233    
   -456.0004      -442.6295      -429.6025      -416.9112    
   -404.5475      -392.5035      -380.7715      -369.3438    
   -358.2130      -347.3719      -336.8132      -326.5303    
   -316.5163      -306.7649      -297.2698      -288.0250    
   -279.0247      -270.2632      -261.7352      -253.4353    
   -245.3584      -237.4995      -229.8537      -222.4160    
   -215.1817      -208.1461      -201.3043      -194.6518    
   -188.1840      -181.8964      -175.7847      -169.8447    
   -164.0722      -158.4635      -153.0146      -147.7222    
   -142.5828      -137.5931      -132.7500      -128.0506    
   -123.4921      -119.0716      -114.7864      -110.6339    
   -106.6115      -102.7165      -98.94632      -95.29840    
   -91.77006      -88.35865      -85.06146      -81.87577    
   -78.79881      -75.82780      -72.95990      -70.19227    
   -67.52206      -64.94640      -62.46243      -60.06729    
   -57.75815      -55.53221      -53.38669      -51.31888    
   -49.32611      -47.40578      -45.55536      -43.77238    
   -42.05445      -40.39928      -38.80464      -37.26838    
   -35.78843      -34.36282      -32.98962      -31.66698    
   -30.39314      -29.16636      -27.98500      -26.84745    
   -25.75214      -24.69757      -23.68227      -22.70484    
   -21.76390      -20.85812      -19.98623      -19.14700    
   -18.33923      -17.56180      -16.81361      -16.09363    
   -15.40086      -14.73435      -14.09320      -13.47653    
   -12.88353      -12.31339      -11.76537      -11.23872    
   -10.73275      -10.24677      -9.780144      -9.332224    
   -8.902397      -8.490066      -8.094649      -7.715578    
   -7.352301      -7.004278      -6.670985      -6.351907    
   -6.046545      -5.754409      -5.475025      -5.207930    
   -4.952673      -4.708817      -4.475935      -4.253616    
   -4.041460      -3.839081      -3.646103      -3.462168    
   -3.286924      -3.120038      -2.961186      -2.810057    
   -2.666352      -2.529785      -2.400081      -2.276977    
   -2.160220      -2.049572      -1.944800      -1.845687    
   -1.752023      -1.663610      -1.580259      -1.501790    
   -1.428034      -1.358830      -1.294026      -1.233478    
   -1.177053      -1.124623      -1.076070      -1.031281    
   -.9901534      -.9525901      -.9185007      -.8878017    
   -.8604154      -.8362703      -.8153005      -.7974452    
   -.7826489      -.7708607      -.7620343      -.7561276    
 XXXXXXXXXXXXXXXXXXXXXXXXXXXXXXXXXXXXXXXXXXXX
                                                      Pt           IS=1
   -.5598901      -.3621707      -.2871402    
   -.4828745       .6442254      -.2648935    
    .1500521       .1584079       .2297746E-01
    .4270418       .1186656       .1058732E-01
    .6095448E-01   .2482499E-01   .7701546    
   -.7526334       .4342486      -2.554470    
   -.3338883       .4315192       .1368431    
    .1564833      -.1002021      -.4900751    
                                                      Pt           IS=2
   -.5598901      -.3621707      -.2871402    
   -.4828745       .6442254      -.2648935    
    .1500521       .1584079       .2297746E-01
    .4270418       .1186656       .1058732E-01
    .6095448E-01   .2482499E-01   .7701546    
   -.7526334       .4342486      -2.554470    
   -.3338883       .4315192       .1368431    
    .1564833      -.1002021      -.4900751    
    12                                                Pt          
     1    0    0
   -5754.378      -5754.378    
     2    0    0
   -1010.299      -1010.299    
     2    1    0
   -875.4480      -875.4480    
     3    0    0
   -237.1387      -237.1387    
     3    1    0
   -197.9132      -197.9132    
     3    2    0
   -155.4174      -155.4174    
     4    0    0
   -50.74842      -50.74842    
     4    1    0
   -37.88750      -37.88750    
     4    2    0
   -22.29835      -22.29835    
     4    3    0
   -4.968994      -4.968994    
     5    0    0
   -7.288374      -7.288374    
     5    1    0
   -3.915468      -3.915468    
