#  Bulk results for: Pt, IVXC=0, NK=   30
     3                                                      # NL
   0.3484850      0.5303000E-01  0.1071400E-01
    78.00000       2.897364       2.897364                  # AZ, WSR
  -0.2747971E-01   0.000000                                  # Fermi.En, Mag.Mom
   0.0000000E+00                                            # Pot.Shift
     0                                                      # SW
     1                                                      # NS
   400                                                      #     Pt	    IS=1
    0.000000      -7799122.      -3841761.      -2523197.    
   -1864328.      -1469332.      -1206269.      -1018593.    
   -878031.6      -768876.7      -681704.4      -610517.4    
   -551317.6      -501337.1      -458598.7      -421652.7    
   -389411.8      -361044.3      -335903.7      -313479.3    
   -293362.9      -275223.7      -258791.2      -243842.1    
   -230190.2      -217679.0      -206176.3      -195569.4    
   -185761.6      -176669.8      -168221.7      -160354.5    
   -153013.3      -146149.7      -139721.2      -133690.0    
   -128022.6      -122689.0      -117662.6      -112919.2    
   -108437.5      -104197.7      -100182.4      -96375.46    
   -92762.47      -89330.18      -86066.52      -82960.43    
   -80001.81      -77181.37      -74490.56      -71921.54    
   -69467.02      -67120.32      -64875.23      -62725.98    
   -60667.25      -58694.08      -56801.85      -54986.25    
   -53243.29      -51569.22      -49960.53      -48413.95    
   -46926.41      -45495.04      -44117.13      -42790.14    
   -41511.70      -40279.56      -39091.59      -37945.81    
   -36840.34      -35773.40      -34743.30      -33748.47    
   -32787.40      -31858.67      -30960.93      -30092.90    
   -29253.37      -28441.19      -27655.27      -26894.55    
   -26158.07      -25444.87      -24754.06      -24084.78    
   -23436.22      -22807.61      -22198.21      -21607.30    
   -21034.22      -20478.32      -19938.98      -19415.61    
   -18907.65      -18414.56      -17935.82      -17470.94    
   -17019.45      -16580.88      -16154.80      -15740.80    
   -15338.46      -14947.42      -14567.29      -14197.72    
   -13838.36      -13488.90      -13149.01      -12818.39    
   -12496.75      -12183.80      -11879.27      -11582.91    
   -11294.46      -11013.68      -10740.34      -10474.21    
   -10215.07      -9962.714      -9716.943      -9477.560    
   -9244.377      -9017.213      -8795.892      -8580.245    
   -8370.109      -8165.326      -7965.744      -7771.214    
   -7581.595      -7396.749      -7216.542      -7040.845    
   -6869.534      -6702.487      -6539.589      -6380.725    
   -6225.787      -6074.667      -5927.264      -5783.476    
   -5643.209      -5506.367      -5372.860      -5242.599    
   -5115.500      -4991.478      -4870.453      -4752.348    
   -4637.086      -4524.593      -4414.797      -4307.631    
   -4203.025      -4100.914      -4001.236      -3903.927    
   -3808.929      -3716.184      -3625.634      -3537.226    
   -3450.906      -3366.622      -3284.324      -3203.964    
   -3125.494      -3048.869      -2974.043      -2900.973    
   -2829.618      -2759.936      -2691.886      -2625.431    
   -2560.532      -2497.152      -2435.256      -2374.808    
   -2315.774      -2258.121      -2201.817      -2146.830    
   -2093.128      -2040.682      -1989.463      -1939.441    
   -1890.590      -1842.880      -1796.287      -1750.783    
   -1706.344      -1662.944      -1620.561      -1579.169    
   -1538.748      -1499.273      -1460.724      -1423.080    
   -1386.319      -1350.423      -1315.371      -1281.145    
   -1247.726      -1215.096      -1183.237      -1152.132    
   -1121.765      -1092.119      -1063.178      -1034.925    
   -1007.347      -980.4270      -954.1509      -928.5042    
   -903.4728      -879.0427      -855.2005      -831.9331    
   -809.2275      -787.0714      -765.4524      -744.3588    
   -723.7790      -703.7018      -684.1164      -665.0120    
   -646.3782      -628.2051      -610.4826      -593.2011    
   -576.3510      -559.9231      -543.9081      -528.2971    
   -513.0811      -498.2514      -483.7991      -469.7159    
   -455.9931      -442.6224      -429.5956      -416.9045    
   -404.5410      -392.4973      -380.7655      -369.3381    
   -358.2075      -347.3666      -336.8083      -326.5256    
   -316.5119      -306.7607      -297.2659      -288.0213    
   -279.0212      -270.2600      -261.7321      -253.4325    
   -245.3558      -237.4971      -229.8514      -222.4139    
   -215.1797      -208.1441      -201.3024      -194.6500    
   -188.1822      -181.8947      -175.7831      -169.8430    
   -164.0706      -158.4618      -153.0130      -147.7206    
   -142.5811      -137.5914      -132.7483      -128.0489    
   -123.4904      -119.0698      -114.7847      -110.6322    
   -106.6097      -102.7147      -98.94461      -95.29671    
   -91.76841      -88.35704      -85.05990      -81.87426    
   -78.79737      -75.82642      -72.95860      -70.19107    
   -67.52096      -64.94541      -62.46155      -60.06654    
   -57.75753      -55.53172      -53.38635      -51.31869    
   -49.32608      -47.40591      -45.55566      -43.77284    
   -42.05509      -40.40009      -38.80562      -37.26953    
   -35.78976      -34.36431      -32.99127      -31.66879    
   -30.39510      -29.16847      -27.98725      -26.84982    
   -25.75463      -24.70018      -23.68499      -22.70766    
   -21.76681      -20.86112      -19.98931      -19.15015    
   -18.34245      -17.56508      -16.81696      -16.09703    
   -15.40432      -14.73786      -14.09676      -13.48015    
   -12.88719      -12.31711      -11.76913      -11.24254    
   -10.73662      -10.25070      -9.784127      -9.336263    
   -8.906494      -8.494223      -8.098866      -7.719857    
   -7.356643      -7.008686      -6.675458      -6.356447    
   -6.051152      -5.759085      -5.479770      -5.212745    
   -4.957558      -4.713772      -4.480961      -4.258712    
   -4.046627      -3.844318      -3.651410      -3.467543    
   -3.292368      -3.125550      -2.966764      -2.815700    
   -2.672060      -2.535556      -2.405913      -2.282869    
   -2.166172      -2.055580      -1.950864      -1.851804    
   -1.758193      -1.669830      -1.586527      -1.508104    
   -1.434393      -1.365232      -1.300469      -1.239961    
   -1.183573      -1.131179      -1.082659      -1.037903    
  -0.9968060     -0.9592719     -0.9252103     -0.8945376    
  -0.8671763     -0.8430550     -0.8221077     -0.8042740    
  -0.7894983     -0.7777299     -0.7689227     -0.7630345    
 XXXXXXXXXXXXXXXXXXXXXXXXXXXXXXXXXXXXXXXXXXXX
                                                      Pt	          IS=1
  -0.5659082     -0.3677015     -0.2922552    
  -0.4890883      0.6380153     -0.2699056    
   0.1500991      0.1584249      0.2301681E-01
   0.4270490      0.1186649      0.1058680E-01
   0.6092001E-01  0.2482815E-01  0.7689856    
  -0.7533131      0.4327806      -2.553279    
  -0.3339042      0.4314639      0.1369917    
   0.1564429     -0.1001979     -0.4896576    
    12                                                Pt	         
     1    0    0
   -5754.354      -5754.354    
     2    0    0
   -1010.287      -1010.287    
     2    1    0
   -875.4356      -875.4356    
     3    0    0
   -237.1339      -237.1339    
     3    1    0
   -197.9085      -197.9085    
     3    2    0
   -155.4123      -155.4123    
     4    0    0
   -50.74736      -50.74736    
     4    1    0
   -37.88670      -37.88670    
     4    2    0
   -22.29792      -22.29792    
     4    3    0
   -4.969294      -4.969294    
     5    0    0
   -7.291634      -7.291634    
     5    1    0
   -3.919271      -3.919271    
