 Cu2
     3                                           NL
   0.3484850       0.053030       0.010714       CU        NS=2
    29.00000       2.621000    				!Z, WSR
     -0.04371795d0					!Fermi Energy
     0.0d0						!Potential Shift
     0							!Swap spin
     2      						!NS 
   400                                              CU2            IS=1
   0.0000000E+00  -2899782.      -1428824.      -938706.4    
   -693796.8      -546968.7      -449179.9      -379412.4    
   -327157.1      -286575.8      -254165.4      -227696.9    
   -205684.0      -187098.0      -171204.0      -157463.1    
   -145471.2      -134919.1      -125566.5      -117223.6    
   -109738.7      -102988.8      -96873.46      -91309.53    
   -86227.85      -81570.28      -77287.66      -73338.08    
   -69685.65      -66299.41      -63152.54      -60221.70    
   -57486.44      -54928.80      -52532.96      -50284.89    
   -48172.11      -46183.51      -44309.15      -42540.10    
   -40868.34      -39286.62      -37788.39      -36367.72    
   -35019.19      -33737.90      -32519.36      -31359.46    
   -30254.44      -29200.85      -28195.52      -27235.51    
   -26318.13      -25440.88      -24601.46      -23797.73    
   -23027.70      -22289.53      -21581.51      -20902.02    
   -20249.59      -19622.81      -19020.39      -18441.10    
   -17883.81      -17347.45      -16831.00      -16333.53    
   -15854.15      -15392.02      -14946.36      -14516.42    
   -14101.50      -13700.95      -13314.13      -12940.46    
   -12579.37      -12230.34      -11892.87      -11566.48    
   -11250.71      -10945.15      -10649.37      -10363.00    
   -10085.67      -9817.024      -9556.730      -9304.470    
   -9059.942      -8822.856      -8592.937      -8369.921    
   -8153.558      -7943.607      -7739.839      -7542.034    
   -7349.981      -7163.481      -6982.341      -6806.375    
   -6635.408      -6469.271      -6307.800      -6150.841    
   -5998.243      -5849.863      -5705.564      -5565.212    
   -5428.682      -5295.850      -5166.598      -5040.815    
   -4918.390      -4799.220      -4683.204      -4570.244    
   -4460.246      -4353.122      -4248.784      -4147.148    
   -4048.134      -3951.664      -3857.663      -3766.058    
   -3676.779      -3589.760      -3504.934      -3422.239    
   -3341.614      -3263.000      -3186.340      -3111.580    
   -3038.666      -2967.546      -2898.173      -2830.496    
   -2764.470      -2700.050      -2637.191      -2575.853    
   -2515.993      -2457.573      -2400.554      -2344.898    
   -2290.570      -2237.535      -2185.759      -2135.209    
   -2085.853      -2037.661      -1990.602      -1944.647    
   -1899.767      -1855.937      -1813.128      -1771.315    
   -1730.473      -1690.578      -1651.605      -1613.532    
   -1576.337      -1539.997      -1504.491      -1469.800    
   -1435.902      -1402.779      -1370.412      -1338.782    
   -1307.871      -1277.661      -1248.137      -1219.282    
   -1191.078      -1163.512      -1136.568      -1110.230    
   -1084.485      -1059.318      -1034.716      -1010.666    
   -987.1551      -964.1700      -941.6989      -919.7298    
   -898.2512      -877.2519      -856.7207      -836.6470    
   -817.0204      -797.8308      -779.0682      -760.7232    
   -742.7862      -725.2481      -708.1001      -691.3336    
   -674.9399      -658.9109      -643.2385      -627.9149    
   -612.9324      -598.2834      -583.9608      -569.9572    
   -556.2657      -542.8794      -529.7917      -516.9959    
   -504.4856      -492.2547      -480.2968      -468.6060    
   -457.1764      -446.0022      -435.0778      -424.3977    
   -413.9565      -403.7490      -393.7700      -384.0146    
   -374.4778      -365.1549      -356.0413      -347.1324    
   -338.4239      -329.9114      -321.5909      -313.4582    
   -305.5094      -297.7407      -290.1482      -282.7283    
   -275.4775      -268.3923      -261.4691      -254.7048    
   -248.0961      -241.6397      -235.3326      -229.1717    
   -223.1539      -217.2764      -211.5363      -205.9307    
   -200.4567      -195.1118      -189.8931      -184.7979    
   -179.8237      -174.9678      -170.2277      -165.6009    
   -161.0849      -156.6772      -152.3754      -148.1772    
   -144.0801      -140.0820      -136.1806      -132.3735    
   -128.6588      -125.0342      -121.4976      -118.0470    
   -114.6805      -111.3960      -108.1918      -105.0659    
   -102.0166      -99.04225      -96.14108      -93.31150    
   -90.55197      -87.86097      -85.23705      -82.67879    
   -80.18483      -77.75383      -75.38450      -73.07556    
   -70.82577      -68.63390      -66.49873      -64.41904    
   -62.39364      -60.42131      -58.50086      -56.63109    
   -54.81081      -53.03882      -51.31397      -49.63508    
   -48.00103      -46.41071      -44.86305      -43.35701    
   -41.89157      -40.46579      -39.07875      -37.72956    
   -36.41740      -35.14146      -33.90099      -32.69527    
   -31.52361      -30.38534      -29.27983      -28.20647    
   -27.16467      -26.15385      -25.17343      -24.22288    
   -23.30165      -22.40918      -21.54494      -20.70840    
   -19.89902      -19.11625      -18.35955      -17.62839    
   -16.92220      -16.24044      -15.58255      -14.94796    
   -14.33612      -13.74644      -13.17837      -12.63133    
   -12.10474      -11.59802      -11.11062      -10.64194    
   -10.19143      -9.758516      -9.342638      -8.943241    
   -8.559776      -8.191702      -7.838486      -7.499606    
   -7.174548      -6.862812      -6.563905      -6.277350    
   -6.002683      -5.739449      -5.487210      -5.245542    
   -5.014033      -4.792285      -4.579916      -4.376558    
   -4.181854      -3.995465      -3.817064      -3.646338    
   -3.482985      -3.326719      -3.177266      -3.034362    
   -2.897856      -2.767431      -2.642825      -2.523822    
   -2.410212      -2.301795      -2.198384      -2.099794    
   -2.005855      -1.916399      -1.831268      -1.750311    
   -1.673383      -1.600345      -1.531065      -1.465417    
   -1.403278      -1.344534      -1.289073      -1.236792    
   -1.187590      -1.141372      -1.098048      -1.057533    
   -1.019747     -0.9846143     -0.9520645     -0.9220317    
  -0.8944545     -0.8692760     -0.8464440     -0.8259103    
  -0.8076311     -0.7915668     -0.7776817     -0.7659437    
  -0.7563248     -0.7488001     -0.7433484     -0.7399516    
   400                                              CU2            IS=2
   0.0000000E+00  -2899782.      -1428824.      -938706.4    
   -693796.8      -546968.7      -449179.9      -379412.4    
   -327157.1      -286575.8      -254165.4      -227696.9    
   -205684.0      -187098.0      -171204.0      -157463.1    
   -145471.2      -134919.1      -125566.5      -117223.6    
   -109738.7      -102988.8      -96873.46      -91309.53    
   -86227.85      -81570.28      -77287.66      -73338.08    
   -69685.65      -66299.41      -63152.54      -60221.70    
   -57486.44      -54928.80      -52532.96      -50284.89    
   -48172.11      -46183.51      -44309.15      -42540.10    
   -40868.34      -39286.62      -37788.39      -36367.72    
   -35019.19      -33737.90      -32519.36      -31359.46    
   -30254.44      -29200.85      -28195.52      -27235.51    
   -26318.13      -25440.88      -24601.46      -23797.73    
   -23027.70      -22289.53      -21581.51      -20902.02    
   -20249.59      -19622.81      -19020.39      -18441.10    
   -17883.81      -17347.45      -16831.00      -16333.53    
   -15854.15      -15392.02      -14946.36      -14516.42    
   -14101.50      -13700.95      -13314.13      -12940.46    
   -12579.37      -12230.34      -11892.87      -11566.48    
   -11250.71      -10945.15      -10649.37      -10363.00    
   -10085.67      -9817.024      -9556.730      -9304.470    
   -9059.942      -8822.856      -8592.937      -8369.921    
   -8153.558      -7943.607      -7739.839      -7542.034    
   -7349.981      -7163.481      -6982.341      -6806.375    
   -6635.408      -6469.271      -6307.800      -6150.841    
   -5998.243      -5849.863      -5705.564      -5565.212    
   -5428.682      -5295.850      -5166.598      -5040.815    
   -4918.390      -4799.220      -4683.204      -4570.244    
   -4460.246      -4353.122      -4248.784      -4147.148    
   -4048.134      -3951.664      -3857.663      -3766.058    
   -3676.779      -3589.760      -3504.934      -3422.239    
   -3341.614      -3263.000      -3186.340      -3111.580    
   -3038.666      -2967.546      -2898.173      -2830.496    
   -2764.470      -2700.050      -2637.191      -2575.853    
   -2515.993      -2457.573      -2400.554      -2344.898    
   -2290.570      -2237.535      -2185.759      -2135.209    
   -2085.853      -2037.661      -1990.602      -1944.647    
   -1899.767      -1855.937      -1813.128      -1771.315    
   -1730.473      -1690.578      -1651.605      -1613.532    
   -1576.337      -1539.997      -1504.491      -1469.800    
   -1435.902      -1402.779      -1370.412      -1338.782    
   -1307.871      -1277.661      -1248.137      -1219.282    
   -1191.078      -1163.512      -1136.568      -1110.230    
   -1084.485      -1059.318      -1034.716      -1010.666    
   -987.1551      -964.1700      -941.6989      -919.7298    
   -898.2512      -877.2519      -856.7207      -836.6470    
   -817.0204      -797.8308      -779.0682      -760.7231    
   -742.7862      -725.2481      -708.1001      -691.3335    
   -674.9399      -658.9109      -643.2385      -627.9149    
   -612.9324      -598.2834      -583.9608      -569.9572    
   -556.2657      -542.8794      -529.7916      -516.9959    
   -504.4856      -492.2546      -480.2968      -468.6060    
   -457.1764      -446.0022      -435.0778      -424.3977    
   -413.9565      -403.7490      -393.7700      -384.0146    
   -374.4778      -365.1549      -356.0413      -347.1324    
   -338.4239      -329.9114      -321.5909      -313.4582    
   -305.5094      -297.7407      -290.1482      -282.7284    
   -275.4775      -268.3923      -261.4691      -254.7048    
   -248.0961      -241.6397      -235.3326      -229.1717    
   -223.1539      -217.2764      -211.5363      -205.9307    
   -200.4568      -195.1118      -189.8931      -184.7979    
   -179.8237      -174.9678      -170.2278      -165.6009    
   -161.0849      -156.6772      -152.3754      -148.1772    
   -144.0802      -140.0821      -136.1806      -132.3736    
   -128.6588      -125.0342      -121.4976      -118.0470    
   -114.6805      -111.3961      -108.1918      -105.0659    
   -102.0167      -99.04230      -96.14113      -93.31156    
   -90.55202      -87.86103      -85.23711      -82.67885    
   -80.18489      -77.75390      -75.38457      -73.07563    
   -70.82585      -68.63398      -66.49881      -64.41912    
   -62.39372      -60.42140      -58.50095      -56.63118    
   -54.81090      -53.03892      -51.31406      -49.63518    
   -48.00113      -46.41081      -44.86315      -43.35710    
   -41.89167      -40.46589      -39.07884      -37.72966    
   -36.41749      -35.14156      -33.90109      -32.69536    
   -31.52370      -30.38543      -29.27992      -28.20656    
   -27.16476      -26.15393      -25.17352      -24.22296    
   -23.30173      -22.40926      -21.54502      -20.70848    
   -19.89909      -19.11632      -18.35963      -17.62846    
   -16.92227      -16.24051      -15.58262      -14.94803    
   -14.33618      -13.74651      -13.17843      -12.63139    
   -12.10480      -11.59808      -11.11068      -10.64200    
   -10.19149      -9.758573      -9.342694      -8.943296    
   -8.559830      -8.191755      -7.838538      -7.499657    
   -7.174599      -6.862861      -6.563954      -6.277398    
   -6.002730      -5.739495      -5.487256      -5.245587    
   -5.014076      -4.792328      -4.579958      -4.376598    
   -4.181894      -3.995504      -3.817102      -3.646374    
   -3.483020      -3.326753      -3.177298      -3.034393    
   -2.897885      -2.767458      -2.642852      -2.523846    
   -2.410234      -2.301816      -2.198402      -2.099810    
   -2.005868      -1.916409      -1.831275      -1.750316    
   -1.673384      -1.600344      -1.531060      -1.465408    
   -1.403266      -1.344518      -1.289054      -1.236769    
   -1.187563      -1.141341      -1.098014      -1.057495    
   -1.019705     -0.9845686     -0.9520153     -0.9219790    
  -0.8943984     -0.8692167     -0.8463816     -0.8258450    
  -0.8075632     -0.7914966     -0.7776092     -0.7658694    
  -0.7562489     -0.7487230     -0.7432704     -0.7398730    
