   2.05782477  -0.20000000
   1.47869453  -0.20000000
   2.05966955  -0.19959960
   1.48186287  -0.19959960
   2.06150803  -0.19919920
   1.48502521  -0.19919920
   2.06334028  -0.19879880
   1.48818158  -0.19879880
   2.06516640  -0.19839840
   1.49133203  -0.19839840
   2.06698645  -0.19799800
   1.49447662  -0.19799800
   2.06880052  -0.19759760
   1.49761539  -0.19759760
   2.07060869  -0.19719720
   1.50074838  -0.19719720
   2.07241103  -0.19679680
   1.50387564  -0.19679680
   2.07420763  -0.19639640
   1.50699722  -0.19639640
   2.07599855  -0.19599600
   1.51011317  -0.19599600
   2.07778387  -0.19559560
   1.51322352  -0.19559560
   2.07956366  -0.19519520
   1.51632832  -0.19519520
   2.08133798  -0.19479479
   1.51942762  -0.19479479
   2.08310692  -0.19439439
   1.52252145  -0.19439439
   2.08487054  -0.19399399
   1.52560987  -0.19399399
   2.08662890  -0.19359359
   1.52869291  -0.19359359
   2.08838206  -0.19319319
   1.53177062  -0.19319319
   2.09013010  -0.19279279
   1.53484304  -0.19279279
   2.09187307  -0.19239239
   1.53791020  -0.19239239
   2.09361104  -0.19199199
   1.54097216  -0.19199199
   2.09534407  -0.19159159
   1.54402895  -0.19159159
   2.09707221  -0.19119119
   1.54708061  -0.19119119
   2.09879553  -0.19079079
   1.55012718  -0.19079079
   2.10051409  -0.19039039
   1.55316870  -0.19039039
   2.10222793  -0.18998999
   1.55620522  -0.18998999
   2.10393712  -0.18958959
   1.55923676  -0.18958959
   2.10564171  -0.18918919
   1.56226338  -0.18918919
   2.10734176  -0.18878879
   1.56528510  -0.18878879
   2.10903731  -0.18838839
   1.56830197  -0.18838839
   2.11072842  -0.18798799
   1.57131402  -0.18798799
   2.11241514  -0.18758759
   1.57432129  -0.18758759
   2.11409753  -0.18718719
   1.57732382  -0.18718719
   2.11577562  -0.18678679
   1.58032164  -0.18678679
   1.15969861  -0.18678679
   1.10319010  -0.18678679
   2.11744948  -0.18638639
   1.58331480  -0.18638639
   1.18130155  -0.18638639
   1.08117349  -0.18638639
   2.11911914  -0.18598599
   1.58630332  -0.18598599
   1.19610263  -0.18598599
   1.06594992  -0.18598599
   2.12078466  -0.18558559
   1.58928725  -0.18558559
   1.20816615  -0.18558559
   1.05345500  -0.18558559
   2.12244608  -0.18518519
   1.59226661  -0.18518519
   1.21864305  -0.18518519
   1.04253771  -0.18518519
   2.12410344  -0.18478478
   1.59524145  -0.18478478
   1.22805449  -0.18478478
   1.03267683  -0.18478478
   2.12575680  -0.18438438
   1.59821180  -0.18438438
   1.23668871  -0.18438438
   1.02358402  -0.18438438
   2.12740620  -0.18398398
   1.60117770  -0.18398398
   1.24472482  -0.18398398
   1.01508011  -0.18398398
   2.12905167  -0.18358358
   1.60413917  -0.18358358
   1.25228297  -0.18358358
   1.00704485  -0.18358358
   2.13069327  -0.18318318
   1.60709626  -0.18318318
   1.25944839  -0.18318318
   0.99939295  -0.18318318
   2.13233104  -0.18278278
   1.61004900  -0.18278278
   1.26628401  -0.18278278
   0.99206137  -0.18278278
   2.13396501  -0.18238238
   1.61299742  -0.18238238
   1.27283790  -0.18238238
   0.98500198  -0.18238238
   2.13559523  -0.18198198
   1.61594156  -0.18198198
   1.27914768  -0.18198198
   0.97817707  -0.18198198
   2.13722174  -0.18158158
   1.61888144  -0.18158158
   1.28524346  -0.18158158
   0.97155643  -0.18158158
   2.13884458  -0.18118118
   1.62181711  -0.18118118
   1.29114976  -0.18118118
   0.96511546  -0.18118118
   2.14046379  -0.18078078
   1.62474860  -0.18078078
   1.29688686  -0.18078078
   0.95883379  -0.18078078
   2.14207941  -0.18038038
   1.62767593  -0.18038038
   1.30247176  -0.18038038
   0.95269433  -0.18038038
   2.14369147  -0.17997998
   1.63059914  -0.17997998
   1.30791884  -0.17997998
   0.94668260  -0.17997998
   2.14530002  -0.17957958
   1.63351827  -0.17957958
   1.31324042  -0.17957958
   0.94078620  -0.17957958
   2.14690508  -0.17917918
   1.63643334  -0.17917918
   1.31844714  -0.17917918
   0.93499439  -0.17917918
   2.14850671  -0.17877878
   1.63934439  -0.17877878
   1.32354824  -0.17877878
   0.92929783  -0.17877878
   2.15010492  -0.17837838
   1.64225144  -0.17837838
   1.32855182  -0.17837838
   0.92368830  -0.17837838
   2.15169977  -0.17797798
   1.64515454  -0.17797798
   1.33346504  -0.17797798
   0.91815858  -0.17797798
   2.15329128  -0.17757758
   1.64805371  -0.17757758
   1.33829423  -0.17757758
   0.91270221  -0.17757758
   2.15487948  -0.17717718
   1.65094898  -0.17717718
   1.34304504  -0.17717718
   0.90731344  -0.17717718
   2.15646442  -0.17677678
   1.65384038  -0.17677678
   1.34772252  -0.17677678
   0.90198711  -0.17677678
   2.15804613  -0.17637638
   1.65672795  -0.17637638
   1.35233123  -0.17637638
   0.89671856  -0.17637638
   2.15962463  -0.17597598
   1.65961172  -0.17597598
   1.35687527  -0.17597598
   0.89150357  -0.17597598
   2.16119997  -0.17557558
   1.66249171  -0.17557558
   1.36135838  -0.17557558
   0.88633830  -0.17557558
   2.16277217  -0.17517518
   1.66536795  -0.17517518
   1.36578395  -0.17517518
   0.88121924  -0.17517518
   2.16434127  -0.17477477
   1.66824048  -0.17477477
   1.37015507  -0.17477477
   0.87614318  -0.17477477
   2.16590729  -0.17437437
   1.67110932  -0.17437437
   1.37447457  -0.17437437
   0.87110717  -0.17437437
   2.16747027  -0.17397397
   1.67397451  -0.17397397
   1.37874506  -0.17397397
   0.86610848  -0.17397397
   2.16903024  -0.17357357
   1.67683607  -0.17357357
   1.38296892  -0.17357357
   0.86114460  -0.17357357
   2.17058723  -0.17317317
   1.67969404  -0.17317317
   1.38714838  -0.17317317
   0.85621320  -0.17317317
   2.17214127  -0.17277277
   1.68254844  -0.17277277
   1.39128546  -0.17277277
   0.85131209  -0.17277277
   2.17369239  -0.17237237
   1.68539929  -0.17237237
   1.39538208  -0.17237237
   0.84643925  -0.17237237
   2.17524062  -0.17197197
   1.68824664  -0.17197197
   1.39943997  -0.17197197
   0.84159279  -0.17197197
   2.17678598  -0.17157157
   1.69109051  -0.17157157
   1.40346080  -0.17157157
   0.83677094  -0.17157157
   2.17832851  -0.17117117
   1.69393093  -0.17117117
   1.40744607  -0.17117117
   0.83197202  -0.17117117
   2.17986823  -0.17077077
   1.69676792  -0.17077077
   1.41139722  -0.17077077
   0.82719446  -0.17077077
   2.18140517  -0.17037037
   1.69960151  -0.17037037
   1.41531558  -0.17037037
   0.82243679  -0.17037037
   2.18293935  -0.16996997
   1.70243174  -0.16996997
   1.41920240  -0.16996997
   0.81769760  -0.16996997
   2.18447081  -0.16956957
   1.70525862  -0.16956957
   1.42305886  -0.16956957
   0.81297557  -0.16956957
   2.18599958  -0.16916917
   1.70808219  -0.16916917
   1.42688606  -0.16916917
   0.80826944  -0.16916917
   2.18752566  -0.16876877
   1.71090248  -0.16876877
   1.71090762  -0.16876877
   0.80357801  -0.16876877
   2.18904911  -0.16836837
   1.71371951  -0.16836837
   1.43445677  -0.16836837
   0.79890013  -0.16836837
   2.19056993  -0.16796797
   1.71653331  -0.16796797
   1.43820218  -0.16796797
   0.79423471  -0.16796797
   2.19208815  -0.16756757
   1.71934391  -0.16756757
   1.44192215  -0.16756757
   0.78958071  -0.16756757
   2.19360380  -0.16716717
   1.72215133  -0.16716717
   1.44561750  -0.16716717
   0.78493713  -0.16716717
   2.19511691  -0.16676677
   1.72495560  -0.16676677
   1.44928901  -0.16676677
   0.78030301  -0.16676677
   2.19662750  -0.16636637
   1.72775675  -0.16636637
   1.45293743  -0.16636637
   0.77567742  -0.16636637
   2.19813558  -0.16596597
   1.73055481  -0.16596597
   1.45656345  -0.16596597
   0.77105947  -0.16596597
   2.19964120  -0.16556557
   1.73334980  -0.16556557
   1.46016776  -0.16556557
   0.76644829  -0.16556557
   2.20114436  -0.16516517
   1.73614174  -0.16516517
   1.46375097  -0.16516517
   0.76184306  -0.16516517
   2.20264509  -0.16476476
   1.73893067  -0.16476476
   1.46731370  -0.16476476
   0.75724297  -0.16476476
   2.20414343  -0.16436436
   1.74171662  -0.16436436
   1.47085652  -0.16436436
   0.75264722  -0.16436436
   2.20563938  -0.16396396
   1.74449959  -0.16396396
   1.47437999  -0.16396396
   0.74805507  -0.16396396
   2.20713297  -0.16356356
   1.74727964  -0.16356356
   1.47788463  -0.16356356
   0.74346576  -0.16356356
   2.20862422  -0.16316316
   1.75005677  -0.16316316
   1.48137093  -0.16316316
   0.73887857  -0.16316316
   2.21011316  -0.16276276
   1.75283101  -0.16276276
   1.48483939  -0.16276276
   0.73429280  -0.16276276
   2.21159981  -0.16236236
   1.75560240  -0.16236236
   1.48829045  -0.16236236
   0.72970774  -0.16236236
   2.21308418  -0.16196196
   1.75837096  -0.16196196
   1.49172456  -0.16196196
   0.72512273  -0.16196196
   2.21456631  -0.16156156
   1.76113670  -0.16156156
   1.49514213  -0.16156156
   0.72053708  -0.16156156
   2.21604621  -0.16116116
   1.76389967  -0.16116116
   1.49854357  -0.16116116
   0.71595014  -0.16116116
   2.21752389  -0.16076076
   1.76665988  -0.16076076
   1.50192927  -0.16076076
   0.71136126  -0.16076076
   2.21899939  -0.16036036
   1.76941735  -0.16036036
   1.50529959  -0.16036036
   0.70676981  -0.16036036
   2.22047273  -0.15995996
   1.77217213  -0.15995996
   1.50865490  -0.15995996
   0.70217514  -0.15995996
   2.22194391  -0.15955956
   1.77492422  -0.15955956
   1.51199553  -0.15955956
   0.69757664  -0.15955956
   2.22341297  -0.15915916
   1.77767365  -0.15915916
   1.51532181  -0.15915916
   0.69297367  -0.15915916
   2.22487992  -0.15875876
   1.78042046  -0.15875876
   1.51863407  -0.15875876
   0.68836563  -0.15875876
   2.22634479  -0.15835836
   1.78316466  -0.15835836
   1.52193260  -0.15835836
   0.68375188  -0.15835836
   2.22780758  -0.15795796
   1.78590628  -0.15795796
   1.52521771  -0.15795796
   0.67913183  -0.15795796
   2.22926832  -0.15755756
   1.78864535  -0.15755756
   1.52848967  -0.15755756
   0.67450486  -0.15755756
   2.23072704  -0.15715716
   1.79138188  -0.15715716
   1.53174875  -0.15715716
   0.66987035  -0.15715716
   2.23218374  -0.15675676
   1.79411591  -0.15675676
   1.53499523  -0.15675676
   0.66522770  -0.15675676
   2.23363845  -0.15635636
   1.79684746  -0.15635636
   1.53822935  -0.15635636
   0.66057628  -0.15635636
   2.23509118  -0.15595596
   1.79957655  -0.15595596
   1.54145136  -0.15595596
   0.65591549  -0.15595596
   2.23654195  -0.15555556
   1.80230321  -0.15555556
   1.54466150  -0.15555556
   0.65124470  -0.15555556
   2.23799079  -0.15515516
   1.80502746  -0.15515516
   1.54786000  -0.15515516
   0.64656328  -0.15515516
   2.23943771  -0.15475475
   1.80774933  -0.15475475
   1.55104709  -0.15475475
   0.64187062  -0.15475475
   2.24088272  -0.15435435
   1.81046884  -0.15435435
   1.55422297  -0.15435435
   0.63716606  -0.15435435
   2.24232584  -0.15395395
   1.81318602  -0.15395395
   1.55738785  -0.15395395
   0.63244897  -0.15395395
   2.24376710  -0.15355355
   1.81590089  -0.15355355
   1.56054194  -0.15355355
   0.62771869  -0.15355355
   2.24520650  -0.15315315
   1.81861347  -0.15315315
   1.56368542  -0.15315315
   0.62297457  -0.15315315
   2.24664407  -0.15275275
   1.82132379  -0.15275275
   1.56681850  -0.15275275
   0.61821594  -0.15275275
   2.24807982  -0.15235235
   1.82403187  -0.15235235
   1.56994136  -0.15235235
   0.61344211  -0.15235235
   2.24951377  -0.15195195
   1.82673774  -0.15195195
   1.57305416  -0.15195195
   0.60865239  -0.15195195
   2.25094593  -0.15155155
   1.82944143  -0.15155155
   1.57615710  -0.15155155
   0.60384607  -0.15155155
   2.25237632  -0.15115115
   1.83214295  -0.15115115
   1.57925032  -0.15115115
   0.59902243  -0.15115115
   2.25380496  -0.15075075
   1.83484232  -0.15075075
   1.58233400  -0.15075075
   0.59418075  -0.15075075
   2.25523187  -0.15035035
   1.83753959  -0.15035035
   1.58540829  -0.15035035
   0.58932025  -0.15035035
   2.25665705  -0.14994995
   1.84023476  -0.14994995
   1.58847335  -0.14994995
   0.58444018  -0.14994995
   2.25808053  -0.14954955
   1.84292786  -0.14954955
   1.59152933  -0.14954955
   0.57953975  -0.14954955
   2.25950232  -0.14914915
   1.84561892  -0.14914915
   1.59457637  -0.14914915
   0.57461813  -0.14914915
   2.26092243  -0.14874875
   1.84830796  -0.14874875
   1.59761462  -0.14874875
   0.56967450  -0.14874875
   2.26234088  -0.14834835
   1.85099500  -0.14834835
   1.60064421  -0.14834835
   0.56470801  -0.14834835
   2.26375769  -0.14794795
   1.85368007  -0.14794795
   1.60366527  -0.14794795
   0.55971776  -0.14794795
   2.26517287  -0.14754755
   1.85636319  -0.14754755
   1.60667794  -0.14754755
   0.55470285  -0.14754755
   2.26658644  -0.14714715
   1.85904439  -0.14714715
   1.60968235  -0.14714715
   0.54966234  -0.14714715
   2.26799840  -0.14674675
   1.86172368  -0.14674675
   1.61267861  -0.14674675
   0.54459525  -0.14674675
   2.26940879  -0.14634635
   1.86440110  -0.14634635
   1.61566686  -0.14634635
   0.53950059  -0.14634635
   2.27081760  -0.14594595
   1.86707667  -0.14594595
   1.61864719  -0.14594595
   0.53437731  -0.14594595
   2.27222485  -0.14554555
   1.86975041  -0.14554555
   1.62161975  -0.14554555
   0.52922433  -0.14554555
   2.27363056  -0.14514515
   1.87242235  -0.14514515
   1.62458462  -0.14514515
   0.52404054  -0.14514515
   2.27503475  -0.14474474
   1.87509250  -0.14474474
   1.62754193  -0.14474474
   0.51882476  -0.14474474
   2.27643742  -0.14434434
   1.87776090  -0.14434434
   1.63049177  -0.14434434
   0.51357580  -0.14434434
   2.27783859  -0.14394394
   1.88042756  -0.14394394
   1.63343426  -0.14394394
   0.50829237  -0.14394394
   2.27923828  -0.14354354
   1.88309252  -0.14354354
   1.63636950  -0.14354354
   0.50297318  -0.14354354
   2.28063649  -0.14314314
   1.88575579  -0.14314314
   1.63929758  -0.14314314
   0.49761685  -0.14314314
   2.28203324  -0.14274274
   1.88841740  -0.14274274
   1.64221860  -0.14274274
   0.49222193  -0.14274274
   2.28342855  -0.14234234
   1.89107738  -0.14234234
   1.64513266  -0.14234234
   0.48678693  -0.14234234
   2.28482242  -0.14194194
   1.89373574  -0.14194194
   1.64803985  -0.14194194
   0.48131027  -0.14194194
   2.28621488  -0.14154154
   1.89639251  -0.14154154
   1.65094027  -0.14154154
   0.47579028  -0.14154154
   2.28760593  -0.14114114
   1.89904772  -0.14114114
   1.65383399  -0.14114114
   0.47022524  -0.14114114
   2.28899558  -0.14074074
   1.90170138  -0.14074074
   1.65672110  -0.14074074
   0.46461331  -0.14074074
   2.29038386  -0.14034034
   1.90435354  -0.14034034
   1.65960170  -0.14034034
   0.45895256  -0.14034034
   2.29177077  -0.13993994
   1.90700419  -0.13993994
   1.66247587  -0.13993994
   0.45324096  -0.13993994
   2.29315632  -0.13953954
   1.90965339  -0.13953954
   1.66534368  -0.13953954
   0.44747635  -0.13953954
   2.29454053  -0.13913914
   1.91230113  -0.13913914
   1.66820521  -0.13913914
   0.44165645  -0.13913914
   2.29592341  -0.13873874
   1.91494746  -0.13873874
   1.67106056  -0.13873874
   0.43577884  -0.13873874
   2.29730498  -0.13833834
   1.91759240  -0.13833834
   1.67390978  -0.13833834
   0.42984096  -0.13833834
   2.29868524  -0.13793794
   1.92023596  -0.13793794
   1.67675295  -0.13793794
   0.42384007  -0.13793794
   2.30006420  -0.13753754
   1.92287818  -0.13753754
   1.67959016  -0.13753754
   0.41777327  -0.13753754
   2.30144189  -0.13713714
   1.92551907  -0.13713714
   1.68242147  -0.13713714
   0.41163743  -0.13713714
   2.30281831  -0.13673674
   1.92815867  -0.13673674
   1.68524695  -0.13673674
   0.40542923  -0.13673674
   2.30419347  -0.13633634
   1.93079699  -0.13633634
   1.68806667  -0.13633634
   0.39914510  -0.13633634
   2.30556738  -0.13593594
   1.93343407  -0.13593594
   1.69088070  -0.13593594
   0.39278119  -0.13593594
   2.30694006  -0.13553554
   1.93606993  -0.13553554
   1.69368911  -0.13553554
   0.38633338  -0.13553554
   2.30831152  -0.13513514
   1.93870458  -0.13513514
   1.69649196  -0.13513514
   0.37979720  -0.13513514
   2.30968177  -0.13473473
   1.94133807  -0.13473473
   1.69928931  -0.13473473
   0.37316780  -0.13473473
   2.31105083  -0.13433433
   1.94397040  -0.13433433
   1.70208123  -0.13433433
   0.36643995  -0.13433433
   2.31241869  -0.13393393
   1.94660162  -0.13393393
   1.70486779  -0.13393393
   0.35960791  -0.13393393
   2.31378538  -0.13353353
   1.94923173  -0.13353353
   1.70764904  -0.13353353
   0.35266545  -0.13353353
   2.31515091  -0.13313313
   1.95186077  -0.13313313
   1.71042503  -0.13313313
   0.34560572  -0.13313313
   2.31651528  -0.13273273
   1.95448876  -0.13273273
   1.71319584  -0.13273273
   0.33842118  -0.13273273
   2.31787851  -0.13233233
   1.95711573  -0.13233233
   1.71596152  -0.13233233
   0.33110352  -0.13233233
   2.31924061  -0.13193193
   1.95974171  -0.13193193
   1.71872212  -0.13193193
   0.32364351  -0.13193193
   2.32060159  -0.13153153
   1.96236671  -0.13153153
   1.72147770  -0.13153153
   0.31603088  -0.13153153
   2.32196146  -0.13113113
   1.96499077  -0.13113113
   1.72422832  -0.13113113
   0.30825412  -0.13113113
   2.32332023  -0.13073073
   1.96761390  -0.13073073
   1.72697402  -0.13073073
   0.30030029  -0.13073073
   2.32467792  -0.13033033
   1.97023614  -0.13033033
   1.72971487  -0.13033033
   0.29215473  -0.13033033
   2.32603453  -0.12992993
   1.97285752  -0.12992993
   1.73245091  -0.12992993
   0.28380071  -0.12992993
   2.32739007  -0.12952953
   1.97547805  -0.12952953
   1.73518220  -0.12952953
   0.27521906  -0.12952953
   2.32874456  -0.12912913
   1.97809776  -0.12912913
   1.73790878  -0.12912913
   0.26638757  -0.12912913
   2.33009800  -0.12872873
   1.98071669  -0.12872873
   1.74063071  -0.12872873
   0.25728030  -0.12872873
   2.33145041  -0.12832833
   1.98333485  -0.12832833
   1.74334803  -0.12832833
   0.24786663  -0.12832833
   2.33280179  -0.12792793
   1.98595227  -0.12792793
   1.74606080  -0.12792793
   0.23811001  -0.12792793
   2.33415216  -0.12752753
   1.98856899  -0.12752753
   1.74876905  -0.12752753
   0.22796619  -0.12752753
   2.33550153  -0.12712713
   1.99118502  -0.12712713
   1.75147285  -0.12712713
   0.21738073  -0.12712713
   2.33684990  -0.12672673
   1.99380039  -0.12672673
   1.75417222  -0.12672673
   0.20628541  -0.12672673
   2.33819729  -0.12632633
   1.99641514  -0.12632633
   1.75686722  -0.12632633
   0.19459278  -0.12632633
   2.33954371  -0.12592593
   1.99902928  -0.12592593
   1.75955790  -0.12592593
   0.18218762  -0.12592593
   2.34088916  -0.12552553
   2.00164285  -0.12552553
   1.76224429  -0.12552553
   0.16891272  -0.12552553
   2.34223366  -0.12512513
   2.00425587  -0.12512513
   1.76492644  -0.12512513
   0.15454382  -0.12512513
   2.34357722  -0.12472472
   2.00686837  -0.12472472
   1.76760440  -0.12472472
   0.13874110  -0.12472472
   2.34491984  -0.12432432
   2.00948038  -0.12432432
   1.77027820  -0.12432432
   0.12094344  -0.12432432
   2.34626154  -0.12392392
   2.01209192  -0.12392392
   1.77294788  -0.12392392
   0.10009184  -0.12392392
   0.12891366  -0.12392392
   2.34760233  -0.12352352
   2.01470303  -0.12352352
   1.77561349  -0.12352352
   0.07363547  -0.12352352
   0.19550714  -0.12352352
   2.34894221  -0.12312312
   2.01731373  -0.12312312
   1.77827507  -0.12312312
   0.24438533  -0.12312312
   0.02895945  -0.12312312
   2.35028120  -0.12272272
   2.01992405  -0.12272272
   1.78093265  -0.12272272
   0.28483230  -0.12272272
   2.35161930  -0.12232232
   2.02253402  -0.12232232
   1.78358629  -0.12232232
   0.32007098  -0.12232232
   2.35295653  -0.12192192
   2.02514367  -0.12192192
   1.78623600  -0.12192192
   0.35167915  -0.12192192
   2.35429289  -0.12152152
   2.02775302  -0.12152152
   1.78888184  -0.12152152
   0.38056981  -0.12152152
   2.35562839  -0.12112112
   2.03036211  -0.12112112
   1.79152384  -0.12112112
   0.40732790  -0.12112112
   2.35696305  -0.12072072
   2.03297097  -0.12072072
   1.79416204  -0.12072072
   0.43235500  -0.12072072
   2.35829687  -0.12032032
   2.03557963  -0.12032032
   1.79679648  -0.12032032
   0.45594103  -0.12032032
   2.35962986  -0.11991992
   2.03818810  -0.11991992
   1.79942719  -0.11991992
   0.47830345  -0.11991992
   2.36096203  -0.11951952
   2.04079644  -0.11951952
   1.80205420  -0.11951952
   0.49961033  -0.11951952
   2.36229339  -0.11911912
   2.04340466  -0.11911912
   1.80467755  -0.11911912
   0.51999481  -0.11911912
   2.36362396  -0.11871872
   2.04601280  -0.11871872
   1.80729729  -0.11871872
   0.53956444  -0.11871872
   2.36495372  -0.11831832
   2.04862088  -0.11831832
   1.80991343  -0.11831832
   0.55840762  -0.11831832
   2.36628271  -0.11791792
   2.05122894  -0.11791792
   1.81252602  -0.11791792
   0.57659803  -0.11791792
   2.36761093  -0.11751752
   2.05383701  -0.11751752
   1.81513510  -0.11751752
   0.59419787  -0.11751752
   2.36893838  -0.11711712
   2.05644512  -0.11711712
   1.81774068  -0.11711712
   0.61126020  -0.11711712
   2.37026507  -0.11671672
   2.05905330  -0.11671672
   1.82034281  -0.11671672
   0.62783070  -0.11671672
   2.37159102  -0.11631632
   2.06166158  -0.11631632
   1.82294152  -0.11631632
   0.64394908  -0.11631632
   2.37291623  -0.11591592
   2.06427001  -0.11591592
   1.82553684  -0.11591592
   0.65965004  -0.11591592
   2.37424071  -0.11551552
   2.06687860  -0.11551552
   1.82812881  -0.11551552
   0.67496418  -0.11551552
   2.37556447  -0.11511512
   2.06948739  -0.11511512
   1.83071744  -0.11511512
   0.68991861  -0.11511512
   2.37688752  -0.11471471
   2.07209641  -0.11471471
   1.83330279  -0.11471471
   0.70453748  -0.11471471
   2.37820986  -0.11431431
   2.07470571  -0.11431431
   1.83588487  -0.11431431
   0.71884244  -0.11431431
   2.37953152  -0.11391391
   2.07731530  -0.11391391
   1.83846371  -0.11391391
   0.73285295  -0.11391391
   2.38085249  -0.11351351
   2.07992523  -0.11351351
   1.84103935  -0.11351351
   0.74658660  -0.11351351
   2.38217278  -0.11311311
   2.08253553  -0.11311311
   1.84361182  -0.11311311
   0.76005934  -0.11311311
   2.38349240  -0.11271271
   2.08514623  -0.11271271
   1.84618115  -0.11271271
   0.77328570  -0.11271271
   2.38481137  -0.11231231
   2.08775737  -0.11231231
   1.84874735  -0.11231231
   0.78627894  -0.11231231
   2.38612968  -0.11191191
   2.09036899  -0.11191191
   1.85131048  -0.11191191
   0.79905122  -0.11191191
   2.38744735  -0.11151151
   2.09298111  -0.11151151
   1.85387054  -0.11151151
   0.81161370  -0.11151151
   2.38876439  -0.11111111
   2.09559378  -0.11111111
   1.85642758  -0.11111111
   0.82397667  -0.11111111
   2.39008081  -0.11071071
   2.09820703  -0.11071071
   1.85898161  -0.11071071
   0.83614963  -0.11071071
   2.39139660  -0.11031031
   2.10082090  -0.11031031
   1.86153268  -0.11031031
   0.84814139  -0.11031031
   2.39271179  -0.10990991
   2.10343543  -0.10990991
   1.86408079  -0.10990991
   0.85996012  -0.10990991
   2.39402638  -0.10950951
   2.10605064  -0.10950951
   1.86662599  -0.10950951
   0.87161340  -0.10950951
   2.39534038  -0.10910911
   2.10866659  -0.10910911
   1.86916829  -0.10910911
   0.88310832  -0.10910911
   2.39665379  -0.10870871
   2.11128330  -0.10870871
   1.87170773  -0.10870871
   0.89445148  -0.10870871
   2.39796663  -0.10830831
   2.11390082  -0.10830831
   1.87424433  -0.10830831
   0.90564907  -0.10830831
   2.39927890  -0.10790791
   2.11651918  -0.10790791
   1.87677812  -0.10790791
   0.91670686  -0.10790791
   2.40059062  -0.10750751
   2.11913843  -0.10750751
   1.87930912  -0.10750751
   0.92763030  -0.10750751
   2.40190178  -0.10710711
   2.12175860  -0.10710711
   1.88183736  -0.10710711
   0.93842450  -0.10710711
   2.40321240  -0.10670671
   2.12437974  -0.10670671
   1.88436287  -0.10670671
   0.94909424  -0.10670671
   2.40452249  -0.10630631
   2.12700188  -0.10630631
   1.88688566  -0.10630631
   0.95964408  -0.10630631
   2.40583205  -0.10590591
   2.12962507  -0.10590591
   1.88940577  -0.10590591
   0.97007828  -0.10590591
   2.40714110  -0.10550551
   2.13224934  -0.10550551
   1.89192322  -0.10550551
   0.98040089  -0.10550551
   2.40844964  -0.10510511
   2.13487475  -0.10510511
   1.89443803  -0.10510511
   0.99061572  -0.10510511
   2.40975767  -0.10470470
   2.13750133  -0.10470470
   1.89695024  -0.10470470
   1.00072641  -0.10470470
   2.41106521  -0.10430430
   2.14012912  -0.10430430
   1.89945985  -0.10430430
   1.01073638  -0.10430430
   2.41237227  -0.10390390
   2.14275817  -0.10390390
   1.90196691  -0.10390390
   1.02064889  -0.10390390
   2.41367885  -0.10350350
   2.14538852  -0.10350350
   1.90447142  -0.10350350
   1.03046705  -0.10350350
   2.41498496  -0.10310310
   2.14802022  -0.10310310
   1.90697342  -0.10310310
   1.04019381  -0.10310310
   2.41629062  -0.10270270
   2.15065331  -0.10270270
   1.90947292  -0.10270270
   1.04983196  -0.10270270
   2.41759581  -0.10230230
   2.15328784  -0.10230230
   1.91196996  -0.10230230
   1.05938420  -0.10230230
   2.41890057  -0.10190190
   2.15592386  -0.10190190
   1.91446455  -0.10190190
   1.06885307  -0.10190190
   2.42020488  -0.10150150
   2.15856140  -0.10150150
   1.91695672  -0.10150150
   1.07824101  -0.10150150
   2.42150877  -0.10110110
   2.16120053  -0.10110110
   1.91944649  -0.10110110
   1.08755036  -0.10110110
   2.42281224  -0.10070070
   2.16384128  -0.10070070
   1.92193388  -0.10070070
   1.09678333  -0.10070070
   2.42411529  -0.10030030
   2.16648371  -0.10030030
   1.92441892  -0.10030030
   1.10594207  -0.10030030
   2.42541794  -0.09989990
   2.16912786  -0.09989990
   1.92690162  -0.09989990
   1.11502861  -0.09989990
   2.42672019  -0.09949950
   2.17177378  -0.09949950
   1.92938202  -0.09949950
   1.12404492  -0.09949950
   2.42802206  -0.09909910
   2.17442153  -0.09909910
   1.93186012  -0.09909910
   1.13299287  -0.09909910
   2.42932354  -0.09869870
   2.17707116  -0.09869870
   1.93433596  -0.09869870
   1.14187427  -0.09869870
   2.43062465  -0.09829830
   2.17972271  -0.09829830
   1.93680955  -0.09829830
   1.15069085  -0.09829830
   2.43192539  -0.09789790
   2.18237625  -0.09789790
   1.93928092  -0.09789790
   1.15944427  -0.09789790
   2.43322578  -0.09749750
   2.18503182  -0.09749750
   1.94175009  -0.09749750
   1.16813614  -0.09749750
   2.43452581  -0.09709710
   2.18768948  -0.09709710
   1.94421707  -0.09709710
   1.17676800  -0.09709710
   2.43582551  -0.09669670
   2.19034929  -0.09669670
   1.94668190  -0.09669670
   1.18534133  -0.09669670
   2.43712487  -0.09629630
   2.19301129  -0.09629630
   1.94914458  -0.09629630
   1.19385756  -0.09629630
   2.43842390  -0.09589590
   2.19567555  -0.09589590
   1.95160515  -0.09589590
   1.20231807  -0.09589590
   2.43972261  -0.09549550
   2.19834213  -0.09549550
   1.95406362  -0.09549550
   1.21072419  -0.09549550
   2.44102102  -0.09509510
   2.20101107  -0.09509510
   1.95652002  -0.09509510
   1.21907720  -0.09509510
   2.44231912  -0.09469469
   2.20368245  -0.09469469
   1.95897435  -0.09469469
   1.22737835  -0.09469469
   2.44361693  -0.09429429
   2.20635632  -0.09429429
   1.96142665  -0.09429429
   1.23562882  -0.09429429
   2.44491445  -0.09389389
   2.20903274  -0.09389389
   1.96387694  -0.09389389
   1.24382978  -0.09389389
   2.44621169  -0.09349349
   2.21171178  -0.09349349
   1.96632523  -0.09349349
   1.25198235  -0.09349349
   2.44750865  -0.09309309
   2.21439349  -0.09309309
   1.96877154  -0.09309309
   1.26008760  -0.09309309
   2.44880536  -0.09269269
   2.21707794  -0.09269269
   1.97121590  -0.09269269
   1.26814658  -0.09269269
   2.45010181  -0.09229229
   2.21976520  -0.09229229
   1.97365832  -0.09229229
   1.27616031  -0.09229229
   2.45139801  -0.09189189
   2.22245533  -0.09189189
   1.97609882  -0.09189189
   1.28412977  -0.09189189
   2.45269397  -0.09149149
   2.22514840  -0.09149149
   1.97853743  -0.09149149
   1.29205591  -0.09149149
   2.45398970  -0.09109109
   2.22784447  -0.09109109
   1.98097416  -0.09109109
   1.29993966  -0.09109109
   2.45528520  -0.09069069
   2.23054362  -0.09069069
   1.98340903  -0.09069069
   1.30778190  -0.09069069
   2.45658049  -0.09029029
   2.23324592  -0.09029029
   1.98584207  -0.09029029
   1.31558351  -0.09029029
   2.45787557  -0.08988989
   2.23595143  -0.08988989
   1.98827328  -0.08988989
   1.32334533  -0.08988989
   2.45917044  -0.08948949
   2.23866023  -0.08948949
   1.99070269  -0.08948949
   1.33106818  -0.08948949
   2.46046513  -0.08908909
   2.24137239  -0.08908909
   1.99313033  -0.08908909
   1.33875286  -0.08908909
   2.46175963  -0.08868869
   2.24408799  -0.08868869
   1.99555619  -0.08868869
   1.34640012  -0.08868869
   2.46305394  -0.08828829
   2.24680710  -0.08828829
   1.99798032  -0.08828829
   1.35401074  -0.08828829
   2.46434809  -0.08788789
   2.24952980  -0.08788789
   2.00040272  -0.08788789
   1.36158543  -0.08788789
   2.46564208  -0.08748749
   2.25225618  -0.08748749
   2.00282341  -0.08748749
   1.36912490  -0.08748749
   2.46693592  -0.08708709
   2.25498630  -0.08708709
   2.00524242  -0.08708709
   1.37662985  -0.08708709
   2.46822960  -0.08668669
   2.25772026  -0.08668669
   2.00765975  -0.08668669
   1.38410095  -0.08668669
   2.46952315  -0.08628629
   2.26045813  -0.08628629
   2.01007544  -0.08628629
   1.39153886  -0.08628629
   2.47081657  -0.08588589
   2.26320000  -0.08588589
   2.01248949  -0.08588589
   1.39894420  -0.08588589
   2.47210986  -0.08548549
   2.26594596  -0.08548549
   2.01490193  -0.08548549
   1.40631760  -0.08548549
   2.47340304  -0.08508509
   2.26869608  -0.08508509
   2.01731277  -0.08508509
   1.41365967  -0.08508509
   2.47469611  -0.08468468
   2.27145047  -0.08468468
   2.01972204  -0.08468468
   1.42097099  -0.08468468
   2.47598909  -0.08428428
   2.27420922  -0.08428428
   2.02212974  -0.08428428
   1.42825215  -0.08428428
   2.47728197  -0.08388388
   2.27697240  -0.08388388
   2.02453590  -0.08388388
   1.43550369  -0.08388388
   2.47857477  -0.08348348
   2.27974013  -0.08348348
   2.02694054  -0.08348348
   1.44272617  -0.08348348
   2.47986749  -0.08308308
   2.28251249  -0.08308308
   2.02934368  -0.08308308
   1.44992011  -0.08308308
   2.48116015  -0.08268268
   2.28528959  -0.08268268
   2.03174532  -0.08268268
   1.45708605  -0.08268268
   2.48245274  -0.08228228
   2.28807152  -0.08228228
   2.03414550  -0.08228228
   1.46422449  -0.08228228
   2.48374528  -0.08188188
   2.29085838  -0.08188188
   2.03654422  -0.08188188
   1.47133592  -0.08188188
   2.48503779  -0.08148148
   2.29365028  -0.08148148
   2.03894151  -0.08148148
   1.47842083  -0.08148148
   2.48633025  -0.08108108
   2.29644732  -0.08108108
   2.04133738  -0.08108108
   1.48547968  -0.08108108
   2.48762269  -0.08068068
   2.29924961  -0.08068068
   2.04373185  -0.08068068
   1.49251296  -0.08068068
   2.48891510  -0.08028028
   2.30205726  -0.08028028
   2.04612494  -0.08028028
   1.49952109  -0.08028028
   2.49020751  -0.07987988
   2.30487039  -0.07987988
   2.04851666  -0.07987988
   1.50650453  -0.07987988
   2.49149991  -0.07947948
   2.30768910  -0.07947948
   2.05090704  -0.07947948
   1.51346371  -0.07947948
   2.49279232  -0.07907908
   2.31051351  -0.07907908
   2.05329608  -0.07907908
   1.52039905  -0.07907908
   2.49408474  -0.07867868
   2.31334375  -0.07867868
   2.05568382  -0.07867868
   1.52731096  -0.07867868
   2.49537718  -0.07827828
   2.31617992  -0.07827828
   2.05807026  -0.07827828
   1.53419984  -0.07827828
   2.49666965  -0.07787788
   2.31902217  -0.07787788
   2.06045542  -0.07787788
   1.54106610  -0.07787788
   2.49796216  -0.07747748
   2.32187060  -0.07747748
   2.06283932  -0.07747748
   1.54791010  -0.07747748
   2.49925471  -0.07707708
   2.32472535  -0.07707708
   2.06522198  -0.07707708
   1.55473225  -0.07707708
   2.50054731  -0.07667668
   2.32758656  -0.07667668
   2.06760341  -0.07667668
   1.56153289  -0.07667668
   2.50183998  -0.07627628
   2.33045436  -0.07627628
   2.06998363  -0.07627628
   1.56831240  -0.07627628
   2.50313271  -0.07587588
   2.33332887  -0.07587588
   2.07236266  -0.07587588
   1.57507112  -0.07587588
   2.50442553  -0.07547548
   2.33621026  -0.07547548
   2.07474052  -0.07547548
   1.58180941  -0.07547548
   2.50571843  -0.07507508
   2.33909865  -0.07507508
   2.07711722  -0.07507508
   1.58852760  -0.07507508
   2.50701143  -0.07467467
   2.34199419  -0.07467467
   2.07949278  -0.07467467
   1.59522603  -0.07467467
   2.50830453  -0.07427427
   2.08186721  -0.07427427
   2.34489703  -0.07427427
   1.60190502  -0.07427427
   2.50959774  -0.07387387
   2.08424054  -0.07387387
   2.34780734  -0.07387387
   1.60856489  -0.07387387
   2.51089107  -0.07347347
   2.08661277  -0.07347347
   2.35072525  -0.07347347
   1.61520596  -0.07347347
   2.51218453  -0.07307307
   2.08898394  -0.07307307
   2.35365093  -0.07307307
   1.62182852  -0.07307307
   2.51347812  -0.07267267
   2.09135405  -0.07267267
   2.35658455  -0.07267267
   1.62843287  -0.07267267
   2.51477186  -0.07227227
   2.09372311  -0.07227227
   2.35952627  -0.07227227
   1.63501932  -0.07227227
   2.51606576  -0.07187187
   2.09609116  -0.07187187
   2.36247627  -0.07187187
   1.64158814  -0.07187187
   2.51735982  -0.07147147
   2.09845820  -0.07147147
   2.36543471  -0.07147147
   1.64813963  -0.07147147
   2.51865404  -0.07107107
   2.10082425  -0.07107107
   2.36840177  -0.07107107
   1.65467404  -0.07107107
   2.51994845  -0.07067067
   2.10318934  -0.07067067
   2.37137765  -0.07067067
   1.66119167  -0.07067067
   2.52124305  -0.07027027
   2.10555346  -0.07027027
   2.37436252  -0.07027027
   1.66769276  -0.07027027
   2.52253784  -0.06986987
   2.10791665  -0.06986987
   2.37735658  -0.06986987
   1.67417758  -0.06986987
   2.52383284  -0.06946947
   2.11027892  -0.06946947
   2.38036002  -0.06946947
   1.68064637  -0.06946947
   2.52512805  -0.06906907
   2.11264028  -0.06906907
   2.38337305  -0.06906907
   1.68709940  -0.06906907
   2.52642349  -0.06866867
   2.11500076  -0.06866867
   2.38639587  -0.06866867
   1.69353691  -0.06866867
   2.52771916  -0.06826827
   2.11736036  -0.06826827
   2.38942869  -0.06826827
   1.69995912  -0.06826827
   2.52901507  -0.06786787
   2.11971911  -0.06786787
   2.39247173  -0.06786787
   1.70636628  -0.06786787
   2.53031123  -0.06746747
   2.12207703  -0.06746747
   2.39552521  -0.06746747
   1.71275862  -0.06746747
   2.53160764  -0.06706707
   2.12443412  -0.06706707
   2.39858935  -0.06706707
   1.71913635  -0.06706707
   2.53290433  -0.06666667
   2.12679041  -0.06666667
   2.40166439  -0.06666667
   1.72549969  -0.06666667
   2.53420129  -0.06626627
   2.12914591  -0.06626627
   2.40475057  -0.06626627
   1.73184887  -0.06626627
   2.53549854  -0.06586587
   2.13150065  -0.06586587
   2.40784813  -0.06586587
   1.73818409  -0.06586587
   2.53679608  -0.06546547
   2.13385463  -0.06546547
   2.41095732  -0.06546547
   1.74450555  -0.06546547
   2.53809393  -0.06506507
   2.13620787  -0.06506507
   2.41407840  -0.06506507
   1.75081346  -0.06506507
   2.53939209  -0.06466466
   2.13856039  -0.06466466
   2.41721163  -0.06466466
   1.75710802  -0.06466466
   2.54069057  -0.06426426
   2.14091222  -0.06426426
   2.42035728  -0.06426426
   1.76338940  -0.06426426
   2.54198939  -0.06386386
   2.14326335  -0.06386386
   2.42351564  -0.06386386
   1.76965781  -0.06386386
   2.54328854  -0.06346346
   2.14561382  -0.06346346
   2.42668698  -0.06346346
   1.77591342  -0.06346346
   2.54458805  -0.06306306
   2.14796363  -0.06306306
   2.42987160  -0.06306306
   1.78215641  -0.06306306
   2.54588792  -0.06266266
   2.15031282  -0.06266266
   2.43306980  -0.06266266
   1.78838697  -0.06266266
   2.54718815  -0.06226226
   2.15266138  -0.06226226
   2.43628189  -0.06226226
   1.79460525  -0.06226226
   2.54848877  -0.06186186
   2.15500934  -0.06186186
   2.43950818  -0.06186186
   1.80081142  -0.06186186
   2.54978977  -0.06146146
   2.15735672  -0.06146146
   2.44274901  -0.06146146
   1.80700565  -0.06146146
   2.55109117  -0.06106106
   2.15970353  -0.06106106
   2.44600470  -0.06106106
   1.81318809  -0.06106106
   2.55239298  -0.06066066
   2.16204978  -0.06066066
   2.44927560  -0.06066066
   1.81935890  -0.06066066
   2.55369521  -0.06026026
   2.16439551  -0.06026026
   2.45256206  -0.06026026
   1.82551822  -0.06026026
   2.55499787  -0.05985986
   2.16674072  -0.05985986
   2.45586445  -0.05985986
   1.83166620  -0.05985986
   2.55630096  -0.05945946
   2.16908543  -0.05945946
   2.45918315  -0.05945946
   1.83780299  -0.05945946
   2.55760450  -0.05905906
   2.17142966  -0.05905906
   2.46251853  -0.05905906
   1.84392871  -0.05905906
   2.55890850  -0.05865866
   2.17377343  -0.05865866
   2.46587100  -0.05865866
   1.85004351  -0.05865866
   2.56021297  -0.05825826
   2.17611674  -0.05825826
   2.46924096  -0.05825826
   1.85614750  -0.05825826
   2.56151791  -0.05785786
   2.17845963  -0.05785786
   2.47262883  -0.05785786
   1.86224082  -0.05785786
   2.56282335  -0.05745746
   2.18080210  -0.05745746
   2.47603505  -0.05745746
   1.86832358  -0.05745746
   2.56412928  -0.05705706
   2.18314418  -0.05705706
   2.47946005  -0.05705706
   1.87439591  -0.05705706
   2.56543572  -0.05665666
   2.18548588  -0.05665666
   2.48290431  -0.05665666
   1.88045790  -0.05665666
   2.56674267  -0.05625626
   2.18782722  -0.05625626
   2.48636828  -0.05625626
   1.88650967  -0.05625626
   2.56805016  -0.05585586
   2.19016821  -0.05585586
   2.48985246  -0.05585586
   1.89255133  -0.05585586
   2.56935819  -0.05545546
   2.19250888  -0.05545546
   2.49335735  -0.05545546
   1.89858297  -0.05545546
   2.57066677  -0.05505506
   2.19484924  -0.05505506
   2.49688347  -0.05505506
   1.90460468  -0.05505506
   2.57197591  -0.05465465
   2.19718930  -0.05465465
   2.50043135  -0.05465465
   1.91061657  -0.05465465
   2.57328562  -0.05425425
   2.19952910  -0.05425425
   2.50400155  -0.05425425
   1.91661870  -0.05425425
   2.57459591  -0.05385385
   2.20186864  -0.05385385
   2.50759462  -0.05385385
   1.92261117  -0.05385385
   2.57590680  -0.05345345
   2.20420794  -0.05345345
   2.51121117  -0.05345345
   1.92859406  -0.05345345
   2.57721829  -0.05305305
   2.20654701  -0.05305305
   2.51485179  -0.05305305
   1.93456743  -0.05305305
   2.57853040  -0.05265265
   2.20888589  -0.05265265
   2.51851711  -0.05265265
   1.94053135  -0.05265265
   2.57984314  -0.05225225
   2.21122458  -0.05225225
   2.52220778  -0.05225225
   1.94648589  -0.05225225
   2.58115651  -0.05185185
   2.21356310  -0.05185185
   2.52592446  -0.05185185
   1.95243111  -0.05185185
   2.58247053  -0.05145145
   2.21590148  -0.05145145
   2.52966786  -0.05145145
   1.95836706  -0.05145145
   2.58378522  -0.05105105
   2.21823972  -0.05105105
   2.53343868  -0.05105105
   1.96429380  -0.05105105
   2.58510057  -0.05065065
   2.22057785  -0.05065065
   2.53723766  -0.05065065
   1.97021136  -0.05065065
   2.58641662  -0.05025025
   2.22291589  -0.05025025
   2.54106557  -0.05025025
   1.97611980  -0.05025025
   2.58773335  -0.04984985
   2.22525384  -0.04984985
   2.54492321  -0.04984985
   1.98201914  -0.04984985
   2.58905080  -0.04944945
   2.22759174  -0.04944945
   2.54881138  -0.04944945
   1.98790941  -0.04944945
   2.59036896  -0.04904905
   2.22992960  -0.04904905
   2.55273096  -0.04904905
   1.99379066  -0.04904905
   2.59168786  -0.04864865
   2.23226744  -0.04864865
   2.55668280  -0.04864865
   1.99966288  -0.04864865
   2.59300749  -0.04824825
   2.23460527  -0.04824825
   2.56066784  -0.04824825
   2.00552611  -0.04824825
   2.59432789  -0.04784785
   2.23694312  -0.04784785
   2.56468702  -0.04784785
   2.01138036  -0.04784785
   2.59564905  -0.04744745
   2.23928101  -0.04744745
   2.56874132  -0.04744745
   2.01722562  -0.04744745
   2.59697099  -0.04704705
   2.24161894  -0.04704705
   2.57283176  -0.04704705
   2.02306191  -0.04704705
   2.59829373  -0.04664665
   2.24395695  -0.04664665
   2.57695941  -0.04664665
   2.02888922  -0.04664665
   2.59961727  -0.04624625
   2.24629505  -0.04624625
   2.58112538  -0.04624625
   2.03470753  -0.04624625
   2.60094163  -0.04584585
   2.24863325  -0.04584585
   2.58533080  -0.04584585
   2.04051685  -0.04584585
   2.60226682  -0.04544545
   2.25097159  -0.04544545
   2.58957687  -0.04544545
   2.04631714  -0.04544545
   2.60359285  -0.04504505
   2.25331007  -0.04504505
   2.59386485  -0.04504505
   2.05210839  -0.04504505
   2.60491974  -0.04464464
   2.25564872  -0.04464464
   2.59819601  -0.04464464
   2.05789056  -0.04464464
   2.60624750  -0.04424424
   2.25798755  -0.04424424
   2.60257171  -0.04424424
   2.06366362  -0.04424424
   2.60757614  -0.04384384
   2.26032659  -0.04384384
   2.60699337  -0.04384384
   2.06942753  -0.04384384
   2.60890568  -0.04344344
   2.26266586  -0.04344344
   2.61146244  -0.04344344
   2.07518225  -0.04344344
   2.61023613  -0.04304304
   2.26500536  -0.04304304
   2.61598047  -0.04304304
   2.08092772  -0.04304304
   2.61156750  -0.04264264
   2.26734514  -0.04264264
   2.62054905  -0.04264264
   2.08666388  -0.04264264
   2.61289981  -0.04224224
   2.26968519  -0.04224224
   2.62516986  -0.04224224
   2.09239069  -0.04224224
   2.61423307  -0.04184184
   2.27202555  -0.04184184
   2.62984467  -0.04184184
   2.09810806  -0.04184184
   2.61556730  -0.04144144
   2.27436623  -0.04144144
   2.63457530  -0.04144144
   2.10381593  -0.04144144
   2.61690250  -0.04104104
   2.27670726  -0.04104104
   2.63936369  -0.04104104
   2.10951421  -0.04104104
   2.61823870  -0.04064064
   2.27904865  -0.04064064
   2.64421186  -0.04064064
   2.11520284  -0.04064064
   2.61957591  -0.04024024
   2.28139042  -0.04024024
   2.64912194  -0.04024024
   2.12088171  -0.04024024
   2.62091414  -0.03983984
   2.28373260  -0.03983984
   2.65409617  -0.03983984
   2.12655073  -0.03983984
   2.62225341  -0.03943944
   2.28607520  -0.03943944
   2.65913689  -0.03943944
   2.13220982  -0.03943944
   2.62359373  -0.03903904
   2.28841825  -0.03903904
   2.66424660  -0.03903904
   2.13785885  -0.03903904
   2.62493512  -0.03863864
   2.29076177  -0.03863864
   2.66942791  -0.03863864
   2.14349772  -0.03863864
   2.62627759  -0.03823824
   2.29310577  -0.03823824
   2.67468359  -0.03823824
   2.14912633  -0.03823824
   2.62762116  -0.03783784
   2.29545028  -0.03783784
   2.68001656  -0.03783784
   2.15474455  -0.03783784
   2.62896584  -0.03743744
   2.29779532  -0.03743744
   2.68542994  -0.03743744
   2.16035225  -0.03743744
   2.63031165  -0.03703704
   2.30014091  -0.03703704
   2.69092700  -0.03703704
   2.16594931  -0.03703704
   2.63165861  -0.03663664
   2.30248707  -0.03663664
   2.69651126  -0.03663664
   2.17153560  -0.03663664
   2.63300672  -0.03623624
   2.30483383  -0.03623624
   2.70218643  -0.03623624
   2.17711097  -0.03623624
   2.63435602  -0.03583584
   2.30718120  -0.03583584
   2.70795649  -0.03583584
   2.18267529  -0.03583584
   2.63570651  -0.03543544
   2.30952920  -0.03543544
   2.71382568  -0.03543544
   2.18822842  -0.03543544
   2.63705820  -0.03503504
   2.31187787  -0.03503504
   2.71979855  -0.03503504
   2.19377019  -0.03503504
   2.63841113  -0.03463463
   2.31422722  -0.03463463
   2.72587997  -0.03463463
   2.19930047  -0.03463463
   2.63976530  -0.03423423
   2.31657727  -0.03423423
   2.73207520  -0.03423423
   2.20481909  -0.03423423
   2.64112073  -0.03383383
   2.31892804  -0.03383383
   2.73838988  -0.03383383
   2.21032589  -0.03383383
   2.64247743  -0.03343343
   2.32127957  -0.03343343
   2.74483013  -0.03343343
   2.21582071  -0.03343343
   2.64383544  -0.03303303
   2.32363186  -0.03303303
   2.75140257  -0.03303303
   2.22130339  -0.03303303
   2.64519475  -0.03263263
   2.32598495  -0.03263263
   2.75811442  -0.03263263
   2.22677375  -0.03263263
   2.64655540  -0.03223223
   2.32833886  -0.03223223
   2.23223163  -0.03223223
   2.76497352  -0.03223223
   2.64791740  -0.03183183
   2.33069360  -0.03183183
   2.23767686  -0.03183183
   2.77198848  -0.03183183
   2.64928076  -0.03143143
   2.33304921  -0.03143143
   2.24310926  -0.03143143
   2.77916874  -0.03143143
   2.65064551  -0.03103103
   2.33540570  -0.03103103
   2.24852865  -0.03103103
   2.78652473  -0.03103103
   2.65201166  -0.03063063
   2.33776311  -0.03063063
   2.25393487  -0.03063063
   2.79406800  -0.03063063
   2.65337924  -0.03023023
   2.34012145  -0.03023023
   2.25932774  -0.03023023
   2.80181140  -0.03023023
   2.65474827  -0.02982983
   2.34248074  -0.02982983
   2.26470708  -0.02982983
   2.80976932  -0.02982983
   2.65611875  -0.02942943
   2.34484102  -0.02942943
   2.27007272  -0.02942943
   2.81795796  -0.02942943
   2.65749072  -0.02902903
   2.34720231  -0.02902903
   2.27542449  -0.02902903
   2.82639565  -0.02902903
   2.65886418  -0.02862863
   2.34956462  -0.02862863
   2.28076220  -0.02862863
   2.83510331  -0.02862863
   2.66023917  -0.02822823
   2.35192800  -0.02822823
   2.28608570  -0.02822823
   2.84410498  -0.02822823
   2.66161571  -0.02782783
   2.35429245  -0.02782783
   2.29139480  -0.02782783
   2.85342854  -0.02782783
   2.66299380  -0.02742743
   2.35665801  -0.02742743
   2.29668936  -0.02742743
   2.86310664  -0.02742743
   2.66437349  -0.02702703
   2.35902470  -0.02702703
   2.30196919  -0.02702703
   2.87317791  -0.02702703
   2.66575477  -0.02662663
   2.36139254  -0.02662663
   2.30723415  -0.02662663
   2.88368869  -0.02662663
   2.66713769  -0.02622623
   2.36376157  -0.02622623
   2.31248408  -0.02622623
   2.89469535  -0.02622623
   2.66852225  -0.02582583
   2.36613181  -0.02582583
   2.31771882  -0.02582583
   2.90626771  -0.02582583
   2.66990848  -0.02542543
   2.36850329  -0.02542543
   2.32293824  -0.02542543
   2.91849398  -0.02542543
   2.67129641  -0.02502503
   2.37087602  -0.02502503
   2.32814219  -0.02502503
   2.93148848  -0.02502503
   2.67268605  -0.02462462
   2.37325004  -0.02462462
   2.33333054  -0.02462462
   2.94540395  -0.02462462
   2.67407744  -0.02422422
   2.37562538  -0.02422422
   2.33850316  -0.02422422
   2.96045262  -0.02422422
   2.67547058  -0.02382382
   2.37800206  -0.02382382
   2.34365993  -0.02382382
   2.97694499  -0.02382382
   2.67686551  -0.02342342
   2.38038010  -0.02342342
   2.34880075  -0.02342342
   2.99536876  -0.02342342
   2.67826225  -0.02302302
   2.38275955  -0.02302302
   2.35392550  -0.02302302
   3.01657485  -0.02302302
   2.67966083  -0.02262262
   2.38514042  -0.02262262
   2.35903408  -0.02262262
   3.04233060  -0.02262262
   2.68106127  -0.02222222
   2.38752274  -0.02222222
   2.36412642  -0.02222222
   3.07793734  -0.02222222
   2.68246358  -0.02182182
   2.38990654  -0.02182182
   2.36920244  -0.02182182
   2.68386781  -0.02142142
   2.39229185  -0.02142142
   2.37426206  -0.02142142
   2.68527397  -0.02102102
   2.39467870  -0.02102102
   2.37930523  -0.02102102
   2.68668210  -0.02062062
   2.39706711  -0.02062062
   2.38433190  -0.02062062
   2.68809221  -0.02022022
   2.39945712  -0.02022022
   2.38934204  -0.02022022
   2.68950434  -0.01981982
   2.40184876  -0.01981982
   2.39433563  -0.01981982
   2.69091851  -0.01941942
   2.40424205  -0.01941942
   2.39931264  -0.01941942
   2.69233474  -0.01901902
   2.40663703  -0.01901902
   2.40427308  -0.01901902
   2.69375308  -0.01861862
   2.40903373  -0.01861862
   2.40921695  -0.01861862
   2.69517354  -0.01821822
   2.41143217  -0.01821822
   2.41414429  -0.01821822
   2.69659616  -0.01781782
   2.41383239  -0.01781782
   2.41905513  -0.01781782
   2.69802096  -0.01741742
   2.41623442  -0.01741742
   2.42394952  -0.01741742
   2.69944797  -0.01701702
   2.41863830  -0.01701702
   2.42882752  -0.01701702
   2.70087723  -0.01661662
   2.42104404  -0.01661662
   2.43368921  -0.01661662
   2.70230877  -0.01621622
   2.42345169  -0.01621622
   2.43853468  -0.01621622
   2.70374261  -0.01581582
   2.42586128  -0.01581582
   2.44336402  -0.01581582
   2.70517880  -0.01541542
   2.42827284  -0.01541542
   2.44817736  -0.01541542
   2.70661735  -0.01501502
   2.43068641  -0.01501502
   2.45297483  -0.01501502
   2.70805831  -0.01461461
   2.43310201  -0.01461461
   2.45775656  -0.01461461
   2.70950170  -0.01421421
   2.43551969  -0.01421421
   2.46252273  -0.01421421
   2.71094757  -0.01381381
   2.43793947  -0.01381381
   2.46727349  -0.01381381
   2.71239594  -0.01341341
   2.44036139  -0.01341341
   2.47200903  -0.01341341
   2.71384685  -0.01301301
   2.44278549  -0.01301301
   2.47672956  -0.01301301
   2.71530034  -0.01261261
   2.44521179  -0.01261261
   2.48143528  -0.01261261
   2.71675644  -0.01221221
   2.44764035  -0.01221221
   2.48612642  -0.01221221
   2.71821520  -0.01181181
   2.45007119  -0.01181181
   2.49080322  -0.01181181
   2.71967664  -0.01141141
   2.45250435  -0.01141141
   2.49546593  -0.01141141
   2.72114081  -0.01101101
   2.45493987  -0.01101101
   2.50011482  -0.01101101
   2.72260774  -0.01061061
   2.45737778  -0.01061061
   2.50475015  -0.01061061
   2.72407748  -0.01021021
   2.45981812  -0.01021021
   2.50937223  -0.01021021
   2.72555006  -0.00980981
   2.46226093  -0.00980981
   2.51398136  -0.00980981
   2.72702553  -0.00940941
   2.46470625  -0.00940941
   2.51857785  -0.00940941
   2.72850393  -0.00900901
   2.46715412  -0.00900901
   2.52316204  -0.00900901
   2.72998530  -0.00860861
   2.46960458  -0.00860861
   2.52773425  -0.00860861
   2.73146968  -0.00820821
   2.47205767  -0.00820821
   2.53229485  -0.00820821
   2.73295712  -0.00780781
   2.47451342  -0.00780781
   2.53684419  -0.00780781
   2.73444767  -0.00740741
   2.47697188  -0.00740741
   2.54138266  -0.00740741
   2.73594136  -0.00700701
   2.47943309  -0.00700701
   2.54591064  -0.00700701
   2.73743825  -0.00660661
   2.48189710  -0.00660661
   2.55042853  -0.00660661
   2.73893839  -0.00620621
   2.48436393  -0.00620621
   2.55493673  -0.00620621
   2.74044182  -0.00580581
   2.48683365  -0.00580581
   2.55943567  -0.00580581
   2.74194859  -0.00540541
   2.48930628  -0.00540541
   2.56392579  -0.00540541
   2.74345875  -0.00500501
   2.49178188  -0.00500501
   2.56840752  -0.00500501
   2.74497236  -0.00460460
   2.49426049  -0.00460460
   2.57288131  -0.00460460
   2.74648947  -0.00420420
   2.49674215  -0.00420420
   2.57734763  -0.00420420
   2.74801013  -0.00380380
   2.49922691  -0.00380380
   2.58180696  -0.00380380
   2.74953440  -0.00340340
   2.50171482  -0.00340340
   2.58625978  -0.00340340
   2.75106233  -0.00300300
   2.50420592  -0.00300300
   2.59070658  -0.00300300
   2.75259397  -0.00260260
   2.50670026  -0.00260260
   2.59514788  -0.00260260
   2.75412940  -0.00220220
   2.50919788  -0.00220220
   2.59958418  -0.00220220
   2.75566867  -0.00180180
   2.51169884  -0.00180180
   2.60401602  -0.00180180
   2.75721183  -0.00140140
   2.51420318  -0.00140140
   2.60844394  -0.00140140
   2.75875895  -0.00100100
   2.51671096  -0.00100100
   2.61286848  -0.00100100
   2.76031010  -0.00060060
   2.51922222  -0.00060060
   2.61729021  -0.00060060
   2.76186534  -0.00020020
   2.52173701  -0.00020020
   2.62170970  -0.00020020
   2.76342474   0.00020020
   2.52425540   0.00020020
   2.62612753   0.00020020
   2.76498836   0.00060060
   2.52677742   0.00060060
   2.63054430   0.00060060
   2.76655628   0.00100100
   2.52930313   0.00100100
   2.63496063   0.00100100
   2.76812856   0.00140140
   2.53183258   0.00140140
   2.63937712   0.00140140
   2.76970528   0.00180180
   2.53436584   0.00180180
   2.64379442   0.00180180
   2.77128651   0.00220220
   2.53690295   0.00220220
   2.64821317   0.00220220
   2.77287233   0.00260260
   2.53944397   0.00260260
   2.65263403   0.00260260
   2.77446282   0.00300300
   2.54198895   0.00300300
   2.65705769   0.00300300
   2.77605806   0.00340340
   2.54453796   0.00340340
   2.66148483   0.00340340
   2.77765812   0.00380380
   2.54709105   0.00380380
   2.66591617   0.00380380
   2.77926310   0.00420420
   2.54964829   0.00420420
   2.67035243   0.00420420
   2.78087308   0.00460460
   2.55220972   0.00460460
   2.67479435   0.00460460
   2.78248815   0.00500501
   2.55477543   0.00500501
   2.67924272   0.00500501
   2.78410839   0.00540541
   2.55734547   0.00540541
   2.68369833   0.00540541
   2.78573392   0.00580581
   2.55992005   0.00580581
   2.68816230   0.00580581
   2.78736474   0.00620621
   2.56249826   0.00620621
   2.69263320   0.00620621
   2.78900110   0.00660661
   2.56508183   0.00660661
   2.69711576   0.00660661
   2.79064301   0.00700701
   2.56766979   0.00700701
   2.70160843   0.00700701
   2.79229058   0.00740741
   2.57026236   0.00740741
   2.70611249   0.00740741
   2.79394392   0.00780781
   2.57285963   0.00780781
   2.71062890   0.00780781
   2.79560314   0.00820821
   2.57546166   0.00820821
   2.71515862   0.00820821
   2.79726835   0.00860861
   2.57806854   0.00860861
   2.71970265   0.00860861
   2.79893967   0.00900901
   2.58068032   0.00900901
   2.72426200   0.00900901
   2.80061721   0.00940941
   2.58329708   0.00940941
   2.72883773   0.00940941
   2.80230109   0.00980981
   2.58591890   0.00980981
   2.73343095   0.00980981
   2.80399144   0.01021021
   2.58854583   0.01021021
   2.73804278   0.01021021
   2.80568838   0.01061061
   2.59117796   0.01061061
   2.74267441   0.01061061
   2.80739206   0.01101101
   2.59381536   0.01101101
   2.74732706   0.01101101
   2.80910259   0.01141141
   2.59645810   0.01141141
   2.75200202   0.01141141
   2.81082012   0.01181181
   2.59910626   0.01181181
   2.75670062   0.01181181
   2.81254480   0.01221221
   2.60175993   0.01221221
   2.76142426   0.01221221
   2.81427678   0.01261261
   2.60441916   0.01261261
   2.76617439   0.01261261
   2.81601620   0.01301301
   2.60708406   0.01301301
   2.77095254   0.01301301
   2.81776322   0.01341341
   2.60975469   0.01341341
   2.77576032   0.01341341
   2.81951800   0.01381381
   2.61243114   0.01381381
   2.78059942   0.01381381
   2.82128072   0.01421421
   2.61511349   0.01421421
   2.78547161   0.01421421
   2.82305154   0.01461461
   2.61780182   0.01461461
   2.79037876   0.01461461
   2.82483064   0.01501502
   2.62049623   0.01501502
   2.79532286   0.01501502
   2.82661821   0.01541542
   2.62319679   0.01541542
   2.80030599   0.01541542
   2.82841443   0.01581582
   2.62590359   0.01581582
   2.80533039   0.01581582
   2.83021950   0.01621622
   2.62861673   0.01621622
   2.81039841   0.01621622
   2.83203363   0.01661662
   2.63133630   0.01661662
   2.81551257   0.01661662
   2.83385702   0.01701702
   2.63406238   0.01701702
   2.82067555   0.01701702
   2.83568990   0.01741742
   2.63679507   0.01741742
   2.82589022   0.01741742
   2.83753248   0.01781782
   2.63953446   0.01781782
   2.83115968   0.01781782
   2.83938499   0.01821822
   2.64228064   0.01821822
   2.83648721   0.01821822
   2.84124769   0.01861862
   2.64503372   0.01861862
   2.84187641   0.01861862
   2.84312081   0.01901902
   2.64779380   0.01901902
   2.84733111   0.01901902
   2.84500462   0.01941942
   2.65056096   0.01941942
   2.85285552   0.01941942
   2.84689939   0.01981982
   2.65333532   0.01981982
   2.85845416   0.01981982
   2.84880538   0.02022022
   2.65611697   0.02022022
   2.86413201   0.02022022
   2.85072291   0.02062062
   2.65890602   0.02062062
   2.86989449   0.02062062
   2.85265225   0.02102102
   2.66170257   0.02102102
   2.87574759   0.02102102
   2.85459373   0.02142142
   2.66450673   0.02142142
   2.88169789   0.02142142
   2.85654767   0.02182182
   2.66731861   0.02182182
   2.88775269   0.02182182
   2.85851440   0.02222222
   2.67013832   0.02222222
   2.89392014   0.02222222
   2.86049428   0.02262262
   2.67296596   0.02262262
   2.90020934   0.02262262
   2.86248767   0.02302302
   2.67580165   0.02302302
   2.90663054   0.02302302
   2.86449495   0.02342342
   2.67864550   0.02342342
   2.91319536   0.02342342
   2.86651652   0.02382382
   2.68149763   0.02382382
   2.91991704   0.02382382
   2.86855280   0.02422422
   2.68435815   0.02422422
   2.92681080   0.02422422
   2.87060421   0.02462462
   2.68722718   0.02462462
   2.93389427   0.02462462
   2.87267120   0.02502503
   2.69010484   0.02502503
   2.94118807   0.02502503
   2.87475425   0.02542543
   2.69299125   0.02542543
   2.94871656   0.02542543
   2.87685384   0.02582583
   2.69588653   0.02582583
   2.95650891   0.02582583
   2.87897052   0.02622623
   2.69879081   0.02622623
   2.96460051   0.02622623
   2.88110477   0.02662663
   2.70170420   0.02662663
   2.97303498   0.02662663
   2.88325719   0.02702703
   2.70462684   0.02702703
   2.98186722   0.02702703
   2.88542836   0.02742743
   2.70755886   0.02742743
   2.99116785   0.02742743
   2.88761891   0.02782783
   2.71050037   0.02782783
   3.00103045   0.02782783
   2.88982949   0.02822823
   2.71345151   0.02822823
   3.01158351   0.02822823
   2.89206077   0.02862863
   2.71641241   0.02862863
   3.02301193   0.02862863
   2.89431348   0.02902903
   2.71938321   0.02902903
   3.03559925   0.02902903
   2.89658838   0.02942943
   2.72236403   0.02942943
   3.04982199   0.02942943
   2.89888626   0.02982983
   2.72535501   0.02982983
   3.06660603   0.02982983
   2.90120797   0.03023023
   2.72835628   0.03023023
   3.08832107   0.03023023
   2.90355438   0.03063063
   2.73136798   0.03063063
   3.13344977   0.03063063
   2.90592643   0.03103103
   2.73439025   0.03103103
   2.90832511   0.03143143
   2.73742323   0.03143143
   2.91075147   0.03183183
   2.74046705   0.03183183
   2.91320661   0.03223223
   2.74352185   0.03223223
   2.91569171   0.03263263
   2.74658777   0.03263263
   2.91820801   0.03303303
   2.74966495   0.03303303
   2.92075685   0.03343343
   2.75275353   0.03343343
   2.92333962   0.03383383
   2.75585366   0.03383383
   2.92595784   0.03423423
   2.75896547   0.03423423
   2.92861311   0.03463463
   2.76208910   0.03463463
   2.93130713   0.03503504
   2.76522470   0.03503504
   2.93404176   0.03543544
   2.76837241   0.03543544
   2.93681894   0.03583584
   2.77153236   0.03583584
   2.93964081   0.03623624
   2.77470470   0.03623624
   2.94250962   0.03663664
   2.77788956   0.03663664
   2.94542785   0.03703704
   2.78108708   0.03703704
   2.94839812   0.03743744
   2.78429741   0.03743744
   2.95142332   0.03783784
   2.78752068   0.03783784
   2.95450656   0.03823824
   2.79075703   0.03823824
   2.95765123   0.03863864
   2.79400659   0.03863864
   2.96086104   0.03903904
   2.79726950   0.03903904
   2.96414004   0.03943944
   2.80054589   0.03943944
   2.96749268   0.03983984
   2.80383589   0.03983984
   2.97092387   0.04024024
   2.80713963   0.04024024
   2.81045726   0.04064064
   2.97443905   0.04064064
   2.81378889   0.04104104
   2.97804427   0.04104104
   2.81713465   0.04144144
   2.98174627   0.04144144
   2.82049468   0.04184184
   2.98555262   0.04184184
   2.82386911   0.04224224
   2.98947189   0.04224224
   2.82725806   0.04264264
   2.99351378   0.04264264
   2.83066166   0.04304304
   2.99768943   0.04304304
   2.83408006   0.04344344
   3.00201167   0.04344344
   2.83751338   0.04384384
   3.00649543   0.04384384
   2.84096175   0.04424424
   3.01115829   0.04424424
   2.84442534   0.04464464
   3.01602115   0.04464464
   2.84790427   0.04504505
   3.02110922   0.04504505
   2.85139872   0.04544545
   3.02645343   0.04544545
   2.85490883   0.04584585
   3.03209238   0.04584585
   2.85843480   0.04624625
   3.03807540   0.04624625
   2.86197680   0.04664665
   3.04446731   0.04664665
   2.86553505   0.04704705
   3.05135629   0.04704705
   2.86910976   0.04744745
   3.05886788   0.04744745
   2.87270117   0.04784785
   3.06719198   0.04784785
   2.87630957   0.04824825
   3.07664200   0.04824825
   2.87993524   0.04864865
   3.08781028   0.04864865
   2.88357851   0.04904905
   3.10213237   0.04904905
   2.88723978   0.04944945
   3.12702939   0.04944945
   2.89091943   0.04984985
   2.89461795   0.05025025
   2.89833585   0.05065065
   2.90207373   0.05105105
   2.90583220   0.05145145
   2.90961208   0.05185185
   2.91341417   0.05225225
   2.91723940   0.05265265
   2.92108881   0.05305305
   2.92496359   0.05345345
   2.92886505   0.05385385
   2.93279466   0.05425425
   2.93675407   0.05465465
   2.94074513   0.05505506
   2.94476991   0.05545546
   2.94883070   0.05585586
   2.95293009   0.05625626
   2.95707098   0.05665666
   2.96125662   0.05705706
   2.96549064   0.05745746
   2.96977713   0.05785786
   2.97412071   0.05825826
   2.97852660   0.05865866
   2.98300072   0.05905906
   2.98754979   0.05945946
   2.99218154   0.05985986
   2.99690483   0.06026026
   3.00172995   0.06066066
   3.00666890   0.06106106
   3.01173583   0.06146146
   3.01694756   0.06186186
   3.02232440   0.06226226
   3.02789116   0.06266266
   3.03367872   0.06306306
   3.03972629   0.06346346
   3.04608494   0.06386386
   3.05282332   0.06426426
   3.06003748   0.06466466
   3.06786915   0.06506507
   3.07654342   0.06546547
   3.08645941   0.06586587
   3.09846892   0.06626627
   3.11530496   0.06666667
