   2.05782479  -0.20000000
   1.47869454  -0.20000000
   2.05966958  -0.19959960
   1.48186288  -0.19959960
   2.06150805  -0.19919920
   1.48502522  -0.19919920
   2.06334031  -0.19879880
   1.48818159  -0.19879880
   2.06516642  -0.19839840
   1.49133204  -0.19839840
   2.06698647  -0.19799800
   1.49447663  -0.19799800
   2.06880054  -0.19759760
   1.49761540  -0.19759760
   2.07060871  -0.19719720
   1.50074839  -0.19719720
   2.07241105  -0.19679680
   1.50387565  -0.19679680
   2.07420765  -0.19639640
   1.50699723  -0.19639640
   2.07599857  -0.19599600
   1.51011318  -0.19599600
   2.07778389  -0.19559560
   1.51322353  -0.19559560
   2.07956368  -0.19519520
   1.51632833  -0.19519520
   2.08133801  -0.19479479
   1.51942763  -0.19479479
   2.08310695  -0.19439439
   1.52252146  -0.19439439
   2.08487056  -0.19399399
   1.52560988  -0.19399399
   2.08662892  -0.19359359
   1.52869292  -0.19359359
   2.08838208  -0.19319319
   1.53177063  -0.19319319
   2.09013012  -0.19279279
   1.53484305  -0.19279279
   2.09187309  -0.19239239
   1.53791021  -0.19239239
   2.09361106  -0.19199199
   1.54097217  -0.19199199
   2.09534409  -0.19159159
   1.54402896  -0.19159159
   2.09707223  -0.19119119
   1.54708062  -0.19119119
   2.09879555  -0.19079079
   1.55012719  -0.19079079
   2.10051411  -0.19039039
   1.55316871  -0.19039039
   2.10222795  -0.18998999
   1.55620523  -0.18998999
   2.10393714  -0.18958959
   1.55923677  -0.18958959
   2.10564173  -0.18918919
   1.56226339  -0.18918919
   2.10734178  -0.18878879
   1.56528511  -0.18878879
   2.10903733  -0.18838839
   1.56830198  -0.18838839
   2.11072844  -0.18798799
   1.57131403  -0.18798799
   2.11241516  -0.18758759
   1.57432130  -0.18758759
   2.11409755  -0.18718719
   1.57732383  -0.18718719
   2.11577564  -0.18678679
   1.58032165  -0.18678679
   1.15969862  -0.18678679
   1.10319009  -0.18678679
   2.11744950  -0.18638639
   1.58331481  -0.18638639
   1.18130156  -0.18638639
   1.08117348  -0.18638639
   2.11911916  -0.18598599
   1.58630333  -0.18598599
   1.19610264  -0.18598599
   1.06594991  -0.18598599
   2.12078468  -0.18558559
   1.58928726  -0.18558559
   1.20816616  -0.18558559
   1.05345499  -0.18558559
   2.12244610  -0.18518519
   1.59226662  -0.18518519
   1.21864306  -0.18518519
   1.04253770  -0.18518519
   2.12410346  -0.18478478
   1.59524146  -0.18478478
   1.22805450  -0.18478478
   1.03267682  -0.18478478
   2.12575682  -0.18438438
   1.59821181  -0.18438438
   1.23668872  -0.18438438
   1.02358401  -0.18438438
   2.12740622  -0.18398398
   1.60117771  -0.18398398
   1.24472482  -0.18398398
   1.01508010  -0.18398398
   2.12905169  -0.18358358
   1.60413918  -0.18358358
   1.25228298  -0.18358358
   1.00704484  -0.18358358
   2.13069329  -0.18318318
   1.60709627  -0.18318318
   1.25944840  -0.18318318
   0.99939294  -0.18318318
   2.13233106  -0.18278278
   1.61004901  -0.18278278
   1.26628402  -0.18278278
   0.99206136  -0.18278278
   2.13396503  -0.18238238
   1.61299743  -0.18238238
   1.27283791  -0.18238238
   0.98500197  -0.18238238
   2.13559525  -0.18198198
   1.61594157  -0.18198198
   1.27914769  -0.18198198
   0.97817706  -0.18198198
   2.13722176  -0.18158158
   1.61888145  -0.18158158
   1.28524347  -0.18158158
   0.97155642  -0.18158158
   2.13884460  -0.18118118
   1.62181712  -0.18118118
   1.29114977  -0.18118118
   0.96511545  -0.18118118
   2.14046381  -0.18078078
   1.62474861  -0.18078078
   1.29688687  -0.18078078
   0.95883378  -0.18078078
   2.14207943  -0.18038038
   1.62767594  -0.18038038
   1.30247177  -0.18038038
   0.95269432  -0.18038038
   2.14369149  -0.17997998
   1.63059915  -0.17997998
   1.30791885  -0.17997998
   0.94668260  -0.17997998
   2.14530004  -0.17957958
   1.63351828  -0.17957958
   1.31324043  -0.17957958
   0.94078619  -0.17957958
   2.14690511  -0.17917918
   1.63643335  -0.17917918
   1.31844715  -0.17917918
   0.93499438  -0.17917918
   2.14850673  -0.17877878
   1.63934439  -0.17877878
   1.32354825  -0.17877878
   0.92929782  -0.17877878
   2.15010494  -0.17837838
   1.64225145  -0.17837838
   1.32855183  -0.17837838
   0.92368829  -0.17837838
   2.15169979  -0.17797798
   1.64515455  -0.17797798
   1.33346505  -0.17797798
   0.91815857  -0.17797798
   2.15329130  -0.17757758
   1.64805372  -0.17757758
   1.33829424  -0.17757758
   0.91270220  -0.17757758
   2.15487950  -0.17717718
   1.65094899  -0.17717718
   1.34304505  -0.17717718
   0.90731343  -0.17717718
   2.15646444  -0.17677678
   1.65384039  -0.17677678
   1.34772253  -0.17677678
   0.90198710  -0.17677678
   2.15804615  -0.17637638
   1.65672796  -0.17637638
   1.35233124  -0.17637638
   0.89671855  -0.17637638
   2.15962465  -0.17597598
   1.65961173  -0.17597598
   1.35687528  -0.17597598
   0.89150356  -0.17597598
   2.16119999  -0.17557558
   1.66249172  -0.17557558
   1.36135839  -0.17557558
   0.88633829  -0.17557558
   2.16277219  -0.17517518
   1.66536796  -0.17517518
   1.36578396  -0.17517518
   0.88121923  -0.17517518
   2.16434129  -0.17477477
   1.66824049  -0.17477477
   1.37015508  -0.17477477
   0.87614317  -0.17477477
   2.16590731  -0.17437437
   1.67110933  -0.17437437
   1.37447458  -0.17437437
   0.87110716  -0.17437437
   2.16747029  -0.17397397
   1.67397452  -0.17397397
   1.37874507  -0.17397397
   0.86610848  -0.17397397
   2.16903026  -0.17357357
   1.67683608  -0.17357357
   1.38296893  -0.17357357
   0.86114460  -0.17357357
   2.17058726  -0.17317317
   1.67969405  -0.17317317
   1.38714839  -0.17317317
   0.85621319  -0.17317317
   2.17214130  -0.17277277
   1.68254844  -0.17277277
   1.39128547  -0.17277277
   0.85131208  -0.17277277
   2.17369241  -0.17237237
   1.68539930  -0.17237237
   1.39538209  -0.17237237
   0.84643924  -0.17237237
   2.17524064  -0.17197197
   1.68824665  -0.17197197
   1.39943998  -0.17197197
   0.84159278  -0.17197197
   2.17678600  -0.17157157
   1.69109052  -0.17157157
   1.40346081  -0.17157157
   0.83677093  -0.17157157
   2.17832853  -0.17117117
   1.69393093  -0.17117117
   1.40744608  -0.17117117
   0.83197201  -0.17117117
   2.17986825  -0.17077077
   1.69676792  -0.17077077
   1.41139723  -0.17077077
   0.82719445  -0.17077077
   2.18140519  -0.17037037
   1.69960152  -0.17037037
   1.41531559  -0.17037037
   0.82243678  -0.17037037
   2.18293937  -0.16996997
   1.70243174  -0.16996997
   1.41920241  -0.16996997
   0.81769760  -0.16996997
   2.18447084  -0.16956957
   1.70525863  -0.16956957
   1.42305887  -0.16956957
   0.81297557  -0.16956957
   2.18599960  -0.16916917
   1.70808220  -0.16916917
   1.42688607  -0.16916917
   0.80826943  -0.16916917
   2.18752569  -0.16876877
   1.71090249  -0.16876877
   1.71090761  -0.16876877
   0.80357800  -0.16876877
   2.18904913  -0.16836837
   1.71371952  -0.16836837
   1.43445678  -0.16836837
   0.79890012  -0.16836837
   2.19056995  -0.16796797
   1.71653332  -0.16796797
   1.43820219  -0.16796797
   0.79423470  -0.16796797
   2.19208817  -0.16756757
   1.71934392  -0.16756757
   1.44192216  -0.16756757
   0.78958071  -0.16756757
   2.19360383  -0.16716717
   1.72215134  -0.16716717
   1.44561751  -0.16716717
   0.78493713  -0.16716717
   2.19511693  -0.16676677
   1.72495561  -0.16676677
   1.44928902  -0.16676677
   0.78030300  -0.16676677
   2.19662752  -0.16636637
   1.72775676  -0.16636637
   1.45293744  -0.16636637
   0.77567741  -0.16636637
   2.19813560  -0.16596597
   1.73055482  -0.16596597
   1.45656346  -0.16596597
   0.77105946  -0.16596597
   2.19964122  -0.16556557
   1.73334981  -0.16556557
   1.46016776  -0.16556557
   0.76644828  -0.16556557
   2.20114438  -0.16516517
   1.73614175  -0.16516517
   1.46375098  -0.16516517
   0.76184305  -0.16516517
   2.20264511  -0.16476476
   1.73893068  -0.16476476
   1.46731371  -0.16476476
   0.75724296  -0.16476476
   2.20414345  -0.16436436
   1.74171662  -0.16436436
   1.47085653  -0.16436436
   0.75264721  -0.16436436
   2.20563940  -0.16396396
   1.74449960  -0.16396396
   1.47438000  -0.16396396
   0.74805506  -0.16396396
   2.20713299  -0.16356356
   1.74727964  -0.16356356
   1.47788463  -0.16356356
   0.74346575  -0.16356356
   2.20862424  -0.16316316
   1.75005678  -0.16316316
   1.48137094  -0.16316316
   0.73887857  -0.16316316
   2.21011318  -0.16276276
   1.75283102  -0.16276276
   1.48483940  -0.16276276
   0.73429279  -0.16276276
   2.21159983  -0.16236236
   1.75560241  -0.16236236
   1.48829046  -0.16236236
   0.72970774  -0.16236236
   2.21308420  -0.16196196
   1.75837096  -0.16196196
   1.49172456  -0.16196196
   0.72512272  -0.16196196
   2.21456633  -0.16156156
   1.76113671  -0.16156156
   1.49514214  -0.16156156
   0.72053707  -0.16156156
   2.21604623  -0.16116116
   1.76389968  -0.16116116
   1.49854358  -0.16116116
   0.71595013  -0.16116116
   2.21752391  -0.16076076
   1.76665989  -0.16076076
   1.50192928  -0.16076076
   0.71136126  -0.16076076
   2.21899941  -0.16036036
   1.76941736  -0.16036036
   1.50529960  -0.16036036
   0.70676980  -0.16036036
   2.22047275  -0.15995996
   1.77217213  -0.15995996
   1.50865491  -0.15995996
   0.70217514  -0.15995996
   2.22194393  -0.15955956
   1.77492423  -0.15955956
   1.51199554  -0.15955956
   0.69757663  -0.15955956
   2.22341299  -0.15915916
   1.77767366  -0.15915916
   1.51532182  -0.15915916
   0.69297367  -0.15915916
   2.22487994  -0.15875876
   1.78042047  -0.15875876
   1.51863408  -0.15875876
   0.68836562  -0.15875876
   2.22634481  -0.15835836
   1.78316467  -0.15835836
   1.52193261  -0.15835836
   0.68375188  -0.15835836
   2.22780760  -0.15795796
   1.78590629  -0.15795796
   1.52521772  -0.15795796
   0.67913182  -0.15795796
   2.22926834  -0.15755756
   1.78864535  -0.15755756
   1.52848967  -0.15755756
   0.67450485  -0.15755756
   2.23072706  -0.15715716
   1.79138189  -0.15715716
   1.53174876  -0.15715716
   0.66987034  -0.15715716
   2.23218376  -0.15675676
   1.79411592  -0.15675676
   1.53499523  -0.15675676
   0.66522769  -0.15675676
   2.23363847  -0.15635636
   1.79684747  -0.15635636
   1.53822936  -0.15635636
   0.66057628  -0.15635636
   2.23509120  -0.15595596
   1.79957656  -0.15595596
   1.54145137  -0.15595596
   0.65591548  -0.15595596
   2.23654198  -0.15555556
   1.80230322  -0.15555556
   1.54466151  -0.15555556
   0.65124469  -0.15555556
   2.23799081  -0.15515516
   1.80502747  -0.15515516
   1.54786001  -0.15515516
   0.64656328  -0.15515516
   2.23943773  -0.15475475
   1.80774934  -0.15475475
   1.55104710  -0.15475475
   0.64187061  -0.15475475
   2.24088274  -0.15435435
   1.81046885  -0.15435435
   1.55422297  -0.15435435
   0.63716605  -0.15435435
   2.24232586  -0.15395395
   1.81318603  -0.15395395
   1.55738786  -0.15395395
   0.63244896  -0.15395395
   2.24376712  -0.15355355
   1.81590089  -0.15355355
   1.56054194  -0.15355355
   0.62771869  -0.15355355
   2.24520652  -0.15315315
   1.81861348  -0.15315315
   1.56368543  -0.15315315
   0.62297457  -0.15315315
   2.24664409  -0.15275275
   1.82132380  -0.15275275
   1.56681851  -0.15275275
   0.61821593  -0.15275275
   2.24807984  -0.15235235
   1.82403188  -0.15235235
   1.56994137  -0.15235235
   0.61344210  -0.15235235
   2.24951379  -0.15195195
   1.82673775  -0.15195195
   1.57305417  -0.15195195
   0.60865238  -0.15195195
   2.25094595  -0.15155155
   1.82944144  -0.15155155
   1.57615710  -0.15155155
   0.60384606  -0.15155155
   2.25237634  -0.15115115
   1.83214295  -0.15115115
   1.57925033  -0.15115115
   0.59902243  -0.15115115
   2.25380499  -0.15075075
   1.83484233  -0.15075075
   1.58233401  -0.15075075
   0.59418074  -0.15075075
   2.25523189  -0.15035035
   1.83753959  -0.15035035
   1.58540830  -0.15035035
   0.58932025  -0.15035035
   2.25665707  -0.14994995
   1.84023477  -0.14994995
   1.58847336  -0.14994995
   0.58444018  -0.14994995
   2.25808055  -0.14954955
   1.84292787  -0.14954955
   1.59152934  -0.14954955
   0.57953974  -0.14954955
   2.25950234  -0.14914915
   1.84561893  -0.14914915
   1.59457638  -0.14914915
   0.57461813  -0.14914915
   2.26092245  -0.14874875
   1.84830796  -0.14874875
   1.59761463  -0.14874875
   0.56967450  -0.14874875
   2.26234090  -0.14834835
   1.85099501  -0.14834835
   1.60064422  -0.14834835
   0.56470800  -0.14834835
   2.26375771  -0.14794795
   1.85368007  -0.14794795
   1.60366528  -0.14794795
   0.55971775  -0.14794795
   2.26517289  -0.14754755
   1.85636320  -0.14754755
   1.60667795  -0.14754755
   0.55470284  -0.14754755
   2.26658646  -0.14714715
   1.85904439  -0.14714715
   1.60968236  -0.14714715
   0.54966233  -0.14714715
   2.26799843  -0.14674675
   1.86172369  -0.14674675
   1.61267862  -0.14674675
   0.54459525  -0.14674675
   2.26940881  -0.14634635
   1.86440111  -0.14634635
   1.61566686  -0.14634635
   0.53950058  -0.14634635
   2.27081762  -0.14594595
   1.86707668  -0.14594595
   1.61864720  -0.14594595
   0.53437730  -0.14594595
   2.27222487  -0.14554555
   1.86975042  -0.14554555
   1.62161975  -0.14554555
   0.52922433  -0.14554555
   2.27363058  -0.14514515
   1.87242235  -0.14514515
   1.62458463  -0.14514515
   0.52404053  -0.14514515
   2.27503477  -0.14474474
   1.87509251  -0.14474474
   1.62754193  -0.14474474
   0.51882476  -0.14474474
   2.27643744  -0.14434434
   1.87776091  -0.14434434
   1.63049178  -0.14434434
   0.51357579  -0.14434434
   2.27783861  -0.14394394
   1.88042757  -0.14394394
   1.63343427  -0.14394394
   0.50829237  -0.14394394
   2.27923830  -0.14354354
   1.88309253  -0.14354354
   1.63636951  -0.14354354
   0.50297318  -0.14354354
   2.28063651  -0.14314314
   1.88575580  -0.14314314
   1.63929759  -0.14314314
   0.49761684  -0.14314314
   2.28203326  -0.14274274
   1.88841741  -0.14274274
   1.64221861  -0.14274274
   0.49222193  -0.14274274
   2.28342857  -0.14234234
   1.89107738  -0.14234234
   1.64513267  -0.14234234
   0.48678692  -0.14234234
   2.28482244  -0.14194194
   1.89373574  -0.14194194
   1.64803986  -0.14194194
   0.48131026  -0.14194194
   2.28621490  -0.14154154
   1.89639252  -0.14154154
   1.65094027  -0.14154154
   0.47579028  -0.14154154
   2.28760595  -0.14114114
   1.89904772  -0.14114114
   1.65383399  -0.14114114
   0.47022523  -0.14114114
   2.28899560  -0.14074074
   1.90170139  -0.14074074
   1.65672111  -0.14074074
   0.46461330  -0.14074074
   2.29038388  -0.14034034
   1.90435354  -0.14034034
   1.65960171  -0.14034034
   0.45895256  -0.14034034
   2.29177079  -0.13993994
   1.90700420  -0.13993994
   1.66247588  -0.13993994
   0.45324095  -0.13993994
   2.29315634  -0.13953954
   1.90965339  -0.13953954
   1.66534369  -0.13953954
   0.44747634  -0.13953954
   2.29454055  -0.13913914
   1.91230114  -0.13913914
   1.66820522  -0.13913914
   0.44165644  -0.13913914
   2.29592343  -0.13873874
   1.91494747  -0.13873874
   1.67106056  -0.13873874
   0.43577883  -0.13873874
   2.29730500  -0.13833834
   1.91759240  -0.13833834
   1.67390978  -0.13833834
   0.42984095  -0.13833834
   2.29868526  -0.13793794
   1.92023597  -0.13793794
   1.67675296  -0.13793794
   0.42384007  -0.13793794
   2.30006422  -0.13753754
   1.92287818  -0.13753754
   1.67959017  -0.13753754
   0.41777326  -0.13753754
   2.30144191  -0.13713714
   1.92551908  -0.13713714
   1.68242148  -0.13713714
   0.41163742  -0.13713714
   2.30281833  -0.13673674
   1.92815868  -0.13673674
   1.68524696  -0.13673674
   0.40542922  -0.13673674
   2.30419349  -0.13633634
   1.93079700  -0.13633634
   1.68806668  -0.13633634
   0.39914509  -0.13633634
   2.30556740  -0.13593594
   1.93343408  -0.13593594
   1.69088071  -0.13593594
   0.39278119  -0.13593594
   2.30694008  -0.13553554
   1.93606994  -0.13553554
   1.69368911  -0.13553554
   0.38633337  -0.13553554
   2.30831154  -0.13513514
   1.93870459  -0.13513514
   1.69649196  -0.13513514
   0.37979719  -0.13513514
   2.30968180  -0.13473473
   1.94133808  -0.13473473
   1.69928932  -0.13473473
   0.37316780  -0.13473473
   2.31105085  -0.13433433
   1.94397041  -0.13433433
   1.70208124  -0.13433433
   0.36643994  -0.13433433
   2.31241871  -0.13393393
   1.94660162  -0.13393393
   1.70486780  -0.13393393
   0.35960791  -0.13393393
   2.31378540  -0.13353353
   1.94923174  -0.13353353
   1.70764904  -0.13353353
   0.35266545  -0.13353353
   2.31515093  -0.13313313
   1.95186078  -0.13313313
   1.71042504  -0.13313313
   0.34560571  -0.13313313
   2.31651530  -0.13273273
   1.95448877  -0.13273273
   1.71319585  -0.13273273
   0.33842117  -0.13273273
   2.31787853  -0.13233233
   1.95711574  -0.13233233
   1.71596152  -0.13233233
   0.33110351  -0.13233233
   2.31924063  -0.13193193
   1.95974171  -0.13193193
   1.71872213  -0.13193193
   0.32364350  -0.13193193
   2.32060161  -0.13153153
   1.96236672  -0.13153153
   1.72147771  -0.13153153
   0.31603087  -0.13153153
   2.32196148  -0.13113113
   1.96499077  -0.13113113
   1.72422832  -0.13113113
   0.30825412  -0.13113113
   2.32332025  -0.13073073
   1.96761391  -0.13073073
   1.72697403  -0.13073073
   0.30030029  -0.13073073
   2.32467794  -0.13033033
   1.97023615  -0.13033033
   1.72971488  -0.13033033
   0.29215472  -0.13033033
   2.32603455  -0.12992993
   1.97285752  -0.12992993
   1.73245092  -0.12992993
   0.28380070  -0.12992993
   2.32739009  -0.12952953
   1.97547805  -0.12952953
   1.73518221  -0.12952953
   0.27521905  -0.12952953
   2.32874458  -0.12912913
   1.97809777  -0.12912913
   1.73790879  -0.12912913
   0.26638756  -0.12912913
   2.33009802  -0.12872873
   1.98071669  -0.12872873
   1.74063072  -0.12872873
   0.25728029  -0.12872873
   2.33145043  -0.12832833
   1.98333486  -0.12832833
   1.74334804  -0.12832833
   0.24786662  -0.12832833
   2.33280181  -0.12792793
   1.98595228  -0.12792793
   1.74606081  -0.12792793
   0.23811001  -0.12792793
   2.33415218  -0.12752753
   1.98856900  -0.12752753
   1.74876906  -0.12752753
   0.22796618  -0.12752753
   2.33550155  -0.12712713
   1.99118503  -0.12712713
   1.75147285  -0.12712713
   0.21738072  -0.12712713
   2.33684992  -0.12672673
   1.99380040  -0.12672673
   1.75417223  -0.12672673
   0.20628540  -0.12672673
   2.33819731  -0.12632633
   1.99641515  -0.12632633
   1.75686723  -0.12632633
   0.19459277  -0.12632633
   2.33954373  -0.12592593
   1.99902929  -0.12592593
   1.75955791  -0.12592593
   0.18218761  -0.12592593
   2.34088918  -0.12552553
   2.00164285  -0.12552553
   1.76224430  -0.12552553
   0.16891271  -0.12552553
   2.34223368  -0.12512513
   2.00425587  -0.12512513
   1.76492645  -0.12512513
   0.15454381  -0.12512513
   2.34357724  -0.12472472
   2.00686837  -0.12472472
   1.76760440  -0.12472472
   0.13874108  -0.12472472
   2.34491986  -0.12432432
   2.00948038  -0.12432432
   1.77027820  -0.12432432
   0.12094343  -0.12432432
   2.34626156  -0.12392392
   2.01209193  -0.12392392
   1.77294789  -0.12392392
   0.10009182  -0.12392392
   0.12891373  -0.12392392
   2.34760235  -0.12352352
   2.01470303  -0.12352352
   1.77561350  -0.12352352
   0.07363545  -0.12352352
   0.19550719  -0.12352352
   2.34894223  -0.12312312
   2.01731373  -0.12312312
   1.77827508  -0.12312312
   0.24438536  -0.12312312
   0.02895940  -0.12312312
   2.35028122  -0.12272272
   2.01992405  -0.12272272
   1.78093266  -0.12272272
   0.28483233  -0.12272272
   2.35161932  -0.12232232
   2.02253402  -0.12232232
   1.78358629  -0.12232232
   0.32007100  -0.12232232
   2.35295655  -0.12192192
   2.02514367  -0.12192192
   1.78623601  -0.12192192
   0.35167917  -0.12192192
   2.35429291  -0.12152152
   2.02775303  -0.12152152
   1.78888185  -0.12152152
   0.38056983  -0.12152152
   2.35562841  -0.12112112
   2.03036212  -0.12112112
   1.79152385  -0.12112112
   0.40732792  -0.12112112
   2.35696307  -0.12072072
   2.03297098  -0.12072072
   1.79416205  -0.12072072
   0.43235502  -0.12072072
   2.35829689  -0.12032032
   2.03557963  -0.12032032
   1.79679649  -0.12032032
   0.45594105  -0.12032032
   2.35962988  -0.11991992
   2.03818811  -0.11991992
   1.79942719  -0.11991992
   0.47830346  -0.11991992
   2.36096205  -0.11951952
   2.04079645  -0.11951952
   1.80205421  -0.11951952
   0.49961035  -0.11951952
   2.36229341  -0.11911912
   2.04340467  -0.11911912
   1.80467756  -0.11911912
   0.51999483  -0.11911912
   2.36362398  -0.11871872
   2.04601280  -0.11871872
   1.80729729  -0.11871872
   0.53956445  -0.11871872
   2.36495375  -0.11831832
   2.04862088  -0.11831832
   1.80991344  -0.11831832
   0.55840763  -0.11831832
   2.36628273  -0.11791792
   2.05122894  -0.11791792
   1.81252603  -0.11791792
   0.57659805  -0.11791792
   2.36761095  -0.11751752
   2.05383701  -0.11751752
   1.81513510  -0.11751752
   0.59419789  -0.11751752
   2.36893840  -0.11711712
   2.05644512  -0.11711712
   1.81774069  -0.11711712
   0.61126021  -0.11711712
   2.37026509  -0.11671672
   2.05905331  -0.11671672
   1.82034282  -0.11671672
   0.62783072  -0.11671672
   2.37159104  -0.11631632
   2.06166159  -0.11631632
   1.82294153  -0.11631632
   0.64394909  -0.11631632
   2.37291625  -0.11591592
   2.06427001  -0.11591592
   1.82553685  -0.11591592
   0.65965005  -0.11591592
   2.37424073  -0.11551552
   2.06687860  -0.11551552
   1.82812881  -0.11551552
   0.67496419  -0.11551552
   2.37556449  -0.11511512
   2.06948739  -0.11511512
   1.83071745  -0.11511512
   0.68991862  -0.11511512
   2.37688754  -0.11471471
   2.07209642  -0.11471471
   1.83330279  -0.11471471
   0.70453750  -0.11471471
   2.37820988  -0.11431431
   2.07470571  -0.11431431
   1.83588487  -0.11431431
   0.71884246  -0.11431431
   2.37953154  -0.11391391
   2.07731531  -0.11391391
   1.83846372  -0.11391391
   0.73285296  -0.11391391
   2.38085251  -0.11351351
   2.07992524  -0.11351351
   1.84103936  -0.11351351
   0.74658661  -0.11351351
   2.38217280  -0.11311311
   2.08253554  -0.11311311
   1.84361183  -0.11311311
   0.76005936  -0.11311311
   2.38349242  -0.11271271
   2.08514624  -0.11271271
   1.84618115  -0.11271271
   0.77328571  -0.11271271
   2.38481139  -0.11231231
   2.08775738  -0.11231231
   1.84874736  -0.11231231
   0.78627895  -0.11231231
   2.38612970  -0.11191191
   2.09036900  -0.11191191
   1.85131048  -0.11191191
   0.79905123  -0.11191191
   2.38744737  -0.11151151
   2.09298112  -0.11151151
   1.85387055  -0.11151151
   0.81161371  -0.11151151
   2.38876441  -0.11111111
   2.09559379  -0.11111111
   1.85642759  -0.11111111
   0.82397668  -0.11111111
   2.39008083  -0.11071071
   2.09820704  -0.11071071
   1.85898162  -0.11071071
   0.83614964  -0.11071071
   2.39139662  -0.11031031
   2.10082091  -0.11031031
   1.86153268  -0.11031031
   0.84814140  -0.11031031
   2.39271181  -0.10990991
   2.10343543  -0.10990991
   1.86408080  -0.10990991
   0.85996013  -0.10990991
   2.39402640  -0.10950951
   2.10605065  -0.10950951
   1.86662599  -0.10950951
   0.87161341  -0.10950951
   2.39534040  -0.10910911
   2.10866659  -0.10910911
   1.86916830  -0.10910911
   0.88310833  -0.10910911
   2.39665381  -0.10870871
   2.11128330  -0.10870871
   1.87170774  -0.10870871
   0.89445149  -0.10870871
   2.39796665  -0.10830831
   2.11390082  -0.10830831
   1.87424434  -0.10830831
   0.90564908  -0.10830831
   2.39927892  -0.10790791
   2.11651919  -0.10790791
   1.87677813  -0.10790791
   0.91670687  -0.10790791
   2.40059064  -0.10750751
   2.11913844  -0.10750751
   1.87930913  -0.10750751
   0.92763031  -0.10750751
   2.40190180  -0.10710711
   2.12175861  -0.10710711
   1.88183737  -0.10710711
   0.93842450  -0.10710711
   2.40321242  -0.10670671
   2.12437975  -0.10670671
   1.88436287  -0.10670671
   0.94909425  -0.10670671
   2.40452251  -0.10630631
   2.12700189  -0.10630631
   1.88688567  -0.10630631
   0.95964409  -0.10630631
   2.40583207  -0.10590591
   2.12962508  -0.10590591
   1.88940578  -0.10590591
   0.97007829  -0.10590591
   2.40714112  -0.10550551
   2.13224935  -0.10550551
   1.89192323  -0.10550551
   0.98040090  -0.10550551
   2.40844966  -0.10510511
   2.13487476  -0.10510511
   1.89443804  -0.10510511
   0.99061573  -0.10510511
   2.40975769  -0.10470470
   2.13750133  -0.10470470
   1.89695024  -0.10470470
   1.00072641  -0.10470470
   2.41106523  -0.10430430
   2.14012912  -0.10430430
   1.89945986  -0.10430430
   1.01073638  -0.10430430
   2.41237229  -0.10390390
   2.14275817  -0.10390390
   1.90196691  -0.10390390
   1.02064890  -0.10390390
   2.41367887  -0.10350350
   2.14538853  -0.10350350
   1.90447143  -0.10350350
   1.03046706  -0.10350350
   2.41498498  -0.10310310
   2.14802023  -0.10310310
   1.90697342  -0.10310310
   1.04019381  -0.10310310
   2.41629064  -0.10270270
   2.15065332  -0.10270270
   1.90947293  -0.10270270
   1.04983197  -0.10270270
   2.41759583  -0.10230230
   2.15328785  -0.10230230
   1.91196997  -0.10230230
   1.05938421  -0.10230230
   2.41890059  -0.10190190
   2.15592386  -0.10190190
   1.91446456  -0.10190190
   1.06885308  -0.10190190
   2.42020490  -0.10150150
   2.15856141  -0.10150150
   1.91695673  -0.10150150
   1.07824102  -0.10150150
   2.42150879  -0.10110110
   2.16120053  -0.10110110
   1.91944650  -0.10110110
   1.08755037  -0.10110110
   2.42281226  -0.10070070
   2.16384129  -0.10070070
   1.92193389  -0.10070070
   1.09678334  -0.10070070
   2.42411531  -0.10030030
   2.16648371  -0.10030030
   1.92441892  -0.10030030
   1.10594207  -0.10030030
   2.42541796  -0.09989990
   2.16912786  -0.09989990
   1.92690163  -0.09989990
   1.11502862  -0.09989990
   2.42672022  -0.09949950
   2.17177379  -0.09949950
   1.92938202  -0.09949950
   1.12404492  -0.09949950
   2.42802208  -0.09909910
   2.17442154  -0.09909910
   1.93186013  -0.09909910
   1.13299288  -0.09909910
   2.42932356  -0.09869870
   2.17707116  -0.09869870
   1.93433596  -0.09869870
   1.14187427  -0.09869870
   2.43062467  -0.09829830
   2.17972272  -0.09829830
   1.93680956  -0.09829830
   1.15069085  -0.09829830
   2.43192541  -0.09789790
   2.18237626  -0.09789790
   1.93928093  -0.09789790
   1.15944428  -0.09789790
   2.43322580  -0.09749750
   2.18503183  -0.09749750
   1.94175009  -0.09749750
   1.16813615  -0.09749750
   2.43452583  -0.09709710
   2.18768949  -0.09709710
   1.94421708  -0.09709710
   1.17676800  -0.09709710
   2.43582553  -0.09669670
   2.19034929  -0.09669670
   1.94668190  -0.09669670
   1.18534133  -0.09669670
   2.43712489  -0.09629630
   2.19301130  -0.09629630
   1.94914459  -0.09629630
   1.19385756  -0.09629630
   2.43842392  -0.09589590
   2.19567556  -0.09589590
   1.95160516  -0.09589590
   1.20231807  -0.09589590
   2.43972263  -0.09549550
   2.19834213  -0.09549550
   1.95406363  -0.09549550
   1.21072420  -0.09549550
   2.44102104  -0.09509510
   2.20101108  -0.09509510
   1.95652002  -0.09509510
   1.21907721  -0.09509510
   2.44231914  -0.09469469
   2.20368246  -0.09469469
   1.95897436  -0.09469469
   1.22737836  -0.09469469
   2.44361695  -0.09429429
   2.20635632  -0.09429429
   1.96142666  -0.09429429
   1.23562883  -0.09429429
   2.44491447  -0.09389389
   2.20903275  -0.09389389
   1.96387694  -0.09389389
   1.24382979  -0.09389389
   2.44621171  -0.09349349
   2.21171178  -0.09349349
   1.96632523  -0.09349349
   1.25198236  -0.09349349
   2.44750868  -0.09309309
   2.21439349  -0.09309309
   1.96877155  -0.09309309
   1.26008761  -0.09309309
   2.44880538  -0.09269269
   2.21707795  -0.09269269
   1.97121590  -0.09269269
   1.26814659  -0.09269269
   2.45010183  -0.09229229
   2.21976521  -0.09229229
   1.97365833  -0.09229229
   1.27616032  -0.09229229
   2.45139803  -0.09189189
   2.22245534  -0.09189189
   1.97609883  -0.09189189
   1.28412978  -0.09189189
   2.45269399  -0.09149149
   2.22514840  -0.09149149
   1.97853744  -0.09149149
   1.29205592  -0.09149149
   2.45398972  -0.09109109
   2.22784448  -0.09109109
   1.98097417  -0.09109109
   1.29993967  -0.09109109
   2.45528522  -0.09069069
   2.23054363  -0.09069069
   1.98340904  -0.09069069
   1.30778191  -0.09069069
   2.45658051  -0.09029029
   2.23324592  -0.09029029
   1.98584207  -0.09029029
   1.31558352  -0.09029029
   2.45787559  -0.08988989
   2.23595143  -0.08988989
   1.98827329  -0.08988989
   1.32334534  -0.08988989
   2.45917047  -0.08948949
   2.23866023  -0.08948949
   1.99070270  -0.08948949
   1.33106819  -0.08948949
   2.46046515  -0.08908909
   2.24137239  -0.08908909
   1.99313033  -0.08908909
   1.33875286  -0.08908909
   2.46175965  -0.08868869
   2.24408799  -0.08868869
   1.99555620  -0.08868869
   1.34640013  -0.08868869
   2.46305397  -0.08828829
   2.24680711  -0.08828829
   1.99798032  -0.08828829
   1.35401074  -0.08828829
   2.46434812  -0.08788789
   2.24952981  -0.08788789
   2.00040272  -0.08788789
   1.36158543  -0.08788789
   2.46564210  -0.08748749
   2.25225618  -0.08748749
   2.00282342  -0.08748749
   1.36912491  -0.08748749
   2.46693594  -0.08708709
   2.25498631  -0.08708709
   2.00524242  -0.08708709
   1.37662986  -0.08708709
   2.46822962  -0.08668669
   2.25772026  -0.08668669
   2.00765976  -0.08668669
   1.38410096  -0.08668669
   2.46952317  -0.08628629
   2.26045814  -0.08628629
   2.01007544  -0.08628629
   1.39153886  -0.08628629
   2.47081659  -0.08588589
   2.26320001  -0.08588589
   2.01248950  -0.08588589
   1.39894420  -0.08588589
   2.47210988  -0.08548549
   2.26594596  -0.08548549
   2.01490193  -0.08548549
   1.40631761  -0.08548549
   2.47340306  -0.08508509
   2.26869609  -0.08508509
   2.01731278  -0.08508509
   1.41365968  -0.08508509
   2.47469613  -0.08468468
   2.27145048  -0.08468468
   2.01972204  -0.08468468
   1.42097100  -0.08468468
   2.47598911  -0.08428428
   2.27420922  -0.08428428
   2.02212975  -0.08428428
   1.42825215  -0.08428428
   2.47728199  -0.08388388
   2.27697241  -0.08388388
   2.02453591  -0.08388388
   1.43550369  -0.08388388
   2.47857479  -0.08348348
   2.27974014  -0.08348348
   2.02694055  -0.08348348
   1.44272617  -0.08348348
   2.47986751  -0.08308308
   2.28251250  -0.08308308
   2.02934368  -0.08308308
   1.44992012  -0.08308308
   2.48116017  -0.08268268
   2.28528959  -0.08268268
   2.03174533  -0.08268268
   1.45708606  -0.08268268
   2.48245276  -0.08228228
   2.28807152  -0.08228228
   2.03414550  -0.08228228
   1.46422449  -0.08228228
   2.48374531  -0.08188188
   2.29085838  -0.08188188
   2.03654422  -0.08188188
   1.47133592  -0.08188188
   2.48503781  -0.08148148
   2.29365028  -0.08148148
   2.03894151  -0.08148148
   1.47842083  -0.08148148
   2.48633027  -0.08108108
   2.29644732  -0.08108108
   2.04133738  -0.08108108
   1.48547969  -0.08108108
   2.48762271  -0.08068068
   2.29924962  -0.08068068
   2.04373185  -0.08068068
   1.49251296  -0.08068068
   2.48891513  -0.08028028
   2.30205727  -0.08028028
   2.04612494  -0.08028028
   1.49952110  -0.08028028
   2.49020753  -0.07987988
   2.30487039  -0.07987988
   2.04851667  -0.07987988
   1.50650454  -0.07987988
   2.49149993  -0.07947948
   2.30768910  -0.07947948
   2.05090704  -0.07947948
   1.51346372  -0.07947948
   2.49279234  -0.07907908
   2.31051352  -0.07907908
   2.05329609  -0.07907908
   1.52039906  -0.07907908
   2.49408476  -0.07867868
   2.31334375  -0.07867868
   2.05568382  -0.07867868
   1.52731097  -0.07867868
   2.49537720  -0.07827828
   2.31617993  -0.07827828
   2.05807026  -0.07827828
   1.53419985  -0.07827828
   2.49666967  -0.07787788
   2.31902217  -0.07787788
   2.06045543  -0.07787788
   1.54106610  -0.07787788
   2.49796218  -0.07747748
   2.32187060  -0.07747748
   2.06283933  -0.07747748
   1.54791011  -0.07747748
   2.49925473  -0.07707708
   2.32472536  -0.07707708
   2.06522198  -0.07707708
   1.55473225  -0.07707708
   2.50054733  -0.07667668
   2.32758657  -0.07667668
   2.06760342  -0.07667668
   1.56153289  -0.07667668
   2.50184000  -0.07627628
   2.33045436  -0.07627628
   2.06998364  -0.07627628
   1.56831240  -0.07627628
   2.50313274  -0.07587588
   2.33332888  -0.07587588
   2.07236267  -0.07587588
   1.57507113  -0.07587588
   2.50442555  -0.07547548
   2.33621026  -0.07547548
   2.07474053  -0.07547548
   1.58180941  -0.07547548
   2.50571845  -0.07507508
   2.33909865  -0.07507508
   2.07711722  -0.07507508
   1.58852761  -0.07507508
   2.50701145  -0.07467467
   2.34199419  -0.07467467
   2.07949278  -0.07467467
   1.59522604  -0.07467467
   2.50830455  -0.07427427
   2.08186721  -0.07427427
   2.34489704  -0.07427427
   1.60190503  -0.07427427
   2.50959776  -0.07387387
   2.08424054  -0.07387387
   2.34780734  -0.07387387
   1.60856490  -0.07387387
   2.51089109  -0.07347347
   2.08661278  -0.07347347
   2.35072525  -0.07347347
   1.61520596  -0.07347347
   2.51218455  -0.07307307
   2.08898394  -0.07307307
   2.35365094  -0.07307307
   1.62182852  -0.07307307
   2.51347814  -0.07267267
   2.09135405  -0.07267267
   2.35658456  -0.07267267
   1.62843288  -0.07267267
   2.51477188  -0.07227227
   2.09372312  -0.07227227
   2.35952628  -0.07227227
   1.63501932  -0.07227227
   2.51606578  -0.07187187
   2.09609117  -0.07187187
   2.36247627  -0.07187187
   1.64158815  -0.07187187
   2.51735984  -0.07147147
   2.09845821  -0.07147147
   2.36543471  -0.07147147
   1.64813963  -0.07147147
   2.51865407  -0.07107107
   2.10082426  -0.07107107
   2.36840178  -0.07107107
   1.65467405  -0.07107107
   2.51994847  -0.07067067
   2.10318934  -0.07067067
   2.37137765  -0.07067067
   1.66119167  -0.07067067
   2.52124307  -0.07027027
   2.10555347  -0.07027027
   2.37436252  -0.07027027
   1.66769276  -0.07027027
   2.52253786  -0.06986987
   2.10791666  -0.06986987
   2.37735658  -0.06986987
   1.67417758  -0.06986987
   2.52383286  -0.06946947
   2.11027892  -0.06946947
   2.38036003  -0.06946947
   1.68064638  -0.06946947
   2.52512807  -0.06906907
   2.11264029  -0.06906907
   2.38337306  -0.06906907
   1.68709941  -0.06906907
   2.52642351  -0.06866867
   2.11500076  -0.06866867
   2.38639588  -0.06866867
   1.69353691  -0.06866867
   2.52771918  -0.06826827
   2.11736037  -0.06826827
   2.38942870  -0.06826827
   1.69995913  -0.06826827
   2.52901509  -0.06786787
   2.11971912  -0.06786787
   2.39247173  -0.06786787
   1.70636629  -0.06786787
   2.53031125  -0.06746747
   2.12207703  -0.06746747
   2.39552521  -0.06746747
   1.71275862  -0.06746747
   2.53160766  -0.06706707
   2.12443412  -0.06706707
   2.39858935  -0.06706707
   1.71913635  -0.06706707
   2.53290435  -0.06666667
   2.12679041  -0.06666667
   2.40166440  -0.06666667
   1.72549970  -0.06666667
   2.53420131  -0.06626627
   2.12914592  -0.06626627
   2.40475057  -0.06626627
   1.73184888  -0.06626627
   2.53549856  -0.06586587
   2.13150065  -0.06586587
   2.40784813  -0.06586587
   1.73818409  -0.06586587
   2.53679610  -0.06546547
   2.13385463  -0.06546547
   2.41095732  -0.06546547
   1.74450556  -0.06546547
   2.53809395  -0.06506507
   2.13620787  -0.06506507
   2.41407840  -0.06506507
   1.75081347  -0.06506507
   2.53939211  -0.06466466
   2.13856040  -0.06466466
   2.41721163  -0.06466466
   1.75710802  -0.06466466
   2.54069059  -0.06426426
   2.14091222  -0.06426426
   2.42035729  -0.06426426
   1.76338941  -0.06426426
   2.54198941  -0.06386386
   2.14326336  -0.06386386
   2.42351564  -0.06386386
   1.76965781  -0.06386386
   2.54328856  -0.06346346
   2.14561382  -0.06346346
   2.42668698  -0.06346346
   1.77591342  -0.06346346
   2.54458807  -0.06306306
   2.14796364  -0.06306306
   2.42987160  -0.06306306
   1.78215642  -0.06306306
   2.54588794  -0.06266266
   2.15031282  -0.06266266
   2.43306980  -0.06266266
   1.78838697  -0.06266266
   2.54718817  -0.06226226
   2.15266138  -0.06226226
   2.43628189  -0.06226226
   1.79460525  -0.06226226
   2.54848879  -0.06186186
   2.15500934  -0.06186186
   2.43950818  -0.06186186
   1.80081142  -0.06186186
   2.54978979  -0.06146146
   2.15735672  -0.06146146
   2.44274901  -0.06146146
   1.80700565  -0.06146146
   2.55109120  -0.06106106
   2.15970353  -0.06106106
   2.44600470  -0.06106106
   1.81318809  -0.06106106
   2.55239301  -0.06066066
   2.16204979  -0.06066066
   2.44927560  -0.06066066
   1.81935890  -0.06066066
   2.55369523  -0.06026026
   2.16439552  -0.06026026
   2.45256206  -0.06026026
   1.82551822  -0.06026026
   2.55499789  -0.05985986
   2.16674073  -0.05985986
   2.45586446  -0.05985986
   1.83166621  -0.05985986
   2.55630098  -0.05945946
   2.16908544  -0.05945946
   2.45918315  -0.05945946
   1.83780299  -0.05945946
   2.55760453  -0.05905906
   2.17142967  -0.05905906
   2.46251854  -0.05905906
   1.84392872  -0.05905906
   2.55890852  -0.05865866
   2.17377343  -0.05865866
   2.46587101  -0.05865866
   1.85004351  -0.05865866
   2.56021299  -0.05825826
   2.17611675  -0.05825826
   2.46924097  -0.05825826
   1.85614751  -0.05825826
   2.56151794  -0.05785786
   2.17845963  -0.05785786
   2.47262884  -0.05785786
   1.86224083  -0.05785786
   2.56282337  -0.05745746
   2.18080211  -0.05745746
   2.47603505  -0.05745746
   1.86832359  -0.05745746
   2.56412930  -0.05705706
   2.18314418  -0.05705706
   2.47946006  -0.05705706
   1.87439591  -0.05705706
   2.56543574  -0.05665666
   2.18548588  -0.05665666
   2.48290431  -0.05665666
   1.88045790  -0.05665666
   2.56674269  -0.05625626
   2.18782722  -0.05625626
   2.48636828  -0.05625626
   1.88650968  -0.05625626
   2.56805018  -0.05585586
   2.19016821  -0.05585586
   2.48985246  -0.05585586
   1.89255133  -0.05585586
   2.56935821  -0.05545546
   2.19250888  -0.05545546
   2.49335736  -0.05545546
   1.89858297  -0.05545546
   2.57066679  -0.05505506
   2.19484924  -0.05505506
   2.49688347  -0.05505506
   1.90460469  -0.05505506
   2.57197593  -0.05465465
   2.19718931  -0.05465465
   2.50043135  -0.05465465
   1.91061657  -0.05465465
   2.57328564  -0.05425425
   2.19952910  -0.05425425
   2.50400155  -0.05425425
   1.91661870  -0.05425425
   2.57459593  -0.05385385
   2.20186864  -0.05385385
   2.50759462  -0.05385385
   1.92261118  -0.05385385
   2.57590682  -0.05345345
   2.20420794  -0.05345345
   2.51121117  -0.05345345
   1.92859406  -0.05345345
   2.57721831  -0.05305305
   2.20654702  -0.05305305
   2.51485179  -0.05305305
   1.93456743  -0.05305305
   2.57853042  -0.05265265
   2.20888589  -0.05265265
   2.51851711  -0.05265265
   1.94053135  -0.05265265
   2.57984316  -0.05225225
   2.21122458  -0.05225225
   2.52220778  -0.05225225
   1.94648589  -0.05225225
   2.58115653  -0.05185185
   2.21356311  -0.05185185
   2.52592447  -0.05185185
   1.95243111  -0.05185185
   2.58247055  -0.05145145
   2.21590148  -0.05145145
   2.52966786  -0.05145145
   1.95836707  -0.05145145
   2.58378524  -0.05105105
   2.21823972  -0.05105105
   2.53343868  -0.05105105
   1.96429380  -0.05105105
   2.58510060  -0.05065065
   2.22057785  -0.05065065
   2.53723766  -0.05065065
   1.97021137  -0.05065065
   2.58641664  -0.05025025
   2.22291589  -0.05025025
   2.54106558  -0.05025025
   1.97611980  -0.05025025
   2.58773337  -0.04984985
   2.22525385  -0.04984985
   2.54492321  -0.04984985
   1.98201914  -0.04984985
   2.58905082  -0.04944945
   2.22759175  -0.04944945
   2.54881139  -0.04944945
   1.98790942  -0.04944945
   2.59036898  -0.04904905
   2.22992961  -0.04904905
   2.55273096  -0.04904905
   1.99379066  -0.04904905
   2.59168788  -0.04864865
   2.23226744  -0.04864865
   2.55668281  -0.04864865
   1.99966289  -0.04864865
   2.59300752  -0.04824825
   2.23460528  -0.04824825
   2.56066784  -0.04824825
   2.00552611  -0.04824825
   2.59432791  -0.04784785
   2.23694313  -0.04784785
   2.56468702  -0.04784785
   2.01138036  -0.04784785
   2.59564907  -0.04744745
   2.23928101  -0.04744745
   2.56874132  -0.04744745
   2.01722562  -0.04744745
   2.59697101  -0.04704705
   2.24161895  -0.04704705
   2.57283176  -0.04704705
   2.02306191  -0.04704705
   2.59829375  -0.04664665
   2.24395695  -0.04664665
   2.57695942  -0.04664665
   2.02888922  -0.04664665
   2.59961729  -0.04624625
   2.24629505  -0.04624625
   2.58112538  -0.04624625
   2.03470754  -0.04624625
   2.60094165  -0.04584585
   2.24863326  -0.04584585
   2.58533080  -0.04584585
   2.04051685  -0.04584585
   2.60226684  -0.04544545
   2.25097159  -0.04544545
   2.58957688  -0.04544545
   2.04631714  -0.04544545
   2.60359287  -0.04504505
   2.25331007  -0.04504505
   2.59386485  -0.04504505
   2.05210839  -0.04504505
   2.60491976  -0.04464464
   2.25564872  -0.04464464
   2.59819601  -0.04464464
   2.05789056  -0.04464464
   2.60624752  -0.04424424
   2.25798756  -0.04424424
   2.60257172  -0.04424424
   2.06366362  -0.04424424
   2.60757616  -0.04384384
   2.26032660  -0.04384384
   2.60699337  -0.04384384
   2.06942753  -0.04384384
   2.60890570  -0.04344344
   2.26266586  -0.04344344
   2.61146244  -0.04344344
   2.07518225  -0.04344344
   2.61023615  -0.04304304
   2.26500537  -0.04304304
   2.61598047  -0.04304304
   2.08092772  -0.04304304
   2.61156752  -0.04264264
   2.26734514  -0.04264264
   2.62054905  -0.04264264
   2.08666389  -0.04264264
   2.61289983  -0.04224224
   2.26968519  -0.04224224
   2.62516986  -0.04224224
   2.09239069  -0.04224224
   2.61423309  -0.04184184
   2.27202555  -0.04184184
   2.62984466  -0.04184184
   2.09810806  -0.04184184
   2.61556732  -0.04144144
   2.27436624  -0.04144144
   2.63457530  -0.04144144
   2.10381593  -0.04144144
   2.61690252  -0.04104104
   2.27670726  -0.04104104
   2.63936369  -0.04104104
   2.10951421  -0.04104104
   2.61823872  -0.04064064
   2.27904865  -0.04064064
   2.64421186  -0.04064064
   2.11520284  -0.04064064
   2.61957593  -0.04024024
   2.28139042  -0.04024024
   2.64912194  -0.04024024
   2.12088171  -0.04024024
   2.62091416  -0.03983984
   2.28373260  -0.03983984
   2.65409616  -0.03983984
   2.12655073  -0.03983984
   2.62225343  -0.03943944
   2.28607521  -0.03943944
   2.65913689  -0.03943944
   2.13220982  -0.03943944
   2.62359375  -0.03903904
   2.28841825  -0.03903904
   2.66424660  -0.03903904
   2.13785885  -0.03903904
   2.62493514  -0.03863864
   2.29076177  -0.03863864
   2.66942791  -0.03863864
   2.14349773  -0.03863864
   2.62627761  -0.03823824
   2.29310577  -0.03823824
   2.67468359  -0.03823824
   2.14912633  -0.03823824
   2.62762118  -0.03783784
   2.29545028  -0.03783784
   2.68001656  -0.03783784
   2.15474455  -0.03783784
   2.62896586  -0.03743744
   2.29779532  -0.03743744
   2.68542993  -0.03743744
   2.16035225  -0.03743744
   2.63031167  -0.03703704
   2.30014091  -0.03703704
   2.69092700  -0.03703704
   2.16594931  -0.03703704
   2.63165863  -0.03663664
   2.30248707  -0.03663664
   2.69651126  -0.03663664
   2.17153560  -0.03663664
   2.63300674  -0.03623624
   2.30483383  -0.03623624
   2.70218643  -0.03623624
   2.17711097  -0.03623624
   2.63435604  -0.03583584
   2.30718120  -0.03583584
   2.70795648  -0.03583584
   2.18267529  -0.03583584
   2.63570653  -0.03543544
   2.30952921  -0.03543544
   2.71382568  -0.03543544
   2.18822842  -0.03543544
   2.63705823  -0.03503504
   2.31187787  -0.03503504
   2.71979855  -0.03503504
   2.19377019  -0.03503504
   2.63841115  -0.03463463
   2.31422722  -0.03463463
   2.72587997  -0.03463463
   2.19930047  -0.03463463
   2.63976532  -0.03423423
   2.31657727  -0.03423423
   2.73207520  -0.03423423
   2.20481909  -0.03423423
   2.64112075  -0.03383383
   2.31892805  -0.03383383
   2.73838988  -0.03383383
   2.21032589  -0.03383383
   2.64247746  -0.03343343
   2.32127957  -0.03343343
   2.74483013  -0.03343343
   2.21582071  -0.03343343
   2.64383546  -0.03303303
   2.32363187  -0.03303303
   2.75140257  -0.03303303
   2.22130339  -0.03303303
   2.64519477  -0.03263263
   2.32598495  -0.03263263
   2.75811442  -0.03263263
   2.22677375  -0.03263263
   2.64655542  -0.03223223
   2.32833886  -0.03223223
   2.23223163  -0.03223223
   2.76497352  -0.03223223
   2.64791742  -0.03183183
   2.33069360  -0.03183183
   2.23767686  -0.03183183
   2.77198848  -0.03183183
   2.64928078  -0.03143143
   2.33304921  -0.03143143
   2.24310926  -0.03143143
   2.77916874  -0.03143143
   2.65064553  -0.03103103
   2.33540571  -0.03103103
   2.24852865  -0.03103103
   2.78652473  -0.03103103
   2.65201169  -0.03063063
   2.33776311  -0.03063063
   2.25393487  -0.03063063
   2.79406800  -0.03063063
   2.65337927  -0.03023023
   2.34012145  -0.03023023
   2.25932774  -0.03023023
   2.80181140  -0.03023023
   2.65474829  -0.02982983
   2.34248075  -0.02982983
   2.26470708  -0.02982983
   2.80976932  -0.02982983
   2.65611877  -0.02942943
   2.34484102  -0.02942943
   2.27007272  -0.02942943
   2.81795796  -0.02942943
   2.65749074  -0.02902903
   2.34720231  -0.02902903
   2.27542449  -0.02902903
   2.82639565  -0.02902903
   2.65886421  -0.02862863
   2.34956463  -0.02862863
   2.28076220  -0.02862863
   2.83510330  -0.02862863
   2.66023920  -0.02822823
   2.35192800  -0.02822823
   2.28608570  -0.02822823
   2.84410498  -0.02822823
   2.66161573  -0.02782783
   2.35429245  -0.02782783
   2.29139480  -0.02782783
   2.85342854  -0.02782783
   2.66299383  -0.02742743
   2.35665801  -0.02742743
   2.29668936  -0.02742743
   2.86310664  -0.02742743
   2.66437351  -0.02702703
   2.35902470  -0.02702703
   2.30196919  -0.02702703
   2.87317791  -0.02702703
   2.66575480  -0.02662663
   2.36139255  -0.02662663
   2.30723415  -0.02662663
   2.88368869  -0.02662663
   2.66713771  -0.02622623
   2.36376158  -0.02622623
   2.31248408  -0.02622623
   2.89469535  -0.02622623
   2.66852227  -0.02582583
   2.36613181  -0.02582583
   2.31771882  -0.02582583
   2.90626771  -0.02582583
   2.66990851  -0.02542543
   2.36850329  -0.02542543
   2.32293824  -0.02542543
   2.91849398  -0.02542543
   2.67129643  -0.02502503
   2.37087602  -0.02502503
   2.32814219  -0.02502503
   2.93148848  -0.02502503
   2.67268608  -0.02462462
   2.37325004  -0.02462462
   2.33333054  -0.02462462
   2.94540395  -0.02462462
   2.67407746  -0.02422422
   2.37562538  -0.02422422
   2.33850316  -0.02422422
   2.96045262  -0.02422422
   2.67547061  -0.02382382
   2.37800206  -0.02382382
   2.34365993  -0.02382382
   2.97694499  -0.02382382
   2.67686554  -0.02342342
   2.38038011  -0.02342342
   2.34880075  -0.02342342
   2.99536876  -0.02342342
   2.67826228  -0.02302302
   2.38275955  -0.02302302
   2.35392550  -0.02302302
   3.01657485  -0.02302302
   2.67966085  -0.02262262
   2.38514042  -0.02262262
   2.35903408  -0.02262262
   3.04233060  -0.02262262
   2.68106129  -0.02222222
   2.38752274  -0.02222222
   2.36412642  -0.02222222
   3.07793734  -0.02222222
   2.68246361  -0.02182182
   2.38990654  -0.02182182
   2.36920244  -0.02182182
   2.68386783  -0.02142142
   2.39229185  -0.02142142
   2.37426206  -0.02142142
   2.68527400  -0.02102102
   2.39467870  -0.02102102
   2.37930523  -0.02102102
   2.68668212  -0.02062062
   2.39706711  -0.02062062
   2.38433190  -0.02062062
   2.68809223  -0.02022022
   2.39945712  -0.02022022
   2.38934204  -0.02022022
   2.68950436  -0.01981982
   2.40184876  -0.01981982
   2.39433563  -0.01981982
   2.69091853  -0.01941942
   2.40424205  -0.01941942
   2.39931264  -0.01941942
   2.69233477  -0.01901902
   2.40663703  -0.01901902
   2.40427307  -0.01901902
   2.69375310  -0.01861862
   2.40903373  -0.01861862
   2.40921695  -0.01861862
   2.69517356  -0.01821822
   2.41143217  -0.01821822
   2.41414429  -0.01821822
   2.69659618  -0.01781782
   2.41383239  -0.01781782
   2.41905513  -0.01781782
   2.69802098  -0.01741742
   2.41623443  -0.01741742
   2.42394952  -0.01741742
   2.69944800  -0.01701702
   2.41863830  -0.01701702
   2.42882752  -0.01701702
   2.70087726  -0.01661662
   2.42104404  -0.01661662
   2.43368921  -0.01661662
   2.70230879  -0.01621622
   2.42345170  -0.01621622
   2.43853467  -0.01621622
   2.70374264  -0.01581582
   2.42586128  -0.01581582
   2.44336402  -0.01581582
   2.70517882  -0.01541542
   2.42827284  -0.01541542
   2.44817736  -0.01541542
   2.70661737  -0.01501502
   2.43068641  -0.01501502
   2.45297483  -0.01501502
   2.70805833  -0.01461461
   2.43310201  -0.01461461
   2.45775656  -0.01461461
   2.70950172  -0.01421421
   2.43551969  -0.01421421
   2.46252272  -0.01421421
   2.71094759  -0.01381381
   2.43793947  -0.01381381
   2.46727349  -0.01381381
   2.71239596  -0.01341341
   2.44036139  -0.01341341
   2.47200903  -0.01341341
   2.71384687  -0.01301301
   2.44278549  -0.01301301
   2.47672956  -0.01301301
   2.71530036  -0.01261261
   2.44521180  -0.01261261
   2.48143528  -0.01261261
   2.71675647  -0.01221221
   2.44764035  -0.01221221
   2.48612642  -0.01221221
   2.71821522  -0.01181181
   2.45007119  -0.01181181
   2.49080322  -0.01181181
   2.71967666  -0.01141141
   2.45250435  -0.01141141
   2.49546593  -0.01141141
   2.72114083  -0.01101101
   2.45493987  -0.01101101
   2.50011481  -0.01101101
   2.72260776  -0.01061061
   2.45737778  -0.01061061
   2.50475015  -0.01061061
   2.72407750  -0.01021021
   2.45981812  -0.01021021
   2.50937223  -0.01021021
   2.72555008  -0.00980981
   2.46226093  -0.00980981
   2.51398136  -0.00980981
   2.72702555  -0.00940941
   2.46470626  -0.00940941
   2.51857785  -0.00940941
   2.72850395  -0.00900901
   2.46715413  -0.00900901
   2.52316203  -0.00900901
   2.72998532  -0.00860861
   2.46960458  -0.00860861
   2.52773425  -0.00860861
   2.73146970  -0.00820821
   2.47205767  -0.00820821
   2.53229484  -0.00820821
   2.73295714  -0.00780781
   2.47451342  -0.00780781
   2.53684419  -0.00780781
   2.73444769  -0.00740741
   2.47697188  -0.00740741
   2.54138266  -0.00740741
   2.73594138  -0.00700701
   2.47943309  -0.00700701
   2.54591064  -0.00700701
   2.73743828  -0.00660661
   2.48189710  -0.00660661
   2.55042852  -0.00660661
   2.73893841  -0.00620621
   2.48436393  -0.00620621
   2.55493673  -0.00620621
   2.74044184  -0.00580581
   2.48683365  -0.00580581
   2.55943567  -0.00580581
   2.74194861  -0.00540541
   2.48930628  -0.00540541
   2.56392579  -0.00540541
   2.74345878  -0.00500501
   2.49178188  -0.00500501
   2.56840751  -0.00500501
   2.74497239  -0.00460460
   2.49426049  -0.00460460
   2.57288131  -0.00460460
   2.74648949  -0.00420420
   2.49674215  -0.00420420
   2.57734763  -0.00420420
   2.74801015  -0.00380380
   2.49922691  -0.00380380
   2.58180696  -0.00380380
   2.74953442  -0.00340340
   2.50171482  -0.00340340
   2.58625978  -0.00340340
   2.75106235  -0.00300300
   2.50420592  -0.00300300
   2.59070658  -0.00300300
   2.75259400  -0.00260260
   2.50670026  -0.00260260
   2.59514787  -0.00260260
   2.75412942  -0.00220220
   2.50919788  -0.00220220
   2.59958418  -0.00220220
   2.75566869  -0.00180180
   2.51169884  -0.00180180
   2.60401602  -0.00180180
   2.75721185  -0.00140140
   2.51420318  -0.00140140
   2.60844393  -0.00140140
   2.75875898  -0.00100100
   2.51671096  -0.00100100
   2.61286848  -0.00100100
   2.76031013  -0.00060060
   2.51922222  -0.00060060
   2.61729021  -0.00060060
   2.76186537  -0.00020020
   2.52173701  -0.00020020
   2.62170970  -0.00020020
   2.76342476   0.00020020
   2.52425540   0.00020020
   2.62612753   0.00020020
   2.76498839   0.00060060
   2.52677742   0.00060060
   2.63054430   0.00060060
   2.76655630   0.00100100
   2.52930313   0.00100100
   2.63496062   0.00100100
   2.76812858   0.00140140
   2.53183258   0.00140140
   2.63937712   0.00140140
   2.76970530   0.00180180
   2.53436584   0.00180180
   2.64379441   0.00180180
   2.77128653   0.00220220
   2.53690295   0.00220220
   2.64821316   0.00220220
   2.77287236   0.00260260
   2.53944397   0.00260260
   2.65263403   0.00260260
   2.77446284   0.00300300
   2.54198895   0.00300300
   2.65705769   0.00300300
   2.77605808   0.00340340
   2.54453796   0.00340340
   2.66148483   0.00340340
   2.77765815   0.00380380
   2.54709105   0.00380380
   2.66591616   0.00380380
   2.77926312   0.00420420
   2.54964829   0.00420420
   2.67035242   0.00420420
   2.78087310   0.00460460
   2.55220972   0.00460460
   2.67479435   0.00460460
   2.78248817   0.00500501
   2.55477542   0.00500501
   2.67924271   0.00500501
   2.78410842   0.00540541
   2.55734547   0.00540541
   2.68369833   0.00540541
   2.78573395   0.00580581
   2.55992004   0.00580581
   2.68816230   0.00580581
   2.78736476   0.00620621
   2.56249826   0.00620621
   2.69263320   0.00620621
   2.78900113   0.00660661
   2.56508183   0.00660661
   2.69711576   0.00660661
   2.79064303   0.00700701
   2.56766978   0.00700701
   2.70160844   0.00700701
   2.79229060   0.00740741
   2.57026236   0.00740741
   2.70611250   0.00740741
   2.79394395   0.00780781
   2.57285962   0.00780781
   2.71062890   0.00780781
   2.79560317   0.00820821
   2.57546166   0.00820821
   2.71515862   0.00820821
   2.79726838   0.00860861
   2.57806854   0.00860861
   2.71970265   0.00860861
   2.79893969   0.00900901
   2.58068032   0.00900901
   2.72426200   0.00900901
   2.80061723   0.00940941
   2.58329708   0.00940941
   2.72883774   0.00940941
   2.80230111   0.00980981
   2.58591889   0.00980981
   2.73343095   0.00980981
   2.80399146   0.01021021
   2.58854583   0.01021021
   2.73804278   0.01021021
   2.80568841   0.01061061
   2.59117796   0.01061061
   2.74267441   0.01061061
   2.80739208   0.01101101
   2.59381535   0.01101101
   2.74732707   0.01101101
   2.80910261   0.01141141
   2.59645810   0.01141141
   2.75200203   0.01141141
   2.81082015   0.01181181
   2.59910626   0.01181181
   2.75670063   0.01181181
   2.81254483   0.01221221
   2.60175992   0.01221221
   2.76142426   0.01221221
   2.81427680   0.01261261
   2.60441916   0.01261261
   2.76617439   0.01261261
   2.81601622   0.01301301
   2.60708405   0.01301301
   2.77095254   0.01301301
   2.81776324   0.01341341
   2.60975468   0.01341341
   2.77576032   0.01341341
   2.81951803   0.01381381
   2.61243113   0.01381381
   2.78059942   0.01381381
   2.82128074   0.01421421
   2.61511348   0.01421421
   2.78547161   0.01421421
   2.82305156   0.01461461
   2.61780182   0.01461461
   2.79037876   0.01461461
   2.82483066   0.01501502
   2.62049622   0.01501502
   2.79532286   0.01501502
   2.82661823   0.01541542
   2.62319678   0.01541542
   2.80030599   0.01541542
   2.82841445   0.01581582
   2.62590359   0.01581582
   2.80533039   0.01581582
   2.83021953   0.01621622
   2.62861673   0.01621622
   2.81039841   0.01621622
   2.83203366   0.01661662
   2.63133629   0.01661662
   2.81551257   0.01661662
   2.83385705   0.01701702
   2.63406237   0.01701702
   2.82067555   0.01701702
   2.83568992   0.01741742
   2.63679506   0.01741742
   2.82589023   0.01741742
   2.83753250   0.01781782
   2.63953445   0.01781782
   2.83115968   0.01781782
   2.83938502   0.01821822
   2.64228064   0.01821822
   2.83648722   0.01821822
   2.84124771   0.01861862
   2.64503372   0.01861862
   2.84187641   0.01861862
   2.84312083   0.01901902
   2.64779379   0.01901902
   2.84733112   0.01901902
   2.84500464   0.01941942
   2.65056096   0.01941942
   2.85285552   0.01941942
   2.84689941   0.01981982
   2.65333531   0.01981982
   2.85845416   0.01981982
   2.84880541   0.02022022
   2.65611696   0.02022022
   2.86413201   0.02022022
   2.85072293   0.02062062
   2.65890601   0.02062062
   2.86989450   0.02062062
   2.85265227   0.02102102
   2.66170257   0.02102102
   2.87574759   0.02102102
   2.85459375   0.02142142
   2.66450673   0.02142142
   2.88169789   0.02142142
   2.85654769   0.02182182
   2.66731861   0.02182182
   2.88775270   0.02182182
   2.85851442   0.02222222
   2.67013831   0.02222222
   2.89392014   0.02222222
   2.86049430   0.02262262
   2.67296595   0.02262262
   2.90020934   0.02262262
   2.86248769   0.02302302
   2.67580164   0.02302302
   2.90663054   0.02302302
   2.86449498   0.02342342
   2.67864549   0.02342342
   2.91319536   0.02342342
   2.86651655   0.02382382
   2.68149762   0.02382382
   2.91991705   0.02382382
   2.86855282   0.02422422
   2.68435814   0.02422422
   2.92681081   0.02422422
   2.87060423   0.02462462
   2.68722717   0.02462462
   2.93389428   0.02462462
   2.87267122   0.02502503
   2.69010483   0.02502503
   2.94118807   0.02502503
   2.87475427   0.02542543
   2.69299124   0.02542543
   2.94871656   0.02542543
   2.87685386   0.02582583
   2.69588652   0.02582583
   2.95650892   0.02582583
   2.87897049   0.02622623
   2.69879080   0.02622623
   2.96460051   0.02622623
   2.88110475   0.02662663
   2.70170419   0.02662663
   2.97303498   0.02662663
   2.88325717   0.02702703
   2.70462684   0.02702703
   2.98186722   0.02702703
   2.88542834   0.02742743
   2.70755885   0.02742743
   2.99116785   0.02742743
   2.88761889   0.02782783
   2.71050036   0.02782783
   3.00103046   0.02782783
   2.88982946   0.02822823
   2.71345150   0.02822823
   3.01158352   0.02822823
   2.89206075   0.02862863
   2.71641240   0.02862863
   3.02301194   0.02862863
   2.89431346   0.02902903
   2.71938320   0.02902903
   3.03559926   0.02902903
   2.89658836   0.02942943
   2.72236402   0.02942943
   3.04982199   0.02942943
   2.89888624   0.02982983
   2.72535500   0.02982983
   3.06660604   0.02982983
   2.90120795   0.03023023
   2.72835627   0.03023023
   3.08832108   0.03023023
   2.90355435   0.03063063
   2.73136797   0.03063063
   3.13344981   0.03063063
   2.90592641   0.03103103
   2.73439024   0.03103103
   2.90832509   0.03143143
   2.73742322   0.03143143
   2.91075145   0.03183183
   2.74046703   0.03183183
   2.91320659   0.03223223
   2.74352183   0.03223223
   2.91569169   0.03263263
   2.74658775   0.03263263
   2.91820799   0.03303303
   2.74966494   0.03303303
   2.92075683   0.03343343
   2.75275352   0.03343343
   2.92333960   0.03383383
   2.75585365   0.03383383
   2.92595782   0.03423423
   2.75896546   0.03423423
   2.92861308   0.03463463
   2.76208909   0.03463463
   2.93130711   0.03503504
   2.76522469   0.03503504
   2.93404174   0.03543544
   2.76837239   0.03543544
   2.93681892   0.03583584
   2.77153234   0.03583584
   2.93964079   0.03623624
   2.77470468   0.03623624
   2.94250961   0.03663664
   2.77788954   0.03663664
   2.94542783   0.03703704
   2.78108707   0.03703704
   2.94839810   0.03743744
   2.78429740   0.03743744
   2.95142330   0.03783784
   2.78752067   0.03783784
   2.95450654   0.03823824
   2.79075701   0.03823824
   2.95765121   0.03863864
   2.79400657   0.03863864
   2.96086102   0.03903904
   2.79726948   0.03903904
   2.96414002   0.03943944
   2.80054587   0.03943944
   2.96749266   0.03983984
   2.80383587   0.03983984
   2.97092385   0.04024024
   2.80713961   0.04024024
   2.81045724   0.04064064
   2.97443904   0.04064064
   2.81378886   0.04104104
   2.97804425   0.04104104
   2.81713463   0.04144144
   2.98174625   0.04144144
   2.82049466   0.04184184
   2.98555261   0.04184184
   2.82386908   0.04224224
   2.98947187   0.04224224
   2.82725803   0.04264264
   2.99351377   0.04264264
   2.83066164   0.04304304
   2.99768942   0.04304304
   2.83408003   0.04344344
   3.00201165   0.04344344
   2.83751335   0.04384384
   3.00649542   0.04384384
   2.84096173   0.04424424
   3.01115828   0.04424424
   2.84442531   0.04464464
   3.01602113   0.04464464
   2.84790424   0.04504505
   3.02110921   0.04504505
   2.85139869   0.04544545
   3.02645342   0.04544545
   2.85490880   0.04584585
   3.03209237   0.04584585
   2.85843477   0.04624625
   3.03807539   0.04624625
   2.86197677   0.04664665
   3.04446730   0.04664665
   2.86553502   0.04704705
   3.05135628   0.04704705
   2.86910972   0.04744745
   3.05886787   0.04744745
   2.87270114   0.04784785
   3.06719197   0.04784785
   2.87630953   0.04824825
   3.07664200   0.04824825
   2.87993520   0.04864865
   3.08781028   0.04864865
   2.88357848   0.04904905
   3.10213237   0.04904905
   2.88723974   0.04944945
   3.12702939   0.04944945
   2.89091939   0.04984985
   2.89461791   0.05025025
   2.89833581   0.05065065
   2.90207369   0.05105105
   2.90583224   0.05145145
   2.90961212   0.05185185
   2.91341421   0.05225225
   2.91723944   0.05265265
   2.92108886   0.05305305
   2.92496364   0.05345345
   2.92886510   0.05385385
   2.93279472   0.05425425
   2.93675413   0.05465465
   2.94074519   0.05505506
   2.94476997   0.05545546
   2.94883076   0.05585586
   2.95293016   0.05625626
   2.95707105   0.05665666
   2.96125669   0.05705706
   2.96549070   0.05745746
   2.96977720   0.05785786
   2.97412079   0.05825826
   2.97852668   0.05865866
   2.98300080   0.05905906
   2.98754987   0.05945946
   2.99218162   0.05985986
   2.99690492   0.06026026
   3.00173004   0.06066066
   3.00666900   0.06106106
   3.01173592   0.06146146
   3.01694766   0.06186186
   3.02232451   0.06226226
   3.02789128   0.06266266
   3.03367884   0.06306306
   3.03972641   0.06346346
   3.04608507   0.06386386
   3.05282346   0.06426426
   3.06003764   0.06466466
   3.06786933   0.06506507
   3.07654362   0.06546547
   3.08645965   0.06586587
   3.09846922   0.06626627
   3.11530545   0.06666667
