   --------  BULK SIDE: CO FCC  -  start   -------- 
     3                                           NL
   0.3484850       0.053030       0.010714       CO        NS=2
    27.00000       2.621000       			!Z, WSR
     -0.0433417d0					!Fermi Energy
     0.0d0						!Potential Shift
     0							!Swap spin
     2      						!NS 
   400                                                CO           IS=1
    0.000000      -2699804.      -1330292.      -873975.7    
   -645956.4      -509254.4      -418209.7      -353253.7    
   -304602.3      -266819.7      -236644.6      -212001.4    
   -191506.7      -174202.5      -159404.7      -146611.4    
   -135446.5      -125622.2      -116914.6      -109147.1    
   -102178.4      -95894.05      -90200.43      -85020.23    
   -80289.02      -75952.67      -71965.41      -68288.23    
   -64887.69      -61734.99      -58805.16      -56076.45    
   -53529.83      -51148.60      -48917.99      -46824.96    
   -44857.90      -43006.45      -41261.36      -39614.32    
   -38057.86      -36585.23      -35190.34      -33867.65    
   -32612.13      -31419.21      -30284.71      -29204.81    
   -28176.01      -27195.08      -26259.08      -25365.29    
   -24511.18      -23694.44      -22912.92      -22164.62    
   -21447.70      -20760.44      -20101.25      -19468.63    
   -18861.19      -18277.65      -17716.77      -17177.44    
   -16658.59      -16159.22      -15678.39      -15215.24    
   -14768.92      -14338.66      -13923.74      -13523.45    
   -13137.15      -12764.22      -12404.08      -12056.18    
   -11720.00      -11395.04      -11080.84      -10776.96    
   -10482.97      -10198.48      -9923.099      -9656.478    
   -9398.269      -9148.148      -8905.802      -8670.937    
   -8443.269      -8222.530      -8008.463      -7800.823    
   -7599.377      -7403.899      -7214.178      -7030.008    
   -6851.193      -6677.548      -6508.891      -6345.053    
   -6185.868      -6031.178      -5880.833      -5734.688    
   -5592.602      -5454.443      -5320.083      -5189.398    
   -5062.269      -4938.583      -4818.230      -4701.105    
   -4587.107      -4476.139      -4368.105      -4262.917    
   -4160.486      -4060.730      -3963.567      -3868.919    
   -3776.711      -3686.871      -3599.329      -3514.017    
   -3430.870      -3349.826      -3270.824      -3193.805    
   -3118.712      -3045.491      -2974.088      -2904.454    
   -2836.538      -2770.292      -2705.670      -2642.628    
   -2581.122      -2521.110      -2462.553      -2405.409    
   -2349.642      -2295.214      -2242.090      -2190.236    
   -2139.617      -2090.201      -2041.957      -1994.854    
   -1948.862      -1903.953      -1860.099      -1817.273    
   -1775.448      -1734.599      -1694.701      -1655.730    
   -1617.664      -1580.478      -1544.151      -1508.662    
   -1473.990      -1440.114      -1407.016      -1374.675    
   -1343.073      -1312.193      -1282.016      -1252.526    
   -1223.705      -1195.539      -1168.010      -1141.104    
   -1114.805      -1089.100      -1063.974      -1039.413    
   -1015.403      -991.9332      -968.9891      -946.5589    
   -924.6304      -903.1920      -882.2323      -861.7401    
   -841.7046      -822.1154      -802.9621      -784.2348    
   -765.9237      -748.0194      -730.5126      -713.3944    
   -696.6560      -680.2889      -664.2848      -648.6357    
   -633.3335      -618.3708      -603.7398      -589.4335    
   -575.4446      -561.7662      -548.3914      -535.3138    
   -522.5268      -510.0241      -497.7995      -485.8470    
   -474.1606      -462.7345      -451.5632      -440.6410    
   -429.9624      -419.5223      -409.3153      -399.3364    
   -389.5805      -380.0428      -370.7184      -361.6028    
   -352.6914      -343.9796      -335.4631      -327.1376    
   -318.9991      -311.0435      -303.2667      -295.6651    
   -288.2347      -280.9721      -273.8736      -266.9358    
   -260.1554      -253.5289      -247.0534      -240.7255    
   -234.5423      -228.5009      -222.5983      -216.8317    
   -211.1983      -205.6954      -200.3204      -195.0707    
   -189.9436      -184.9368      -180.0477      -175.2739    
   -170.6130      -166.0627      -161.6206      -157.2846    
   -153.0522      -148.9214      -144.8898      -140.9554    
   -137.1161      -133.3696      -129.7140      -126.1471    
   -122.6671      -119.2718      -115.9593      -112.7278    
   -109.5753      -106.5000      -103.5000      -100.5736    
   -97.71907      -94.93471      -92.21886      -89.56992    
   -86.98635      -84.46662      -82.00929      -79.61293    
   -77.27618      -74.99773      -72.77630      -70.61066    
   -68.49963      -66.44204      -64.43678      -62.48276    
   -60.57892      -58.72420      -56.91756      -55.15799    
   -53.44445      -51.77594      -50.15142      -48.56988    
   -47.03029      -45.53164      -44.07290      -42.65307    
   -41.27116      -39.92619      -38.61720      -37.34327    
   -36.10351      -34.89705      -33.72307      -32.58079    
   -31.46945      -30.38834      -29.33680      -28.31419    
   -27.31990      -26.35335      -25.41399      -24.50131    
   -23.61480      -22.75398      -21.91837      -21.10752    
   -20.32098      -19.55832      -18.81909      -18.10286    
   -17.40921      -16.73770      -16.08790      -15.45938    
   -14.85171      -14.26443      -13.69712      -13.14931    
   -12.62057      -12.11043      -11.61845      -11.14415    
   -10.68708      -10.24677      -9.822763      -9.414592    
   -9.021793      -8.643907      -8.280476      -7.931044    
   -7.595162      -7.272386      -6.962277      -6.664405    
   -6.378347      -6.103687      -5.840020      -5.586951    
   -5.344094      -5.111075      -4.887530      -4.673106    
   -4.467465      -4.270278      -4.081228      -3.900011    
   -3.726335      -3.559920      -3.400499      -3.247814    
   -3.101620      -2.961816      -2.828029      -2.700056    
   -2.577692      -2.460745      -2.349030      -2.242371    
   -2.140601      -2.043561      -1.951097      -1.863062    
   -1.779317      -1.699728      -1.624165      -1.552504    
   -1.484627      -1.420418      -1.359767      -1.302568    
   -1.248719      -1.198123      -1.150686      -1.106317    
   -1.064933      -1.026453     -0.9907990     -0.9578999    
  -0.9276877     -0.9000992     -0.8750756     -0.8525624    
  -0.8325094     -0.8148707     -0.7996044     -0.7866727    
  -0.7760412     -0.7676794     -0.7615598     -0.7576581    
   400                                                CO           IS=2
    0.000000      -2699804.      -1330292.      -873975.7    
   -645956.4      -509254.4      -418209.7      -353253.7    
   -304602.3      -266819.7      -236644.6      -212001.4    
   -191506.7      -174202.5      -159404.7      -146611.4    
   -135446.5      -125622.2      -116914.6      -109147.1    
   -102178.4      -95894.05      -90200.43      -85020.23    
   -80289.02      -75952.67      -71965.41      -68288.23    
   -64887.69      -61734.99      -58805.16      -56076.45    
   -53529.83      -51148.60      -48917.99      -46824.96    
   -44857.90      -43006.45      -41261.36      -39614.32    
   -38057.86      -36585.23      -35190.34      -33867.65    
   -32612.13      -31419.21      -30284.71      -29204.81    
   -28176.01      -27195.08      -26259.09      -25365.29    
   -24511.18      -23694.44      -22912.92      -22164.62    
   -21447.70      -20760.44      -20101.25      -19468.63    
   -18861.19      -18277.65      -17716.77      -17177.44    
   -16658.59      -16159.22      -15678.40      -15215.24    
   -14768.92      -14338.66      -13923.74      -13523.45    
   -13137.15      -12764.22      -12404.08      -12056.18    
   -11720.00      -11395.04      -11080.84      -10776.96    
   -10482.97      -10198.48      -9923.100      -9656.479    
   -9398.270      -9148.149      -8905.803      -8670.937    
   -8443.270      -8222.531      -8008.464      -7800.824    
   -7599.377      -7403.900      -7214.179      -7030.009    
   -6851.194      -6677.548      -6508.892      -6345.054    
   -6185.868      -6031.179      -5880.834      -5734.688    
   -5592.603      -5454.444      -5320.084      -5189.398    
   -5062.270      -4938.584      -4818.231      -4701.106    
   -4587.108      -4476.139      -4368.106      -4262.917    
   -4160.487      -4060.730      -3963.567      -3868.919    
   -3776.712      -3686.872      -3599.330      -3514.018    
   -3430.871      -3349.827      -3270.825      -3193.805    
   -3118.712      -3045.491      -2974.089      -2904.454    
   -2836.538      -2770.292      -2705.671      -2642.629    
   -2581.123      -2521.111      -2462.553      -2405.410    
   -2349.642      -2295.215      -2242.091      -2190.236    
   -2139.617      -2090.202      -2041.957      -1994.854    
   -1948.863      -1903.954      -1860.100      -1817.273    
   -1775.448      -1734.599      -1694.702      -1655.731    
   -1617.664      -1580.478      -1544.152      -1508.663    
   -1473.990      -1440.115      -1407.016      -1374.675    
   -1343.074      -1312.193      -1282.017      -1252.526    
   -1223.706      -1195.539      -1168.010      -1141.104    
   -1114.806      -1089.100      -1063.974      -1039.413    
   -1015.404      -991.9337      -968.9896      -946.5594    
   -924.6309      -903.1925      -882.2327      -861.7405    
   -841.7051      -822.1158      -802.9625      -784.2352    
   -765.9241      -748.0198      -730.5130      -713.3948    
   -696.6564      -680.2893      -664.2851      -648.6359    
   -633.3338      -618.3710      -603.7400      -589.4336    
   -575.4446      -561.7661      -548.3914      -535.3137    
   -522.5266      -510.0238      -497.7991      -485.8464    
   -474.1599      -462.7337      -451.5623      -440.6399    
   -429.9612      -419.5209      -409.3137      -399.3346    
   -389.5785      -380.0405      -370.7160      -361.6001    
   -352.6883      -343.9762      -335.4594      -327.1337    
   -318.9948      -311.0388      -303.2617      -295.6596    
   -288.2289      -280.9658      -273.8668      -266.9285    
   -260.1475      -253.5206      -247.0444      -240.7159    
   -234.5321      -228.4900      -222.5867      -216.8193    
   -211.1852      -205.6815      -200.3056      -195.0549    
   -189.9269      -184.9191      -180.0289      -175.2539    
   -170.5919      -166.0403      -161.5969      -157.2594    
   -153.0256      -148.8932      -144.8599      -140.9238    
   -137.0826      -133.3341      -129.6764      -126.1073    
   -122.6249      -119.2272      -115.9121      -112.6778    
   -109.5224      -106.4439      -103.4407      -100.5108    
   -97.65266      -94.86445      -92.14456      -89.49137    
   -86.90334      -84.37894      -81.91673      -79.51528    
   -77.17325      -74.88933      -72.66226      -70.49083    
   -68.37388      -66.31028      -64.29896      -62.33886    
   -60.42897      -58.56829      -56.75584      -54.99064    
   -53.27174      -51.59817      -49.96895      -48.38311    
   -46.83966      -45.33761      -43.87596      -42.45371    
   -41.06987      -39.72345      -38.41348      -37.13900    
   -35.89910      -34.69288      -33.51948      -32.37808    
   -31.26789      -30.18817      -29.13822      -28.11737    
   -27.12498      -26.16046      -25.22322      -24.31274    
   -23.42848      -22.56995      -21.73667      -20.92816    
   -20.14398      -19.38367      -18.64679      -17.93290    
   -17.24157      -16.57237      -15.92487      -15.29861    
   -14.69318      -14.10813      -13.54301      -12.99737    
   -12.47078      -11.96277      -11.47289      -11.00067    
   -10.54567      -10.10741      -9.685435      -9.279285    
   -8.888496      -8.512612      -8.151176      -7.803736    
   -7.469847      -7.149066      -6.840958      -6.545097    
   -6.261062      -5.988442      -5.726836      -5.475851    
   -5.235107      -5.004234      -4.782871      -4.570671    
   -4.367299      -4.172430      -3.985752      -3.806965    
   -3.635780      -3.471922      -3.315124      -3.165134    
   -3.021707      -2.884769      -2.753893      -2.628901    
   -2.509586      -2.395755      -2.287217      -2.183793    
   -2.085309      -1.991597      -1.902495      -1.817847    
   -1.737501      -1.661311      -1.589135      -1.520836    
   -1.456280      -1.395339      -1.337889      -1.283810    
   -1.232988      -1.185312      -1.140680      -1.098990    
   -1.060150      -1.024070     -0.9906684     -0.9598677    
  -0.9315962     -0.9057880     -0.8823825     -0.8613244    
  -0.8425635     -0.8260547     -0.8117576     -0.7996360    
  -0.7896580     -0.7817958     -0.7760248     -0.7723240    
