#--------  atom file: pd.pd  -  start   --------
       3                                                       #NL
     0.3484850       0.053030       0.010714  
      46            2.872755      2.872755
     -0.12846                                                !EF
      0.0                                            !Potential Shift
      0                                              !Swap spin
      2                                              !NS   
   373
       409.3787       -4599576       -2262942       -1484453
       -1095495      -862345.7      -707098.1      -596363.1
      -513446.4      -449073.3        -397679      -355722.3
      -320842.5      -291405.3      -266243.2      -244500.1
      -225534.1      -208854.1      -194078.4      -180905.6
      -169094.3      -158449.6      -148811.6      -140048.5
      -132050.3      -124724.8      -117993.8      -111790.7
      -106058.6      -100748.3      -95817.19      -91228.24
      -86948.97      -82950.89      -79208.83      -75700.54
      -72406.22      -69308.24       -66390.8      -63639.75
      -61042.35       -58587.1      -56263.61      -54062.47
      -51975.09       -49993.7      -48111.16      -46320.98
      -44617.18       -42994.3       -41447.3      -39971.55
      -38562.77      -37217.02      -35930.63      -34700.22
      -33522.66      -32395.01      -31314.56      -30278.79
      -29285.33      -28331.98      -27416.68      -26537.51
      -25692.66      -24880.45      -24099.27      -23347.66
      -22624.19      -21927.57      -21256.53      -20609.92
      -19986.63      -19385.62      -18805.91      -18246.55
      -17706.68      -17185.47      -16682.11      -16195.87
      -15726.03      -15271.92      -14832.91      -14408.37
      -13997.75      -13600.48      -13216.04      -12843.94
       -12483.7      -12134.87      -11797.01      -11469.73
      -11152.61       -10845.3      -10547.42      -10258.64
      -9978.633      -9707.081      -9443.685      -9188.159
      -8940.227      -8699.627      -8466.105       -8239.42
      -8019.339      -7805.641       -7598.11      -7396.542
      -7200.739      -7010.513       -6825.68      -6646.067
      -6471.504      -6301.831       -6136.89      -5976.533
      -5820.614      -5668.995      -5521.543      -5378.127
      -5238.623      -5102.912      -4970.879       -4842.41
        -4717.4      -4595.744      -4477.341      -4362.096
      -4249.914      -4140.706      -4034.384      -3930.863
      -3830.064      -3731.906      -3636.314      -3543.214
      -3452.535      -3364.208      -3278.167      -3194.346
      -3112.685      -3033.121      -2955.598      -2880.058
      -2806.446       -2734.71      -2664.798       -2596.66
      -2530.249      -2465.517      -2402.419      -2340.912
      -2280.953        -2222.5      -2165.515      -2109.957
       -2055.79      -2002.978      -1951.484      -1901.275
      -1852.317      -1804.579      -1758.027      -1712.633
      -1668.366      -1625.197      -1583.099      -1542.044
      -1502.005      -1462.957      -1424.875      -1387.733
      -1351.508      -1316.178      -1281.718      -1248.108
      -1215.326      -1183.352      -1152.164      -1121.744
      -1092.072       -1063.13        -1034.9      -1007.365
      -980.5064      -954.3093      -928.7573      -903.8346
      -879.5263      -855.8177      -832.6945      -810.1428
       -788.149      -766.7002      -745.7833      -725.3859
      -705.4959      -686.1013      -667.1905      -648.7522
      -630.7753      -613.2489      -596.1624      -579.5055
       -563.268        -547.44      -532.0117      -516.9737
      -502.3166      -488.0313       -474.109      -460.5409
      -447.3185      -434.4336       -421.878      -409.6439
      -397.7236      -386.1097      -374.7948       -363.772
      -353.0343      -342.5751       -332.388      -322.4666
      -312.8048      -303.3967      -294.2365      -285.3184
       -276.637      -268.1868      -259.9625      -251.9588
      -244.1706      -236.5928      -229.2204      -222.0486
      -215.0725      -208.2874      -201.6887      -195.2719
      -189.0327      -182.9668      -177.0701      -171.3386
      -165.7686      -160.3562       -155.098      -149.9904
      -145.0301      -140.2138      -135.5384      -131.0006
      -126.5976      -122.3263      -118.1837       -114.167
      -110.2731      -106.4994      -102.8428      -99.30048
      -95.86959      -92.54725      -89.33059      -86.21669
      -83.20272      -80.28578      -77.46301      -74.73157
      -72.08864      -69.53142      -67.05717      -64.66318
       -62.3468      -60.10546      -57.93665      -55.83794
      -53.80701      -51.84162      -49.93963      -48.09902
      -46.31785      -44.59432      -42.92671       -41.3134
      -39.75284      -38.24361      -36.78425      -35.37344
      -34.00986      -32.69214        -31.419      -30.18911
      -29.00109      -27.85363      -26.74534      -25.67485
      -24.64086      -23.64204      -22.67711      -21.74491
      -20.84427      -19.97412       -19.1335      -18.32146
      -17.53716      -16.77982      -16.04871      -15.34314
      -14.66251      -14.00617       -13.3736      -12.76422
      -12.17748      -11.61292      -11.06996       -10.5481
      -10.04687      -9.565702      -9.104103      -8.661567
      -8.237534       -7.83151      -7.442955      -7.071313
      -6.716094      -6.376731      -6.052687      -5.743474
      -5.448523      -5.167329      -4.899399      -4.644197
      -4.401254      -4.170084      -3.950196      -3.741165
      -3.542521      -3.353831      -3.174711      -3.004724
      -2.843498      -2.690675      -2.545873      -2.408778
      -2.279054      -2.156378      -2.040489      -1.931074
      -1.827869      -1.730644      -1.639127      -1.553108
      -1.472371      -1.396691      -1.325904      -1.259805
      -1.198214      -1.141002      -1.087977      -1.039011
     -0.9939749     -0.9527167     -0.9151437     -0.8811278
     -0.8505539     -0.8233594     -0.7994171     -0.7786559
     -0.7610094     -0.7463815     -0.7347315     -0.7259599
     -0.7200824
   373
       409.3787       -4599576       -2262942       -1484453
       -1095495      -862345.7      -707098.1      -596363.1
      -513446.4      -449073.3        -397679      -355722.3
      -320842.5      -291405.3      -266243.2      -244500.1
      -225534.1      -208854.1      -194078.4      -180905.6
      -169094.3      -158449.6      -148811.6      -140048.5
      -132050.3      -124724.8      -117993.8      -111790.7
      -106058.6      -100748.3      -95817.19      -91228.24
      -86948.97      -82950.89      -79208.83      -75700.54
      -72406.22      -69308.24       -66390.8      -63639.75
      -61042.35       -58587.1      -56263.61      -54062.47
      -51975.09       -49993.7      -48111.16      -46320.98
      -44617.18       -42994.3       -41447.3      -39971.55
      -38562.77      -37217.02      -35930.63      -34700.22
      -33522.66      -32395.01      -31314.56      -30278.79
      -29285.33      -28331.98      -27416.68      -26537.51
      -25692.66      -24880.45      -24099.27      -23347.66
      -22624.19      -21927.57      -21256.53      -20609.92
      -19986.63      -19385.62      -18805.91      -18246.55
      -17706.68      -17185.47      -16682.11      -16195.87
      -15726.03      -15271.92      -14832.91      -14408.37
      -13997.75      -13600.48      -13216.04      -12843.94
       -12483.7      -12134.87      -11797.01      -11469.73
      -11152.61       -10845.3      -10547.42      -10258.64
      -9978.633      -9707.081      -9443.685      -9188.159
      -8940.227      -8699.627      -8466.105       -8239.42
      -8019.339      -7805.641       -7598.11      -7396.542
      -7200.739      -7010.513       -6825.68      -6646.067
      -6471.504      -6301.831       -6136.89      -5976.533
      -5820.614      -5668.995      -5521.543      -5378.127
      -5238.623      -5102.912      -4970.879       -4842.41
        -4717.4      -4595.744      -4477.341      -4362.096
      -4249.914      -4140.706      -4034.384      -3930.863
      -3830.064      -3731.906      -3636.314      -3543.214
      -3452.535      -3364.208      -3278.167      -3194.346
      -3112.685      -3033.121      -2955.598      -2880.058
      -2806.446       -2734.71      -2664.798       -2596.66
      -2530.249      -2465.517      -2402.419      -2340.912
      -2280.953        -2222.5      -2165.515      -2109.957
       -2055.79      -2002.978      -1951.484      -1901.275
      -1852.317      -1804.579      -1758.027      -1712.633
      -1668.366      -1625.197      -1583.099      -1542.044
      -1502.005      -1462.957      -1424.875      -1387.733
      -1351.508      -1316.178      -1281.718      -1248.108
      -1215.326      -1183.352      -1152.164      -1121.744
      -1092.072       -1063.13        -1034.9      -1007.365
      -980.5064      -954.3093      -928.7573      -903.8346
      -879.5263      -855.8177      -832.6945      -810.1428
       -788.149      -766.7002      -745.7833      -725.3859
      -705.4959      -686.1013      -667.1905      -648.7522
      -630.7753      -613.2489      -596.1624      -579.5055
       -563.268        -547.44      -532.0117      -516.9737
      -502.3166      -488.0313       -474.109      -460.5409
      -447.3185      -434.4336       -421.878      -409.6439
      -397.7236      -386.1097      -374.7948       -363.772
      -353.0343      -342.5751       -332.388      -322.4666
      -312.8048      -303.3967      -294.2365      -285.3184
       -276.637      -268.1868      -259.9625      -251.9588
      -244.1706      -236.5928      -229.2204      -222.0486
      -215.0725      -208.2874      -201.6887      -195.2719
      -189.0327      -182.9668      -177.0701      -171.3386
      -165.7686      -160.3562       -155.098      -149.9904
      -145.0301      -140.2138      -135.5384      -131.0006
      -126.5976      -122.3263      -118.1837       -114.167
      -110.2731      -106.4994      -102.8428      -99.30048
      -95.86959      -92.54725      -89.33059      -86.21669
      -83.20272      -80.28578      -77.46301      -74.73157
      -72.08864      -69.53142      -67.05717      -64.66318
       -62.3468      -60.10546      -57.93665      -55.83794
      -53.80701      -51.84162      -49.93963      -48.09902
      -46.31785      -44.59432      -42.92671       -41.3134
      -39.75284      -38.24361      -36.78425      -35.37344
      -34.00986      -32.69214        -31.419      -30.18911
      -29.00109      -27.85363      -26.74534      -25.67485
      -24.64086      -23.64204      -22.67711      -21.74491
      -20.84427      -19.97412       -19.1335      -18.32146
      -17.53716      -16.77982      -16.04871      -15.34314
      -14.66251      -14.00617       -13.3736      -12.76422
      -12.17748      -11.61292      -11.06996       -10.5481
      -10.04687      -9.565702      -9.104103      -8.661567
      -8.237534       -7.83151      -7.442955      -7.071313
      -6.716094      -6.376731      -6.052687      -5.743474
      -5.448523      -5.167329      -4.899399      -4.644197
      -4.401254      -4.170084      -3.950196      -3.741165
      -3.542521      -3.353831      -3.174711      -3.004724
      -2.843498      -2.690675      -2.545873      -2.408778
      -2.279054      -2.156378      -2.040489      -1.931074
      -1.827869      -1.730644      -1.639127      -1.553108
      -1.472371      -1.396691      -1.325904      -1.259805
      -1.198214      -1.141002      -1.087977      -1.039011
     -0.9939749     -0.9527167     -0.9151437     -0.8811278
     -0.8505539     -0.8233594     -0.7994171     -0.7786559
     -0.7610094     -0.7463815     -0.7347315     -0.7259599
     -0.7200824
