   2.05574144  -0.20000000
   1.44263894  -0.20000000
   2.05766936  -0.19959960
   1.44536282  -0.19959960
   2.05958927  -0.19919920
   1.44808394  -0.19919920
   2.06150129  -0.19879880
   1.45080233  -0.19879880
   2.06340553  -0.19839840
   1.45351802  -0.19839840
   2.06530210  -0.19799800
   1.45623104  -0.19799800
   2.06719111  -0.19759760
   1.45894140  -0.19759760
   2.06907267  -0.19719720
   1.46164913  -0.19719720
   2.07094688  -0.19679680
   1.46435426  -0.19679680
   2.07281385  -0.19639640
   1.46705682  -0.19639640
   2.07467367  -0.19599600
   1.46975683  -0.19599600
   2.07652644  -0.19559560
   1.47245432  -0.19559560
   2.07837226  -0.19519520
   1.47514931  -0.19519520
   2.08021122  -0.19479479
   1.47784182  -0.19479479
   2.08204341  -0.19439439
   1.48053189  -0.19439439
   2.08386893  -0.19399399
   1.48321953  -0.19399399
   2.08568785  -0.19359359
   1.48590477  -0.19359359
   2.08750028  -0.19319319
   1.48858763  -0.19319319
   2.08930629  -0.19279279
   1.49126814  -0.19279279
   2.09110596  -0.19239239
   1.49394633  -0.19239239
   2.09289938  -0.19199199
   1.49662222  -0.19199199
   2.09468663  -0.19159159
   1.49929582  -0.19159159
   2.09646779  -0.19119119
   1.50196717  -0.19119119
   2.09824293  -0.19079079
   1.50463629  -0.19079079
   2.10001212  -0.19039039
   1.50730321  -0.19039039
   2.10177546  -0.18998999
   1.50996794  -0.18998999
   2.10353300  -0.18958959
   1.51263050  -0.18958959
   2.10528481  -0.18918919
   1.51529094  -0.18918919
   2.10703098  -0.18878879
   1.51794925  -0.18878879
   2.10877156  -0.18838839
   1.52060548  -0.18838839
   2.11050662  -0.18798799
   1.52325964  -0.18798799
   2.11223624  -0.18758759
   1.52591175  -0.18758759
   2.11396047  -0.18718719
   1.52856184  -0.18718719
   1.13629462  -0.18718719
   1.06605688  -0.18718719
   2.11567939  -0.18678679
   1.53120993  -0.18678679
   1.15519796  -0.18678679
   1.04532049  -0.18678679
   2.11739305  -0.18638639
   1.53385605  -0.18638639
   1.16882762  -0.18638639
   1.02984523  -0.18638639
   2.11910151  -0.18598599
   1.53650021  -0.18598599
   1.18005134  -0.18598599
   1.01676312  -0.18598599
   2.12080484  -0.18558559
   1.53914244  -0.18558559
   1.18982201  -0.18558559
   1.00512103  -0.18558559
   2.12250310  -0.18518519
   1.54178275  -0.18518519
   1.19859647  -0.18518519
   0.99446187  -0.18518519
   2.12419634  -0.18478478
   1.54442118  -0.18478478
   1.20663534  -0.18478478
   0.98452476  -0.18478478
   2.12588463  -0.18438438
   1.54705775  -0.18438438
   1.21410375  -0.18438438
   0.97514430  -0.18438438
   2.12756801  -0.18398398
   1.54969247  -0.18398398
   1.22111403  -0.18398398
   0.96620791  -0.18398398
   2.12924656  -0.18358358
   1.55232538  -0.18358358
   1.22774659  -0.18358358
   0.95763490  -0.18358358
   2.13092031  -0.18318318
   1.55495648  -0.18318318
   1.23406131  -0.18318318
   0.94936513  -0.18318318
   2.13258933  -0.18278278
   1.55758581  -0.18278278
   1.24010413  -0.18278278
   0.94135236  -0.18278278
   2.13425366  -0.18238238
   1.56021338  -0.18238238
   1.24591124  -0.18238238
   0.93356014  -0.18238238
   2.13591337  -0.18198198
   1.56283921  -0.18198198
   1.25151166  -0.18198198
   0.92595913  -0.18198198
   2.13756850  -0.18158158
   1.56546334  -0.18158158
   1.25692914  -0.18158158
   0.91852531  -0.18158158
   2.13921911  -0.18118118
   1.56808577  -0.18118118
   1.26218335  -0.18118118
   0.91123869  -0.18118118
   2.14086523  -0.18078078
   1.57070654  -0.18078078
   1.26729080  -0.18078078
   0.90408246  -0.18078078
   2.14250693  -0.18038038
   1.57332566  -0.18038038
   1.27226551  -0.18038038
   0.89704229  -0.18038038
   2.14414425  -0.17997998
   1.57594315  -0.17997998
   1.27711950  -0.17997998
   0.89010582  -0.17997998
   2.14577723  -0.17957958
   1.57855904  -0.17957958
   1.28186315  -0.17957958
   0.88326236  -0.17957958
   2.14740594  -0.17917918
   1.58117335  -0.17917918
   1.28650550  -0.17917918
   0.87650252  -0.17917918
   2.14903040  -0.17877878
   1.58378609  -0.17877878
   1.29105449  -0.17877878
   0.86981802  -0.17877878
   2.15065066  -0.17837838
   1.58639730  -0.17837838
   1.29551711  -0.17837838
   0.86320152  -0.17837838
   2.15226678  -0.17797798
   1.58900698  -0.17797798
   1.29989957  -0.17797798
   0.85664644  -0.17797798
   2.15387880  -0.17757758
   1.59161517  -0.17757758
   1.30420741  -0.17757758
   0.85014688  -0.17757758
   2.15548675  -0.17717718
   1.59422188  -0.17717718
   1.30844559  -0.17717718
   0.84369749  -0.17717718
   2.15709068  -0.17677678
   1.59682713  -0.17677678
   1.31261858  -0.17677678
   0.83729343  -0.17677678
   2.15869064  -0.17637638
   1.59943095  -0.17637638
   1.31673041  -0.17637638
   0.83093025  -0.17637638
   2.16028666  -0.17597598
   1.60203336  -0.17597598
   1.32078474  -0.17597598
   0.82460390  -0.17597598
   2.16187878  -0.17557558
   1.60463437  -0.17557558
   1.32478489  -0.17557558
   0.81831062  -0.17557558
   2.16346705  -0.17517518
   1.60723400  -0.17517518
   1.32873390  -0.17517518
   0.81204694  -0.17517518
   2.16505151  -0.17477477
   1.60983229  -0.17477477
   1.33263456  -0.17477477
   0.80580965  -0.17477477
   2.16663219  -0.17437437
   1.61242925  -0.17437437
   1.33648942  -0.17437437
   0.79959572  -0.17437437
   2.16820913  -0.17397397
   1.61502489  -0.17397397
   1.34030082  -0.17397397
   0.79340235  -0.17397397
   2.16978237  -0.17357357
   1.61761925  -0.17357357
   1.34407094  -0.17357357
   0.78722688  -0.17357357
   2.17135195  -0.17317317
   1.62021234  -0.17317317
   1.34780178  -0.17317317
   0.78106682  -0.17317317
   2.17291791  -0.17277277
   1.62280418  -0.17277277
   1.35149519  -0.17277277
   0.77491978  -0.17277277
   2.17448028  -0.17237237
   1.62539479  -0.17237237
   1.35515290  -0.17237237
   0.76878353  -0.17237237
   2.17603909  -0.17197197
   1.62798419  -0.17197197
   1.35877652  -0.17197197
   0.76265592  -0.17197197
   2.17759439  -0.17157157
   1.63057241  -0.17157157
   1.36236753  -0.17157157
   0.75653488  -0.17157157
   2.17914621  -0.17117117
   1.63315947  -0.17117117
   1.36592735  -0.17117117
   0.75041844  -0.17117117
   2.18069457  -0.17077077
   1.63574538  -0.17077077
   1.36945727  -0.17077077
   0.74430470  -0.17077077
   2.18223953  -0.17037037
   1.63833016  -0.17037037
   1.37295852  -0.17037037
   0.73819182  -0.17037037
   2.18378110  -0.16996997
   1.64091384  -0.16996997
   1.37643224  -0.16996997
   0.73207802  -0.16996997
   2.18531933  -0.16956957
   1.64349644  -0.16956957
   1.37987952  -0.16956957
   0.72596155  -0.16956957
   2.18685424  -0.16916917
   1.64607797  -0.16916917
   1.38330136  -0.16916917
   0.71984073  -0.16916917
   2.18838586  -0.16876877
   1.64865847  -0.16876877
   1.38669874  -0.16876877
   0.71371388  -0.16876877
   2.18991424  -0.16836837
   1.65123794  -0.16836837
   1.39007253  -0.16836837
   0.70757938  -0.16836837
   2.19143939  -0.16796797
   1.65381641  -0.16796797
   1.39342361  -0.16796797
   0.70143561  -0.16796797
   2.19296136  -0.16756757
   1.65639389  -0.16756757
   1.39675277  -0.16756757
   0.69528100  -0.16756757
   2.19448017  -0.16716717
   1.65897042  -0.16716717
   1.40006077  -0.16716717
   0.68911396  -0.16716717
   2.19599585  -0.16676677
   1.66154601  -0.16676677
   1.40334834  -0.16676677
   0.68293292  -0.16676677
   2.19750843  -0.16636637
   1.66412068  -0.16636637
   1.40661616  -0.16636637
   0.67673632  -0.16636637
   2.19901794  -0.16596597
   1.66669445  -0.16596597
   1.40986488  -0.16596597
   0.67052260  -0.16596597
   2.20052442  -0.16556557
   1.66926734  -0.16556557
   1.41309511  -0.16556557
   0.66429019  -0.16556557
   2.20202788  -0.16516517
   1.67183937  -0.16516517
   1.41630746  -0.16516517
   0.65803751  -0.16516517
   2.20352835  -0.16476476
   1.67441056  -0.16476476
   1.41950247  -0.16476476
   0.65176297  -0.16476476
   2.20502587  -0.16436436
   1.67698094  -0.16436436
   1.42268067  -0.16436436
   0.64546498  -0.16436436
   2.20652046  -0.16396396
   1.67955052  -0.16396396
   1.42584258  -0.16396396
   0.63914189  -0.16396396
   2.20801216  -0.16356356
   1.68211933  -0.16356356
   1.42898869  -0.16356356
   0.63279206  -0.16356356
   2.20950097  -0.16316316
   1.68468738  -0.16316316
   1.43211944  -0.16316316
   0.62641380  -0.16316316
   2.21098694  -0.16276276
   1.68725469  -0.16276276
   1.43523530  -0.16276276
   0.62000538  -0.16276276
   2.21247009  -0.16236236
   1.68982129  -0.16236236
   1.43833667  -0.16236236
   0.61356506  -0.16236236
   2.21395044  -0.16196196
   1.69238720  -0.16196196
   1.44142397  -0.16196196
   0.60709102  -0.16196196
   2.21542803  -0.16156156
   1.69495243  -0.16156156
   1.44449758  -0.16156156
   0.60058141  -0.16156156
   2.21690286  -0.16116116
   1.69751701  -0.16116116
   1.44755788  -0.16116116
   0.59403431  -0.16116116
   2.21837498  -0.16076076
   1.70008096  -0.16076076
   1.45060523  -0.16076076
   0.58744776  -0.16076076
   2.21984440  -0.16036036
   1.70264430  -0.16036036
   1.45363996  -0.16036036
   0.58081969  -0.16036036
   2.22131116  -0.15995996
   1.70520704  -0.15995996
   1.45666240  -0.15995996
   0.57414801  -0.15995996
   2.22277526  -0.15955956
   1.70776922  -0.15955956
   1.45967287  -0.15955956
   0.56743050  -0.15955956
   2.22423674  -0.15915916
   1.71033085  -0.15915916
   1.46267168  -0.15915916
   0.56066487  -0.15915916
   2.22569563  -0.15875876
   1.71289195  -0.15875876
   1.46565912  -0.15875876
   0.55384872  -0.15875876
   2.22715193  -0.15835836
   1.71545254  -0.15835836
   1.46863547  -0.15835836
   0.54697955  -0.15835836
   2.22860569  -0.15795796
   1.71801265  -0.15795796
   1.47160099  -0.15795796
   0.54005474  -0.15795796
   2.23005691  -0.15755756
   1.72057229  -0.15755756
   1.47455596  -0.15755756
   0.53307154  -0.15755756
   2.23150562  -0.15715716
   1.72313149  -0.15715716
   1.47750062  -0.15715716
   0.52602703  -0.15715716
   2.23295185  -0.15675676
   1.72569027  -0.15675676
   1.48043521  -0.15675676
   0.51891816  -0.15675676
   2.23439562  -0.15635636
   1.72824864  -0.15635636
   1.48335998  -0.15635636
   0.51174171  -0.15635636
   2.23583694  -0.15595596
   1.73080663  -0.15595596
   1.48627514  -0.15595596
   0.50449424  -0.15595596
   2.23727585  -0.15555556
   1.73336426  -0.15555556
   1.48918092  -0.15555556
   0.49717212  -0.15555556
   2.23871235  -0.15515516
   1.73592155  -0.15515516
   1.49207752  -0.15515516
   0.48977148  -0.15515516
   2.24014648  -0.15475475
   1.73847853  -0.15475475
   1.49496515  -0.15475475
   0.48228820  -0.15475475
   2.24157824  -0.15435435
   1.74103521  -0.15435435
   1.49784401  -0.15435435
   0.47471787  -0.15435435
   2.24300768  -0.15395395
   1.74359161  -0.15395395
   1.50071429  -0.15395395
   0.46705575  -0.15395395
   2.24443479  -0.15355355
   1.74614776  -0.15355355
   1.50357618  -0.15355355
   0.45929677  -0.15355355
   2.24585961  -0.15315315
   1.74870368  -0.15315315
   1.50642984  -0.15315315
   0.45143545  -0.15315315
   2.24728215  -0.15275275
   1.75125939  -0.15275275
   1.50927547  -0.15275275
   0.44346587  -0.15275275
   2.24870243  -0.15235235
   1.75381492  -0.15235235
   1.51211322  -0.15235235
   0.43538163  -0.15235235
   2.25012048  -0.15195195
   1.75637027  -0.15195195
   1.51494325  -0.15195195
   0.42717574  -0.15195195
   2.25153631  -0.15155155
   1.75892548  -0.15155155
   1.51776574  -0.15155155
   0.41884060  -0.15155155
   2.25294994  -0.15115115
   1.76148057  -0.15115115
   1.52058082  -0.15115115
   0.41036788  -0.15115115
   2.25436139  -0.15075075
   1.76403556  -0.15075075
   1.52338865  -0.15075075
   0.40174842  -0.15075075
   2.25577068  -0.15035035
   1.76659047  -0.15035035
   1.52618937  -0.15035035
   0.39297211  -0.15035035
   2.25717782  -0.14994995
   1.76914532  -0.14994995
   1.52898313  -0.14994995
   0.38402777  -0.14994995
   2.25858284  -0.14954955
   1.77170014  -0.14954955
   1.53177006  -0.14954955
   0.37490292  -0.14954955
   2.25998576  -0.14914915
   1.77425494  -0.14914915
   1.53455029  -0.14914915
   0.36558359  -0.14914915
   2.26138658  -0.14874875
   1.77680976  -0.14874875
   1.53732396  -0.14874875
   0.35605408  -0.14874875
   2.26278533  -0.14834835
   1.77936461  -0.14834835
   1.54009118  -0.14834835
   0.34629660  -0.14834835
   2.26418204  -0.14794795
   1.78191951  -0.14794795
   1.54285208  -0.14794795
   0.33629084  -0.14794795
   2.26557670  -0.14754755
   1.78447450  -0.14754755
   1.54560678  -0.14754755
   0.32601353  -0.14754755
   2.26696935  -0.14714715
   1.78702958  -0.14714715
   1.54835540  -0.14714715
   0.31543765  -0.14714715
   2.26835999  -0.14674675
   1.78958479  -0.14674675
   1.55109804  -0.14674675
   0.30453166  -0.14674675
   2.26974865  -0.14634635
   1.79214015  -0.14634635
   1.55383482  -0.14634635
   0.29325826  -0.14634635
   2.27113534  -0.14594595
   1.79469567  -0.14594595
   1.55656585  -0.14594595
   0.28157288  -0.14594595
   2.27252008  -0.14554555
   1.79725139  -0.14554555
   1.55929122  -0.14554555
   0.26942143  -0.14554555
   2.27390289  -0.14514515
   1.79980733  -0.14514515
   1.56201105  -0.14514515
   0.25673725  -0.14514515
   2.27528377  -0.14474474
   1.80236350  -0.14474474
   1.56472542  -0.14474474
   0.24343660  -0.14474474
   2.27666276  -0.14434434
   1.80491994  -0.14434434
   1.56743444  -0.14434434
   0.22941176  -0.14434434
   2.27803985  -0.14394394
   1.80747667  -0.14394394
   1.57013820  -0.14394394
   0.21452020  -0.14394394
   2.27941508  -0.14354354
   1.81003371  -0.14354354
   1.57283680  -0.14354354
   0.19856643  -0.14354354
   2.28078845  -0.14314314
   1.81259108  -0.14314314
   1.57553032  -0.14314314
   0.18126963  -0.14314314
   2.28215998  -0.14274274
   1.81514882  -0.14274274
   1.57821885  -0.14274274
   0.16220003  -0.14274274
   2.28352969  -0.14234234
   1.81770693  -0.14234234
   1.58090247  -0.14234234
   0.14063758  -0.14234234
   2.28489759  -0.14194194
   1.82026546  -0.14194194
   1.58358128  -0.14194194
   0.11518991  -0.14194194
   0.04301859  -0.14194194
   2.28626369  -0.14154154
   1.82282442  -0.14154154
   1.58625535  -0.14154154
   0.08232863  -0.14154154
   0.11954000  -0.14154154
   2.28762802  -0.14114114
   1.82538383  -0.14114114
   1.58892476  -0.14114114
   0.16355209  -0.14114114
   0.01750995  -0.14114114
   2.28899058  -0.14074074
   1.82794373  -0.14074074
   1.59158960  -0.14074074
   0.19806391  -0.14074074
   2.29035139  -0.14034034
   1.83050414  -0.14034034
   1.59424993  -0.14034034
   0.22744269  -0.14034034
   2.29171046  -0.13993994
   1.83306507  -0.13993994
   1.59690584  -0.13993994
   0.25348010  -0.13993994
   2.29306782  -0.13953954
   1.83562657  -0.13953954
   1.59955740  -0.13953954
   0.27712008  -0.13953954
   2.29442347  -0.13913914
   1.83818865  -0.13913914
   1.60220467  -0.13913914
   0.29893241  -0.13913914
   2.29577743  -0.13873874
   1.84075133  -0.13873874
   1.60484774  -0.13873874
   0.31929232  -0.13873874
   2.29712971  -0.13833834
   1.84331465  -0.13833834
   1.60748666  -0.13833834
   0.33846240  -0.13833834
   2.29848032  -0.13793794
   1.84587864  -0.13793794
   1.61012151  -0.13793794
   0.35663495  -0.13793794
   2.29982929  -0.13753754
   1.84844330  -0.13753754
   1.61275235  -0.13753754
   0.37395578  -0.13753754
   2.30117662  -0.13713714
   1.85100868  -0.13713714
   1.61537925  -0.13713714
   0.39053858  -0.13713714
   2.30252232  -0.13673674
   1.85357481  -0.13673674
   1.61800227  -0.13673674
   0.40647399  -0.13673674
   2.30386642  -0.13633634
   1.85614169  -0.13633634
   1.62062147  -0.13633634
   0.42183571  -0.13633634
   2.30520892  -0.13593594
   1.85870937  -0.13593594
   1.62323692  -0.13593594
   0.43668457  -0.13593594
   2.30654984  -0.13553554
   1.86127787  -0.13553554
   1.62584868  -0.13553554
   0.45107151  -0.13553554
   2.30788918  -0.13513514
   1.86384722  -0.13513514
   1.62845679  -0.13513514
   0.46503967  -0.13513514
   2.30922698  -0.13473473
   1.86641744  -0.13473473
   1.63106133  -0.13473473
   0.47862599  -0.13473473
   2.31056322  -0.13433433
   1.86898857  -0.13433433
   1.63366235  -0.13433433
   0.49186236  -0.13433433
   2.31189794  -0.13393393
   1.87156062  -0.13393393
   1.63625990  -0.13393393
   0.50477656  -0.13393393
   2.31323114  -0.13353353
   1.87413364  -0.13353353
   1.63885404  -0.13353353
   0.51739295  -0.13353353
   2.31456283  -0.13313313
   1.87670764  -0.13313313
   1.64144482  -0.13313313
   0.52973306  -0.13313313
   2.31589303  -0.13273273
   1.87928266  -0.13273273
   1.64403230  -0.13273273
   0.54181597  -0.13273273
   2.31722175  -0.13233233
   1.88185872  -0.13233233
   1.64661652  -0.13233233
   0.55365876  -0.13233233
   2.31854901  -0.13193193
   1.88443586  -0.13193193
   1.64919755  -0.13193193
   0.56527672  -0.13193193
   2.31987480  -0.13153153
   1.88701410  -0.13153153
   1.65177542  -0.13153153
   0.57668367  -0.13153153
   2.32119916  -0.13113113
   1.88959347  -0.13113113
   1.65435018  -0.13113113
   0.58789208  -0.13113113
   2.32252208  -0.13073073
   1.89217401  -0.13073073
   1.65692190  -0.13073073
   0.59891331  -0.13073073
   2.32384358  -0.13033033
   1.89475574  -0.13033033
   1.65949060  -0.13033033
   0.60975771  -0.13033033
   2.32516367  -0.12992993
   1.89733869  -0.12992993
   1.66205635  -0.12992993
   0.62043474  -0.12992993
   2.32648237  -0.12952953
   1.89992289  -0.12952953
   1.66461918  -0.12952953
   0.63095308  -0.12952953
   2.32779968  -0.12912913
   1.90250838  -0.12912913
   1.66717914  -0.12912913
   0.64132074  -0.12912913
   2.32911563  -0.12872873
   1.90509519  -0.12872873
   1.66973628  -0.12872873
   0.65154508  -0.12872873
   2.33043021  -0.12832833
   1.90768334  -0.12832833
   1.67229064  -0.12832833
   0.66163294  -0.12832833
   2.33174344  -0.12792793
   1.91027287  -0.12792793
   1.67484227  -0.12792793
   0.67159064  -0.12792793
   2.33305533  -0.12752753
   1.91286381  -0.12752753
   1.67739120  -0.12752753
   0.68142406  -0.12752753
   2.33436589  -0.12712713
   1.91545620  -0.12712713
   1.67993747  -0.12712713
   0.69113868  -0.12712713
   2.33567514  -0.12672673
   1.91805006  -0.12672673
   1.68248114  -0.12672673
   0.70073962  -0.12672673
   2.33698309  -0.12632633
   1.92064544  -0.12632633
   1.68502224  -0.12632633
   0.71023163  -0.12632633
   2.33828974  -0.12592593
   1.92324235  -0.12592593
   1.68756080  -0.12592593
   0.71961921  -0.12592593
   2.33959511  -0.12552553
   1.92584084  -0.12552553
   1.69009688  -0.12552553
   0.72890656  -0.12552553
   2.34089921  -0.12512513
   1.92844095  -0.12512513
   1.69263051  -0.12512513
   0.73809760  -0.12512513
   2.34220205  -0.12472472
   1.93104269  -0.12472472
   1.69516172  -0.12472472
   0.74719607  -0.12472472
   2.34350363  -0.12432432
   1.93364612  -0.12432432
   1.69769056  -0.12432432
   0.75620546  -0.12432432
   2.34480398  -0.12392392
   1.93625126  -0.12392392
   1.70021706  -0.12392392
   0.76512906  -0.12392392
   2.34610310  -0.12352352
   1.93885816  -0.12352352
   1.70274126  -0.12352352
   0.77397001  -0.12352352
   2.34740100  -0.12312312
   1.94146683  -0.12312312
   1.70526320  -0.12312312
   0.78273125  -0.12312312
   2.34869770  -0.12272272
   1.94407733  -0.12272272
   1.70778291  -0.12272272
   0.79141558  -0.12272272
   2.34999320  -0.12232232
   1.94668969  -0.12232232
   1.71030043  -0.12232232
   0.80002567  -0.12232232
   2.35128751  -0.12192192
   1.94930395  -0.12192192
   1.71281579  -0.12192192
   0.80856402  -0.12192192
   2.35258064  -0.12152152
   1.95192014  -0.12152152
   1.71532902  -0.12152152
   0.81703303  -0.12152152
   2.35387261  -0.12112112
   1.95453830  -0.12112112
   1.71784017  -0.12112112
   0.82543499  -0.12112112
   2.35516342  -0.12072072
   1.95715846  -0.12072072
   1.72034926  -0.12072072
   0.83377207  -0.12072072
   2.35645309  -0.12032032
   1.95978068  -0.12032032
   1.72285634  -0.12032032
   0.84204633  -0.12032032
   2.35774162  -0.11991992
   1.96240499  -0.11991992
   1.72536142  -0.11991992
   0.85025976  -0.11991992
   2.35902902  -0.11951952
   1.96503142  -0.11951952
   1.72786455  -0.11951952
   0.85841424  -0.11951952
   2.36031531  -0.11911912
   1.96766002  -0.11911912
   1.73036575  -0.11911912
   0.86651157  -0.11911912
   2.36160050  -0.11871872
   1.73286506  -0.11871872
   1.97029082  -0.11871872
   0.87455349  -0.11871872
   2.36288458  -0.11831832
   1.73536251  -0.11831832
   1.97292388  -0.11831832
   0.88254165  -0.11831832
   2.36416758  -0.11791792
   1.73785814  -0.11791792
   1.97555922  -0.11791792
   0.89047763  -0.11791792
   2.36544951  -0.11751752
   1.74035196  -0.11751752
   1.97819690  -0.11751752
   0.89836295  -0.11751752
   2.36673037  -0.11711712
   1.74284401  -0.11711712
   1.98083695  -0.11711712
   0.90619908  -0.11711712
   2.36801017  -0.11671672
   1.74533433  -0.11671672
   1.98347942  -0.11671672
   0.91398741  -0.11671672
   2.36928892  -0.11631632
   1.74782294  -0.11631632
   1.98612436  -0.11631632
   0.92172929  -0.11631632
   2.37056663  -0.11591592
   1.75030987  -0.11591592
   1.98877179  -0.11591592
   0.92942601  -0.11591592
   2.37184332  -0.11551552
   1.75279514  -0.11551552
   1.99142178  -0.11551552
   0.93707883  -0.11551552
   2.37311899  -0.11511512
   1.75527880  -0.11511512
   1.99407437  -0.11511512
   0.94468894  -0.11511512
   2.37439364  -0.11471471
   1.75776087  -0.11471471
   1.99672959  -0.11471471
   0.95225750  -0.11471471
   2.37566730  -0.11431431
   1.76024137  -0.11431431
   1.99938751  -0.11431431
   0.95978563  -0.11431431
   2.37693996  -0.11391391
   1.76272033  -0.11391391
   2.00204816  -0.11391391
   0.96727440  -0.11391391
   2.37821165  -0.11351351
   1.76519779  -0.11351351
   2.00471159  -0.11351351
   0.97472485  -0.11351351
   2.37948236  -0.11311311
   1.76767376  -0.11311311
   2.00737785  -0.11311311
   0.98213798  -0.11311311
   2.38075210  -0.11271271
   1.77014828  -0.11271271
   2.01004700  -0.11271271
   0.98951476  -0.11271271
   2.38202089  -0.11231231
   1.77262138  -0.11231231
   2.01271907  -0.11231231
   0.99685614  -0.11231231
   2.38328874  -0.11191191
   1.77509307  -0.11191191
   2.01539413  -0.11191191
   1.00416301  -0.11191191
   2.38455565  -0.11151151
   1.77756339  -0.11151151
   2.01807222  -0.11151151
   1.01143626  -0.11151151
   2.38582163  -0.11111111
   1.78003237  -0.11111111
   2.02075339  -0.11111111
   1.01867673  -0.11111111
   2.38708669  -0.11071071
   1.78250002  -0.11071071
   2.02343770  -0.11071071
   1.02588524  -0.11071071
   2.38835084  -0.11031031
   1.78496638  -0.11031031
   2.02612519  -0.11031031
   1.03306260  -0.11031031
   2.38961409  -0.10990991
   1.78743146  -0.10990991
   2.02881593  -0.10990991
   1.04020958  -0.10990991
   2.39087645  -0.10950951
   1.78989531  -0.10950951
   2.03150997  -0.10950951
   1.04732693  -0.10950951
   2.39213793  -0.10910911
   1.79235793  -0.10910911
   2.03420736  -0.10910911
   1.05441537  -0.10910911
   2.39339853  -0.10870871
   1.79481936  -0.10870871
   2.03690817  -0.10870871
   1.06147561  -0.10870871
   2.39465827  -0.10830831
   1.79727962  -0.10830831
   2.03961244  -0.10830831
   1.06850834  -0.10830831
   2.39591715  -0.10790791
   1.79973873  -0.10790791
   2.04232023  -0.10790791
   1.07551423  -0.10790791
   2.39717518  -0.10750751
   1.80219673  -0.10750751
   2.04503161  -0.10750751
   1.08249392  -0.10750751
   2.39843237  -0.10710711
   1.80465362  -0.10710711
   2.04774664  -0.10710711
   1.08944805  -0.10710711
   2.39968872  -0.10670671
   1.80710945  -0.10670671
   2.05046537  -0.10670671
   1.09637723  -0.10670671
   2.40094426  -0.10630631
   1.80956423  -0.10630631
   2.05318787  -0.10630631
   1.10328205  -0.10630631
   2.40219898  -0.10590591
   1.81201798  -0.10590591
   2.05591420  -0.10590591
   1.11016309  -0.10590591
   2.40345290  -0.10550551
   1.81447073  -0.10550551
   2.05864442  -0.10550551
   1.11702093  -0.10550551
   2.40470601  -0.10510511
   1.81692251  -0.10510511
   2.06137860  -0.10510511
   1.12385611  -0.10510511
   2.40595834  -0.10470470
   1.81937333  -0.10470470
   2.06411680  -0.10470470
   1.13066917  -0.10470470
   2.40720989  -0.10430430
   1.82182322  -0.10430430
   2.06685910  -0.10430430
   1.13746063  -0.10430430
   2.40846067  -0.10390390
   1.82427220  -0.10390390
   2.06960555  -0.10390390
   1.14423101  -0.10390390
   2.40971068  -0.10350350
   1.82672029  -0.10350350
   2.07235623  -0.10350350
   1.15098080  -0.10350350
   2.41095994  -0.10310310
   1.82916753  -0.10310310
   2.07511121  -0.10310310
   1.15771049  -0.10310310
   2.41220845  -0.10270270
   1.83161392  -0.10270270
   2.07787056  -0.10270270
   1.16442056  -0.10270270
   2.41345622  -0.10230230
   1.83405950  -0.10230230
   2.08063435  -0.10230230
   1.17111145  -0.10230230
   2.41470326  -0.10190190
   1.83650428  -0.10190190
   2.08340265  -0.10190190
   1.17778364  -0.10190190
   2.41594958  -0.10150150
   1.83894829  -0.10150150
   2.08617554  -0.10150150
   1.18443756  -0.10150150
   2.41719518  -0.10110110
   1.84139154  -0.10110110
   2.08895310  -0.10110110
   1.19107364  -0.10110110
   2.41844008  -0.10070070
   1.84383407  -0.10070070
   2.09173541  -0.10070070
   1.19769231  -0.10070070
   2.41968428  -0.10030030
   1.84627589  -0.10030030
   2.09452253  -0.10030030
   1.20429397  -0.10030030
   2.42092779  -0.09989990
   1.84871702  -0.09989990
   2.09731456  -0.09989990
   1.21087904  -0.09989990
   2.42217062  -0.09949950
   1.85115749  -0.09949950
   2.10011157  -0.09949950
   1.21744791  -0.09949950
   2.42341277  -0.09909910
   1.85359732  -0.09909910
   2.10291365  -0.09909910
   1.22400095  -0.09909910
   2.42465426  -0.09869870
   1.85603653  -0.09869870
   2.10572088  -0.09869870
   1.23053857  -0.09869870
   2.42589510  -0.09829830
   1.85847513  -0.09829830
   2.10853335  -0.09829830
   1.23706111  -0.09829830
   2.42713528  -0.09789790
   1.86091316  -0.09789790
   2.11135114  -0.09789790
   1.24356895  -0.09789790
   2.42837482  -0.09749750
   1.86335063  -0.09749750
   2.11417435  -0.09749750
   1.25006244  -0.09749750
   2.42961373  -0.09709710
   1.86578757  -0.09709710
   2.11700306  -0.09709710
   1.25654193  -0.09709710
   2.43085201  -0.09669670
   1.86822399  -0.09669670
   2.11983737  -0.09669670
   1.26300776  -0.09669670
   2.43208968  -0.09629630
   1.87065991  -0.09629630
   2.12267737  -0.09629630
   1.26946027  -0.09629630
   2.43332673  -0.09589590
   1.87309536  -0.09589590
   2.12552315  -0.09589590
   1.27589978  -0.09589590
   2.43456319  -0.09549550
   1.87553036  -0.09549550
   2.12837483  -0.09549550
   1.28232662  -0.09549550
   2.43579905  -0.09509510
   1.87796493  -0.09509510
   2.13123248  -0.09509510
   1.28874109  -0.09509510
   2.43703433  -0.09469469
   1.88039908  -0.09469469
   2.13409622  -0.09469469
   1.29514352  -0.09469469
   2.43826903  -0.09429429
   1.88283285  -0.09429429
   2.13696615  -0.09429429
   1.30153420  -0.09429429
   2.43950316  -0.09389389
   1.88526624  -0.09389389
   2.13984238  -0.09389389
   1.30791344  -0.09389389
   2.44073673  -0.09349349
   1.88769928  -0.09349349
   2.14272500  -0.09349349
   1.31428152  -0.09349349
   2.44196974  -0.09309309
   1.89013199  -0.09309309
   2.14561414  -0.09309309
   1.32063873  -0.09309309
   2.44320221  -0.09269269
   1.89256439  -0.09269269
   2.14850990  -0.09269269
   1.32698536  -0.09269269
   2.44443414  -0.09229229
   1.89499650  -0.09229229
   2.15141240  -0.09229229
   1.33332167  -0.09229229
   2.44566554  -0.09189189
   1.89742835  -0.09189189
   2.15432174  -0.09189189
   1.33964796  -0.09189189
   2.44689642  -0.09149149
   1.89985994  -0.09149149
   2.15723807  -0.09149149
   1.34596447  -0.09149149
   2.44812678  -0.09109109
   1.90229130  -0.09109109
   2.16016148  -0.09109109
   1.35227148  -0.09109109
   2.44935664  -0.09069069
   1.90472245  -0.09069069
   2.16309211  -0.09069069
   1.35856924  -0.09069069
   2.45058600  -0.09029029
   1.90715342  -0.09029029
   2.16603008  -0.09029029
   1.36485800  -0.09029029
   2.45181487  -0.08988989
   1.90958421  -0.08988989
   2.16897552  -0.08988989
   1.37113802  -0.08988989
   2.45304326  -0.08948949
   1.91201486  -0.08948949
   2.17192857  -0.08948949
   1.37740954  -0.08948949
   2.45427117  -0.08908909
   1.91444537  -0.08908909
   2.17488934  -0.08908909
   1.38367281  -0.08908909
   2.45549861  -0.08868869
   1.91687578  -0.08868869
   2.17785799  -0.08868869
   1.38992805  -0.08868869
   2.45672560  -0.08828829
   1.91930609  -0.08828829
   2.18083466  -0.08828829
   1.39617551  -0.08828829
   2.45795213  -0.08788789
   1.92173633  -0.08788789
   2.18381948  -0.08788789
   1.40241540  -0.08788789
   2.45917822  -0.08748749
   1.92416653  -0.08748749
   2.18681259  -0.08748749
   1.40864797  -0.08748749
   2.46040387  -0.08708709
   1.92659669  -0.08708709
   2.18981416  -0.08708709
   1.41487342  -0.08708709
   2.46162910  -0.08668669
   1.92902684  -0.08668669
   2.19282433  -0.08668669
   1.42109198  -0.08668669
   2.46285391  -0.08628629
   1.93145699  -0.08628629
   2.19584326  -0.08628629
   1.42730386  -0.08628629
   2.46407830  -0.08588589
   1.93388718  -0.08588589
   2.19887110  -0.08588589
   1.43350927  -0.08588589
   2.46530230  -0.08548549
   1.93631741  -0.08548549
   2.20190802  -0.08548549
   1.43970843  -0.08548549
   2.46652589  -0.08508509
   1.93874771  -0.08508509
   2.20495419  -0.08508509
   1.44590153  -0.08508509
   2.46774910  -0.08468468
   1.94117809  -0.08468468
   2.20800977  -0.08468468
   1.45208878  -0.08468468
   2.46897192  -0.08428428
   1.94360859  -0.08428428
   2.21107494  -0.08428428
   1.45827037  -0.08428428
   2.47019438  -0.08388388
   1.94603920  -0.08388388
   2.21414988  -0.08388388
   1.46444650  -0.08388388
   2.47141647  -0.08348348
   1.94846996  -0.08348348
   2.21723477  -0.08348348
   1.47061737  -0.08348348
   2.47263820  -0.08308308
   1.95090089  -0.08308308
   2.22032980  -0.08308308
   1.47678315  -0.08308308
   2.47385959  -0.08268268
   1.95333200  -0.08268268
   2.22343514  -0.08268268
   1.48294404  -0.08268268
   2.47508063  -0.08228228
   1.95576331  -0.08228228
   2.22655102  -0.08228228
   1.48910021  -0.08228228
   2.47630134  -0.08188188
   1.95819484  -0.08188188
   2.22967761  -0.08188188
   1.49525185  -0.08188188
   2.47752173  -0.08148148
   1.96062662  -0.08148148
   2.23281512  -0.08148148
   1.50139914  -0.08148148
   2.47874180  -0.08108108
   1.96305866  -0.08108108
   2.23596377  -0.08108108
   1.50754224  -0.08108108
   2.47996156  -0.08068068
   1.96549098  -0.08068068
   2.23912378  -0.08068068
   1.51368133  -0.08068068
   2.48118102  -0.08028028
   1.96792360  -0.08028028
   2.24229535  -0.08028028
   1.51981658  -0.08028028
   2.48240019  -0.07987988
   1.97035654  -0.07987988
   2.24547871  -0.07987988
   1.52594814  -0.07987988
   2.48361907  -0.07947948
   1.97278982  -0.07947948
   2.24867410  -0.07947948
   1.53207619  -0.07947948
   2.48483768  -0.07907908
   1.97522347  -0.07907908
   2.25188175  -0.07907908
   1.53820088  -0.07907908
   2.48605602  -0.07867868
   1.97765749  -0.07867868
   2.25510191  -0.07867868
   1.54432236  -0.07867868
   2.48727410  -0.07827828
   1.98009190  -0.07827828
   2.25833481  -0.07827828
   1.55044080  -0.07827828
   2.48849193  -0.07787788
   1.98252674  -0.07787788
   2.26158073  -0.07787788
   1.55655634  -0.07787788
   2.48970951  -0.07747748
   1.98496202  -0.07747748
   2.26483991  -0.07747748
   1.56266913  -0.07747748
   2.49092686  -0.07707708
   1.98739775  -0.07707708
   2.26811263  -0.07707708
   1.56877932  -0.07707708
   2.49214398  -0.07667668
   1.98983396  -0.07667668
   2.27139917  -0.07667668
   1.57488704  -0.07667668
   2.49336088  -0.07627628
   1.99227066  -0.07627628
   2.27469980  -0.07627628
   1.58099244  -0.07627628
   2.49457757  -0.07587588
   1.99470788  -0.07587588
   2.27801481  -0.07587588
   1.58709566  -0.07587588
   2.49579406  -0.07547548
   1.99714564  -0.07547548
   2.28134450  -0.07547548
   1.59319682  -0.07547548
   2.49701035  -0.07507508
   1.99958395  -0.07507508
   2.28468918  -0.07507508
   1.59929607  -0.07507508
   2.49822646  -0.07467467
   2.00202284  -0.07467467
   2.28804916  -0.07467467
   1.60539352  -0.07467467
   2.49944239  -0.07427427
   2.00446233  -0.07427427
   2.29142477  -0.07427427
   1.61148930  -0.07427427
   2.50065815  -0.07387387
   2.00690243  -0.07387387
   2.29481632  -0.07387387
   1.61758354  -0.07387387
   2.50187375  -0.07347347
   2.00934317  -0.07347347
   2.29822418  -0.07347347
   1.62367636  -0.07347347
   2.50308920  -0.07307307
   2.01178456  -0.07307307
   2.30164867  -0.07307307
   1.62976786  -0.07307307
   2.50430451  -0.07267267
   2.01422662  -0.07267267
   2.30509017  -0.07267267
   1.63585817  -0.07267267
   2.50551968  -0.07227227
   2.01666938  -0.07227227
   2.30854903  -0.07227227
   1.64194740  -0.07227227
   2.50673472  -0.07187187
   2.01911286  -0.07187187
   2.31202565  -0.07187187
   1.64803565  -0.07187187
   2.50794964  -0.07147147
   2.02155707  -0.07147147
   2.31552041  -0.07147147
   1.65412303  -0.07147147
   2.50916446  -0.07107107
   2.02400204  -0.07107107
   2.31903371  -0.07107107
   1.66020963  -0.07107107
   2.51037918  -0.07067067
   2.02644778  -0.07067067
   2.32256596  -0.07067067
   1.66629557  -0.07067067
   2.51159380  -0.07027027
   2.02889432  -0.07027027
   2.32611760  -0.07027027
   1.67238092  -0.07027027
   2.51280834  -0.06986987
   2.03134167  -0.06986987
   2.32968905  -0.06986987
   1.67846579  -0.06986987
   2.51402281  -0.06946947
   2.03378987  -0.06946947
   2.33328078  -0.06946947
   1.68455026  -0.06946947
   2.51523721  -0.06906907
   2.03623891  -0.06906907
   2.33689323  -0.06906907
   1.69063442  -0.06906907
   2.51645155  -0.06866867
   2.03868884  -0.06866867
   2.34052690  -0.06866867
   1.69671834  -0.06866867
   2.51766585  -0.06826827
   2.04113966  -0.06826827
   2.34418227  -0.06826827
   1.70280212  -0.06826827
   2.51888011  -0.06786787
   2.04359141  -0.06786787
   2.34785984  -0.06786787
   1.70888581  -0.06786787
   2.52009434  -0.06746747
   2.04604409  -0.06746747
   2.35156015  -0.06746747
   1.71496949  -0.06746747
   2.52130855  -0.06706707
   2.04849773  -0.06706707
   2.35528373  -0.06706707
   1.72105322  -0.06706707
   2.52252275  -0.06666667
   2.05095235  -0.06666667
   2.35903114  -0.06666667
   1.72713708  -0.06666667
   2.52373695  -0.06626627
   2.05340798  -0.06626627
   2.36280294  -0.06626627
   1.73322112  -0.06626627
   2.52495115  -0.06586587
   2.05586463  -0.06586587
   2.36659973  -0.06586587
   1.73930539  -0.06586587
   2.52616538  -0.06546547
   2.05832232  -0.06546547
   2.37042213  -0.06546547
   1.74538995  -0.06546547
   2.52737962  -0.06506507
   2.06078107  -0.06506507
   2.37427075  -0.06506507
   1.75147483  -0.06506507
   2.52859391  -0.06466466
   2.06324091  -0.06466466
   2.37814625  -0.06466466
   1.75756009  -0.06466466
   2.52980824  -0.06426426
   2.06570186  -0.06426426
   2.38204930  -0.06426426
   1.76364577  -0.06426426
   2.53102262  -0.06386386
   2.06816394  -0.06386386
   2.38598059  -0.06386386
   1.76973188  -0.06386386
   2.53223707  -0.06346346
   2.07062717  -0.06346346
   2.38994083  -0.06346346
   1.77581848  -0.06346346
   2.53345159  -0.06306306
   2.07309156  -0.06306306
   2.39393078  -0.06306306
   1.78190557  -0.06306306
   2.53466620  -0.06266266
   2.07555715  -0.06266266
   2.39795118  -0.06266266
   1.78799318  -0.06266266
   2.53588090  -0.06226226
   2.07802396  -0.06226226
   2.40200284  -0.06226226
   1.79408132  -0.06226226
   2.53709571  -0.06186186
   2.08049200  -0.06186186
   2.40608657  -0.06186186
   1.80017000  -0.06186186
   2.53831063  -0.06146146
   2.08296130  -0.06146146
   2.41020321  -0.06146146
   1.80625924  -0.06146146
   2.53952567  -0.06106106
   2.08543188  -0.06106106
   2.41435364  -0.06106106
   1.81234901  -0.06106106
   2.54074085  -0.06066066
   2.08790376  -0.06066066
   2.41853877  -0.06066066
   1.81843933  -0.06066066
   2.54195617  -0.06026026
   2.09037697  -0.06026026
   2.42275954  -0.06026026
   1.82453017  -0.06026026
   2.54317165  -0.05985986
   2.09285152  -0.05985986
   2.42701691  -0.05985986
   1.83062153  -0.05985986
   2.54438729  -0.05945946
   2.09532744  -0.05945946
   2.43131190  -0.05945946
   1.83671337  -0.05945946
   2.54560310  -0.05905906
   2.09780475  -0.05905906
   2.43564555  -0.05905906
   1.84280566  -0.05905906
   2.54681911  -0.05865866
   2.10028348  -0.05865866
   2.44001894  -0.05865866
   1.84889838  -0.05865866
   2.54803531  -0.05825826
   2.10276364  -0.05825826
   2.44443320  -0.05825826
   1.85499148  -0.05825826
   2.54925172  -0.05785786
   2.10524526  -0.05785786
   2.44888949  -0.05785786
   1.86108492  -0.05785786
   2.55046834  -0.05745746
   2.10772836  -0.05745746
   2.45338902  -0.05745746
   1.86717863  -0.05745746
   2.55168520  -0.05705706
   2.11021297  -0.05705706
   2.45793306  -0.05705706
   1.87327256  -0.05705706
   2.55290230  -0.05665666
   2.11269910  -0.05665666
   2.46252290  -0.05665666
   1.87936664  -0.05665666
   2.55411964  -0.05625626
   2.11518679  -0.05625626
   2.46715990  -0.05625626
   1.88546080  -0.05625626
   2.55533726  -0.05585586
   2.11767605  -0.05585586
   2.47184548  -0.05585586
   1.89155495  -0.05585586
   2.55655514  -0.05545546
   2.12016691  -0.05545546
   2.47658112  -0.05545546
   1.89764901  -0.05545546
   2.55777331  -0.05505506
   2.12265939  -0.05505506
   2.48136832  -0.05505506
   1.90374288  -0.05505506
   2.55899178  -0.05465465
   2.12515351  -0.05465465
   2.48620870  -0.05465465
   1.90983646  -0.05465465
   2.56021056  -0.05425425
   2.12764930  -0.05425425
   2.49110391  -0.05425425
   1.91592964  -0.05425425
   2.56142966  -0.05385385
   2.13014679  -0.05385385
   2.49605569  -0.05385385
   1.92202229  -0.05385385
   2.56264909  -0.05345345
   2.13264599  -0.05345345
   2.50106584  -0.05345345
   1.92811430  -0.05345345
   2.56386887  -0.05305305
   2.13514694  -0.05305305
   2.50613624  -0.05305305
   1.93420553  -0.05305305
   2.56508900  -0.05265265
   2.13764965  -0.05265265
   2.51126888  -0.05265265
   1.94029585  -0.05265265
   2.56630950  -0.05225225
   2.14015414  -0.05225225
   2.51646581  -0.05225225
   1.94638509  -0.05225225
   2.56753039  -0.05185185
   2.14266046  -0.05185185
   2.52172918  -0.05185185
   1.95247310  -0.05185185
   2.56875167  -0.05145145
   2.14516861  -0.05145145
   2.52706125  -0.05145145
   1.95855973  -0.05145145
   2.56997335  -0.05105105
   2.14767863  -0.05105105
   2.53246439  -0.05105105
   1.96464479  -0.05105105
   2.57119546  -0.05065065
   2.15019053  -0.05065065
   2.53794109  -0.05065065
   1.97072810  -0.05065065
   2.57241800  -0.05025025
   2.15270435  -0.05025025
   2.54349393  -0.05025025
   1.97680948  -0.05025025
   2.57364098  -0.04984985
   2.15522011  -0.04984985
   2.54912566  -0.04984985
   1.98288872  -0.04984985
   2.57486443  -0.04944945
   2.15773784  -0.04944945
   2.55483915  -0.04944945
   1.98896562  -0.04944945
   2.57608834  -0.04904905
   2.16025755  -0.04904905
   2.56063743  -0.04904905
   1.99503997  -0.04904905
   2.57731275  -0.04864865
   2.16277928  -0.04864865
   2.56652369  -0.04864865
   2.00111154  -0.04864865
   2.57853765  -0.04824825
   2.16530306  -0.04824825
   2.57250129  -0.04824825
   2.00718010  -0.04824825
   2.57976307  -0.04784785
   2.16782890  -0.04784785
   2.57857380  -0.04784785
   2.01324541  -0.04784785
   2.58098902  -0.04744745
   2.17035684  -0.04744745
   2.58474496  -0.04744745
   2.01930724  -0.04744745
   2.58221551  -0.04704705
   2.17288690  -0.04704705
   2.59101878  -0.04704705
   2.02536531  -0.04704705
   2.58344256  -0.04664665
   2.17541911  -0.04664665
   2.59739946  -0.04664665
   2.03141938  -0.04664665
   2.58467018  -0.04624625
   2.17795349  -0.04624625
   2.60389150  -0.04624625
   2.03746917  -0.04624625
   2.58589838  -0.04584585
   2.18049007  -0.04584585
   2.04351440  -0.04584585
   2.61049967  -0.04584585
   2.58712719  -0.04544545
   2.18302888  -0.04544545
   2.04955479  -0.04544545
   2.61722907  -0.04544545
   2.58835661  -0.04504505
   2.18556995  -0.04504505
   2.05559006  -0.04504505
   2.62408514  -0.04504505
   2.58958667  -0.04464464
   2.18811330  -0.04464464
   2.06161990  -0.04464464
   2.63107368  -0.04464464
   2.59081738  -0.04424424
   2.19065897  -0.04424424
   2.06764400  -0.04424424
   2.63820095  -0.04424424
   2.59204874  -0.04384384
   2.19320697  -0.04384384
   2.07366207  -0.04384384
   2.64547364  -0.04384384
   2.59328079  -0.04344344
   2.19575734  -0.04344344
   2.07967379  -0.04344344
   2.65289899  -0.04344344
   2.59451354  -0.04304304
   2.19831010  -0.04304304
   2.08567883  -0.04304304
   2.66048480  -0.04304304
   2.59574700  -0.04264264
   2.20086529  -0.04264264
   2.09167687  -0.04264264
   2.66823952  -0.04264264
   2.59698119  -0.04224224
   2.20342293  -0.04224224
   2.09766758  -0.04224224
   2.67617234  -0.04224224
   2.59821612  -0.04184184
   2.20598305  -0.04184184
   2.10365064  -0.04184184
   2.68429328  -0.04184184
   2.59945182  -0.04144144
   2.20854569  -0.04144144
   2.10962570  -0.04144144
   2.69261329  -0.04144144
   2.60068830  -0.04104104
   2.21111086  -0.04104104
   2.11559242  -0.04104104
   2.70114439  -0.04104104
   2.60192558  -0.04064064
   2.21367860  -0.04064064
   2.12155047  -0.04064064
   2.70989986  -0.04064064
   2.60316368  -0.04024024
   2.21624893  -0.04024024
   2.12749951  -0.04024024
   2.71889437  -0.04024024
   2.60440261  -0.03983984
   2.21882190  -0.03983984
   2.13343918  -0.03983984
   2.72814427  -0.03983984
   2.60564240  -0.03943944
   2.22139753  -0.03943944
   2.13936916  -0.03943944
   2.73766783  -0.03943944
   2.60688306  -0.03903904
   2.22397584  -0.03903904
   2.14528909  -0.03903904
   2.74748562  -0.03903904
   2.60812461  -0.03863864
   2.22655687  -0.03863864
   2.15119864  -0.03863864
   2.75762093  -0.03863864
   2.60936708  -0.03823824
   2.22914065  -0.03823824
   2.15709747  -0.03823824
   2.76810032  -0.03823824
   2.61061048  -0.03783784
   2.23172721  -0.03783784
   2.16298524  -0.03783784
   2.77895432  -0.03783784
   2.61185483  -0.03743744
   2.23431658  -0.03743744
   2.16886162  -0.03743744
   2.79021833  -0.03743744
   2.61310015  -0.03703704
   2.23690880  -0.03703704
   2.17472629  -0.03703704
   2.80193382  -0.03703704
   2.61434646  -0.03663664
   2.23950389  -0.03663664
   2.18057891  -0.03663664
   2.81414990  -0.03663664
   2.61559379  -0.03623624
   2.24210189  -0.03623624
   2.18641919  -0.03623624
   2.82692550  -0.03623624
   2.61684216  -0.03583584
   2.24470282  -0.03583584
   2.19224680  -0.03583584
   2.84033242  -0.03583584
   2.61809158  -0.03543544
   2.24730672  -0.03543544
   2.19806145  -0.03543544
   2.85445968  -0.03543544
   2.61934209  -0.03503504
   2.24991363  -0.03503504
   2.20386285  -0.03503504
   2.86941999  -0.03503504
   2.62059370  -0.03463463
   2.25252357  -0.03463463
   2.20965070  -0.03463463
   2.88535978  -0.03463463
   2.62184643  -0.03423423
   2.25513658  -0.03423423
   2.21542475  -0.03423423
   2.90247535  -0.03423423
   2.62310031  -0.03383383
   2.25775269  -0.03383383
   2.22118473  -0.03383383
   2.92104074  -0.03383383
   2.62435537  -0.03343343
   2.26037193  -0.03343343
   2.22693040  -0.03343343
   2.94145948  -0.03343343
   2.62561162  -0.03303303
   2.26299435  -0.03303303
   2.23266150  -0.03303303
   2.96437141  -0.03303303
   2.62686910  -0.03263263
   2.26561996  -0.03263263
   2.23837784  -0.03263263
   2.99090991  -0.03263263
   2.62812783  -0.03223223
   2.26824881  -0.03223223
   2.24407919  -0.03223223
   3.02349534  -0.03223223
   2.62938783  -0.03183183
   2.27088094  -0.03183183
   2.24976536  -0.03183183
   3.06995189  -0.03183183
   2.63064912  -0.03143143
   2.27351636  -0.03143143
   2.25543618  -0.03143143
   2.63191175  -0.03103103
   2.27615513  -0.03103103
   2.26109149  -0.03103103
   2.63317573  -0.03063063
   2.27879727  -0.03063063
   2.26673115  -0.03063063
   2.63444109  -0.03023023
   2.28144283  -0.03023023
   2.27235502  -0.03023023
   2.63570786  -0.02982983
   2.28409183  -0.02982983
   2.27796301  -0.02982983
   2.63697607  -0.02942943
   2.28674431  -0.02942943
   2.28355502  -0.02942943
   2.63824575  -0.02902903
   2.28940031  -0.02902903
   2.28913099  -0.02902903
   2.63951692  -0.02862863
   2.29205986  -0.02862863
   2.29469087  -0.02862863
   2.64078963  -0.02822823
   2.29472300  -0.02822823
   2.30023463  -0.02822823
   2.64206390  -0.02782783
   2.29738977  -0.02782783
   2.30576225  -0.02782783
   2.64333975  -0.02742743
   2.30006021  -0.02742743
   2.31127376  -0.02742743
   2.64461724  -0.02702703
   2.30273435  -0.02702703
   2.31676918  -0.02702703
   2.64589638  -0.02662663
   2.30541223  -0.02662663
   2.32224857  -0.02662663
   2.64717721  -0.02622623
   2.30809388  -0.02622623
   2.32771200  -0.02622623
   2.64845977  -0.02582583
   2.31077935  -0.02582583
   2.33315957  -0.02582583
   2.64974410  -0.02542543
   2.31346868  -0.02542543
   2.33859140  -0.02542543
   2.65103022  -0.02502503
   2.31616190  -0.02502503
   2.34400762  -0.02502503
   2.65231818  -0.02462462
   2.31885904  -0.02462462
   2.34940839  -0.02462462
   2.65360801  -0.02422422
   2.32156016  -0.02422422
   2.35479389  -0.02422422
   2.65489976  -0.02382382
   2.32426529  -0.02382382
   2.36016433  -0.02382382
   2.65619346  -0.02342342
   2.32697447  -0.02342342
   2.36551993  -0.02342342
   2.65748915  -0.02302302
   2.32968774  -0.02302302
   2.37086092  -0.02302302
   2.65878688  -0.02262262
   2.33240514  -0.02262262
   2.37618758  -0.02262262
   2.66008668  -0.02222222
   2.33512670  -0.02222222
   2.38150018  -0.02222222
   2.66138861  -0.02182182
   2.33785248  -0.02182182
   2.38679903  -0.02182182
   2.66269270  -0.02142142
   2.34058251  -0.02142142
   2.39208444  -0.02142142
   2.66399900  -0.02102102
   2.34331683  -0.02102102
   2.39735677  -0.02102102
   2.66530757  -0.02062062
   2.34605548  -0.02062062
   2.40261636  -0.02062062
   2.66661843  -0.02022022
   2.34879851  -0.02022022
   2.40786360  -0.02022022
   2.66793166  -0.01981982
   2.35154595  -0.01981982
   2.41309888  -0.01981982
   2.66924729  -0.01941942
   2.35429785  -0.01941942
   2.41832262  -0.01941942
   2.67056538  -0.01901902
   2.35705425  -0.01901902
   2.42353525  -0.01901902
   2.67188598  -0.01861862
   2.35981519  -0.01861862
   2.42873722  -0.01861862
   2.67320914  -0.01821822
   2.36258071  -0.01821822
   2.43392898  -0.01821822
   2.67453493  -0.01781782
   2.36535086  -0.01781782
   2.43911103  -0.01781782
   2.67586339  -0.01741742
   2.36812568  -0.01741742
   2.44428386  -0.01741742
   2.67719460  -0.01701702
   2.37090522  -0.01701702
   2.44944799  -0.01701702
   2.67852859  -0.01661662
   2.37368950  -0.01661662
   2.45460393  -0.01661662
   2.67986545  -0.01621622
   2.37647859  -0.01621622
   2.45975225  -0.01621622
   2.68120524  -0.01581582
   2.37927251  -0.01581582
   2.46489349  -0.01581582
   2.68254801  -0.01541542
   2.38207132  -0.01541542
   2.47002822  -0.01541542
   2.68389383  -0.01501502
   2.38487505  -0.01501502
   2.47515705  -0.01501502
   2.68524279  -0.01461461
   2.38768376  -0.01461461
   2.48028057  -0.01461461
   2.68659494  -0.01421421
   2.39049748  -0.01421421
   2.48539939  -0.01421421
   2.68795036  -0.01381381
   2.39331626  -0.01381381
   2.49051416  -0.01381381
   2.68930912  -0.01341341
   2.39614013  -0.01341341
   2.49562551  -0.01341341
   2.69067130  -0.01301301
   2.39896915  -0.01301301
   2.50073411  -0.01301301
   2.69203699  -0.01261261
   2.40180336  -0.01261261
   2.50584063  -0.01261261
   2.69340626  -0.01221221
   2.40464280  -0.01221221
   2.51094577  -0.01221221
   2.69477921  -0.01181181
   2.40748751  -0.01181181
   2.51605021  -0.01181181
   2.69615590  -0.01141141
   2.41033753  -0.01141141
   2.52115469  -0.01141141
   2.69753644  -0.01101101
   2.41319292  -0.01101101
   2.52625994  -0.01101101
   2.69892092  -0.01061061
   2.41605370  -0.01061061
   2.53136670  -0.01061061
   2.70030943  -0.01021021
   2.41891993  -0.01021021
   2.53647575  -0.01021021
   2.70170208  -0.00980981
   2.42179165  -0.00980981
   2.54158785  -0.00980981
   2.70309895  -0.00940941
   2.42466889  -0.00940941
   2.54670382  -0.00940941
   2.70450017  -0.00900901
   2.42755170  -0.00900901
   2.55182446  -0.00900901
   2.70590583  -0.00860861
   2.43044012  -0.00860861
   2.55695061  -0.00860861
   2.70731604  -0.00820821
   2.43333419  -0.00820821
   2.56208312  -0.00820821
   2.70873093  -0.00780781
   2.43623396  -0.00780781
   2.56722286  -0.00780781
   2.71015060  -0.00740741
   2.43913945  -0.00740741
   2.57237072  -0.00740741
   2.71157519  -0.00700701
   2.44205070  -0.00700701
   2.57752762  -0.00700701
   2.71300482  -0.00660661
   2.44496777  -0.00660661
   2.58269448  -0.00660661
   2.71443962  -0.00620621
   2.44789068  -0.00620621
   2.58787227  -0.00620621
   2.71587973  -0.00580581
   2.45081947  -0.00580581
   2.59306197  -0.00580581
   2.71732528  -0.00540541
   2.45375417  -0.00540541
   2.59826459  -0.00540541
   2.71877642  -0.00500501
   2.45669483  -0.00500501
   2.60348117  -0.00500501
   2.72023330  -0.00460460
   2.45964147  -0.00460460
   2.60871276  -0.00460460
   2.72169609  -0.00420420
   2.46259412  -0.00420420
   2.61396047  -0.00420420
   2.72316492  -0.00380380
   2.46555283  -0.00380380
   2.61922543  -0.00380380
   2.72463999  -0.00340340
   2.46851761  -0.00340340
   2.62450881  -0.00340340
   2.72612144  -0.00300300
   2.47148851  -0.00300300
   2.62981180  -0.00300300
   2.72760948  -0.00260260
   2.47446554  -0.00260260
   2.63513565  -0.00260260
   2.72910427  -0.00220220
   2.47744873  -0.00220220
   2.64048167  -0.00220220
   2.73060603  -0.00180180
   2.48043814  -0.00180180
   2.64585121  -0.00180180
   2.73211506  -0.00140140
   2.48343504  -0.00140140
   2.65124826  -0.00140140
   2.73363116  -0.00100100
   2.48643527  -0.00100100
   2.65666564  -0.00100100
   2.73515500  -0.00060060
   2.48944336  -0.00060060
   2.66211412  -0.00060060
   2.73668663  -0.00020020
   2.49245766  -0.00020020
   2.66759183  -0.00020020
   2.73822628   0.00020020
   2.49547821   0.00020020
   2.67310045   0.00020020
   2.73977420   0.00060060
   2.49850504   0.00060060
   2.67864169   0.00060060
   2.74133064   0.00100100
   2.50153815   0.00100100
   2.68421730   0.00100100
   2.74289586   0.00140140
   2.50457754   0.00140140
   2.68982912   0.00140140
   2.74447013   0.00180180
   2.50762322   0.00180180
   2.69547910   0.00180180
   2.74605372   0.00220220
   2.51067518   0.00220220
   2.70116926   0.00220220
   2.74764693   0.00260260
   2.51373342   0.00260260
   2.70690173   0.00260260
   2.74925007   0.00300300
   2.51679792   0.00300300
   2.71267875   0.00300300
   2.75086344   0.00340340
   2.51986866   0.00340340
   2.71850271   0.00340340
   2.75248739   0.00380380
   2.52294564   0.00380380
   2.72437610   0.00380380
   2.75412224   0.00420420
   2.52602882   0.00420420
   2.73030158   0.00420420
   2.75576837   0.00460460
   2.52911817   0.00460460
   2.73628198   0.00460460
   2.75742613   0.00500501
   2.53221366   0.00500501
   2.74232027   0.00500501
   2.75909593   0.00540541
   2.53531524   0.00540541
   2.74841966   0.00540541
   2.76077816   0.00580581
   2.53842287   0.00580581
   2.75458357   0.00580581
   2.76247324   0.00620621
   2.54153650   0.00620621
   2.76081563   0.00620621
   2.76418162   0.00660661
   2.54465605   0.00660661
   2.76711977   0.00660661
   2.76590376   0.00700701
   2.54778147   0.00700701
   2.77350021   0.00700701
   2.76764013   0.00740741
   2.55091268   0.00740741
   2.77996150   0.00740741
   2.76939123   0.00780781
   2.55404959   0.00780781
   2.78650855   0.00780781
   2.77115760   0.00820821
   2.55719211   0.00820821
   2.79314671   0.00820821
   2.77293975   0.00860861
   2.56034014   0.00860861
   2.79988180   0.00860861
   2.77473829   0.00900901
   2.56349357   0.00900901
   2.80672017   0.00900901
   2.77655381   0.00940941
   2.56665226   0.00940941
   2.81366878   0.00940941
   2.77838691   0.00980981
   2.56981610   0.00980981
   2.82073530   0.00980981
   2.78023827   0.01021021
   2.57298493   0.01021021
   2.82792821   0.01021021
   2.78210855   0.01061061
   2.57615860   0.01061061
   2.83525690   0.01061061
   2.78399848   0.01101101
   2.57933695   0.01101101
   2.84273188   0.01101101
   2.78590879   0.01141141
   2.58251978   0.01141141
   2.85036492   0.01141141
   2.78784026   0.01181181
   2.58570691   0.01181181
   2.85816930   0.01181181
   2.78979373   0.01221221
   2.58889811   0.01221221
   2.86616008   0.01221221
   2.79177003   0.01261261
   2.59209318   0.01261261
   2.87435453   0.01261261
   2.79377007   0.01301301
   2.59529187   0.01301301
   2.88277249   0.01301301
   2.79579479   0.01341341
   2.59849391   0.01341341
   2.89143706   0.01341341
   2.79784516   0.01381381
   2.60169905   0.01381381
   2.90037536   0.01381381
   2.79992222   0.01421421
   2.60490698   0.01421421
   2.90961957   0.01421421
   2.80202704   0.01461461
   2.60811739   0.01461461
   2.91920838   0.01461461
   2.80416076   0.01501502
   2.61132996   0.01501502
   2.92918904   0.01501502
   2.80632456   0.01541542
   2.61454434   0.01541542
   2.93962022   0.01541542
   2.80851967   0.01581582
   2.61776016   0.01581582
   2.95057632   0.01581582
   2.81074741   0.01621622
   2.62097702   0.01621622
   2.96215408   0.01621622
   2.81300914   0.01661662
   2.62419452   0.01661662
   2.97448335   0.01661662
   2.81530628   0.01701702
   2.62741223   0.01701702
   2.98774539   0.01701702
   2.81764034   0.01741742
   2.63062968   0.01741742
   3.00220696   0.01741742
   2.82001289   0.01781782
   2.63384641   0.01781782
   3.01829026   0.01781782
   2.82242559   0.01821822
   2.63706190   0.01821822
   3.03673986   0.01821822
   2.82488015   0.01861862
   2.64027564   0.01861862
   3.05913022   0.01861862
   2.82737841   0.01901902
   2.64348709   0.01901902
   3.09039579   0.01901902
   2.82992226   0.01941942
   2.64669566   0.01941942
   2.83251371   0.01981982
   2.64990077   0.01981982
   2.83515487   0.02022022
   2.65310181   0.02022022
   2.83784793   0.02062062
   2.65629813   0.02062062
   2.84059522   0.02102102
   2.65948908   0.02102102
   2.84339919   0.02142142
   2.66267399   0.02142142
   2.84626238   0.02182182
   2.66585214   0.02182182
   2.84918751   0.02222222
   2.66902284   0.02222222
   2.85217742   0.02262262
   2.67218535   0.02262262
   2.85523510   0.02302302
   2.67533891   0.02302302
   2.85836370   0.02342342
   2.67848279   0.02342342
   2.68161620   0.02382382
   2.86156658   0.02382382
   2.68473837   0.02422422
   2.86484725   0.02422422
   2.68784853   0.02462462
   2.86820946   0.02462462
   2.69094588   0.02502503
   2.87165716   0.02502503
   2.69402965   0.02542543
   2.87519457   0.02542543
   2.69709906   0.02582583
   2.87882618   0.02582583
   2.70015334   0.02622623
   2.88255676   0.02622623
   2.70319173   0.02662663
   2.88639145   0.02662663
   2.70621349   0.02702703
   2.89033574   0.02702703
   2.70921791   0.02742743
   2.89439557   0.02742743
   2.71220427   0.02782783
   2.89857735   0.02782783
   2.71517190   0.02822823
   2.90288805   0.02822823
   2.71812016   0.02862863
   2.90733525   0.02862863
   2.72104844   0.02902903
   2.91192729   0.02902903
   2.72395617   0.02942943
   2.91667336   0.02942943
   2.72684280   0.02982983
   2.92158365   0.02982983
   2.72970785   0.03023023
   2.92666953   0.03023023
   2.73255088   0.03063063
   2.93194379   0.03063063
   2.73537148   0.03103103
   2.93742094   0.03103103
   2.73816931   0.03143143
   2.94311756   0.03143143
   2.74094406   0.03183183
   2.94905279   0.03183183
   2.74369550   0.03223223
   2.95524895   0.03223223
   2.74642343   0.03263263
   2.96173242   0.03263263
   2.74912770   0.03303303
   2.96853471   0.03303303
   2.75180823   0.03343343
   2.97569412   0.03343343
   2.75446498   0.03383383
   2.98325803   0.03383383
   2.75709796   0.03423423
   2.99128623   0.03423423
   2.75970725   0.03463463
   2.99985613   0.03463463
   2.76229295   0.03503504
   3.00907113   0.03503504
   2.76485521   0.03543544
   3.01907475   0.03543544
   2.76739425   0.03583584
   3.03007681   0.03583584
   2.76991031   0.03623624
   3.04240637   0.03623624
   2.77240366   0.03663664
   3.05663626   0.03663664
   2.77487463   0.03703704
   3.07395129   0.03703704
   2.77732357   0.03743744
   3.09786862   0.03743744
   2.77975089   0.03783784
   2.78215696   0.03823824
   2.78454223   0.03863864
   2.78690717   0.03903904
   2.78925226   0.03943944
   2.79157800   0.03983984
   2.79388489   0.04024024
   2.79617347   0.04064064
   2.79844426   0.04104104
   2.80069782   0.04144144
   2.80293469   0.04184184
   2.80515542   0.04224224
   2.80736058   0.04264264
   2.80955071   0.04304304
   2.81172638   0.04344344
   2.81388815   0.04384384
   2.81603655   0.04424424
   2.81817215   0.04464464
   2.82029548   0.04504505
   2.82240709   0.04544545
   2.82450750   0.04584585
   2.82659725   0.04624625
   2.82867686   0.04664665
   2.83074683   0.04704705
   2.83280767   0.04744745
   2.83485988   0.04784785
   2.83690394   0.04824825
   2.83894035   0.04864865
   2.84096957   0.04904905
   2.84299206   0.04944945
   2.84500829   0.04984985
   2.84701871   0.05025025
   2.84902375   0.05065065
   2.85102386   0.05105105
   2.85301947   0.05145145
   2.85501098   0.05185185
   2.85699883   0.05225225
   2.85898342   0.05265265
   2.86096515   0.05305305
   2.86294442   0.05345345
   2.86492163   0.05385385
   2.86689715   0.05425425
   2.86887139   0.05465465
   2.87084470   0.05505506
   2.87281747   0.05545546
   2.87479008   0.05585586
   2.87676288   0.05625626
   2.87873626   0.05665666
   2.88071056   0.05705706
   2.88268616   0.05745746
   2.88466342   0.05785786
   2.88664270   0.05825826
   2.88862436   0.05865866
   2.89060876   0.05905906
   2.89259626   0.05945946
   2.89458723   0.05985986
   2.89658204   0.06026026
   2.89858104   0.06066066
   2.90058461   0.06106106
   2.90259312   0.06146146
   2.90460695   0.06186186
   2.90662649   0.06226226
   2.90865211   0.06266266
   2.91068421   0.06306306
   2.91272319   0.06346346
   2.91476946   0.06386386
   2.91682343   0.06426426
   2.91888553   0.06466466
   2.92095618   0.06506507
   2.92303584   0.06546547
   2.92512495   0.06586587
   2.92722398   0.06626627
   2.92933342   0.06666667
   2.93145376   0.06706707
   2.93358551   0.06746747
   2.93572920   0.06786787
   2.93788539   0.06826827
   2.94005463   0.06866867
   2.94223751   0.06906907
   2.94443466   0.06946947
   2.94664671   0.06986987
   2.94887432   0.07027027
   2.95111820   0.07067067
   2.95337907   0.07107107
   2.95565771   0.07147147
   2.95795491   0.07187187
   2.96027152   0.07227227
   2.96260843   0.07267267
   2.96496659   0.07307307
   2.96734699   0.07347347
   2.96975069   0.07387387
   2.97217881   0.07427427
   2.97463253   0.07467467
   2.97711315   0.07507508
   2.97962201   0.07547548
   2.98216057   0.07587588
   2.98473039   0.07627628
   2.98733316   0.07667668
   2.98997069   0.07707708
   2.99264496   0.07747748
   2.99535808   0.07787788
   2.99811238   0.07827828
   3.00091039   0.07867868
   3.00375490   0.07907908
   3.00664895   0.07947948
   3.00959591   0.07987988
   3.01259953   0.08028028
   3.01566396   0.08068068
   3.01879389   0.08108108
   3.02199456   0.08148148
   3.02527192   0.08188188
   3.02863276   0.08228228
   3.03208488   0.08268268
   3.03563732   0.08308308
   3.03930065   0.08348348
   3.04308735   0.08388388
   3.04701236   0.08428428
   3.05109380   0.08468468
   3.05535400   0.08508509
   3.05982102   0.08548549
   3.06453096   0.08588589
   3.06953157   0.08628629
   3.07488833   0.08668669
   3.08069532   0.08708709
   3.08709645   0.08748749
   3.09433271   0.08788789
   3.10286972   0.08828829
   3.11388512   0.08868869
   3.13541109   0.08908909
