   ----------  CPF-FILE  ----------
     1    3    2   14
    1.500000     -0.5073647E-01
   -12.68092      -2.832815       0.000000       0.000000    
    0.000000       0.000000       0.000000       0.000000    
    0.000000       0.000000       0.000000       0.000000    
    0.000000       0.000000       0.000000       0.000000    
    0.000000       0.000000      -56.98038      -15.54484    
    0.000000       0.000000       0.000000       0.000000    
    0.000000       0.000000       0.000000       0.000000    
    0.000000       0.000000       0.000000       0.000000    
    0.000000       0.000000      -56.98038      -15.54484    
    0.000000       0.000000       0.000000       0.000000    
    0.000000       0.000000       0.000000       0.000000    
    0.000000       0.000000       0.000000       0.000000    
   -56.98038      -15.54484       0.000000       0.000000    
    0.000000       0.000000       0.000000       0.000000    
    0.000000       0.000000       0.000000       0.000000    
   -46.17496      -1.649258       0.000000       0.000000    
    0.000000       0.000000       0.000000       0.000000    
    0.000000       0.000000      -46.17496      -1.649258    
    0.000000       0.000000       0.000000       0.000000    
    0.000000       0.000000      -46.17496      -1.649258    
    0.000000       0.000000       0.000000       0.000000    
   -46.17496      -1.649258       0.000000       0.000000    
   -46.17496      -1.649258    
   -9.275617      -6.586339       0.000000       0.000000    
    0.000000       0.000000       0.000000       0.000000    
    0.000000       0.000000       0.000000       0.000000    
    0.000000       0.000000       0.000000       0.000000    
    0.000000       0.000000      -35.90323      -27.94480    
    0.000000       0.000000       0.000000       0.000000    
    0.000000       0.000000       0.000000       0.000000    
    0.000000       0.000000       0.000000       0.000000    
    0.000000       0.000000      -35.90323      -27.94480    
    0.000000       0.000000       0.000000       0.000000    
    0.000000       0.000000       0.000000       0.000000    
    0.000000       0.000000       0.000000       0.000000    
   -35.90323      -27.94480       0.000000       0.000000    
    0.000000       0.000000       0.000000       0.000000    
    0.000000       0.000000       0.000000       0.000000    
   -45.89347      -5.010223       0.000000       0.000000    
    0.000000       0.000000       0.000000       0.000000    
    0.000000       0.000000      -45.89347      -5.010223    
    0.000000       0.000000       0.000000       0.000000    
    0.000000       0.000000      -45.89347      -5.010223    
    0.000000       0.000000       0.000000       0.000000    
   -45.89347      -5.010223       0.000000       0.000000    
   -45.89347      -5.010223    
   -5.518166      -7.448307       0.000000       0.000000    
    0.000000       0.000000       0.000000       0.000000    
    0.000000       0.000000       0.000000       0.000000    
    0.000000       0.000000       0.000000       0.000000    
    0.000000       0.000000      -21.52061      -25.27634    
    0.000000       0.000000       0.000000       0.000000    
    0.000000       0.000000       0.000000       0.000000    
    0.000000       0.000000       0.000000       0.000000    
    0.000000       0.000000      -21.52061      -25.27634    
    0.000000       0.000000       0.000000       0.000000    
    0.000000       0.000000       0.000000       0.000000    
    0.000000       0.000000       0.000000       0.000000    
   -21.52061      -25.27634       0.000000       0.000000    
    0.000000       0.000000       0.000000       0.000000    
    0.000000       0.000000       0.000000       0.000000    
   -45.28016      -8.562747       0.000000       0.000000    
    0.000000       0.000000       0.000000       0.000000    
    0.000000       0.000000      -45.28016      -8.562747    
    0.000000       0.000000       0.000000       0.000000    
    0.000000       0.000000      -45.28016      -8.562747    
    0.000000       0.000000       0.000000       0.000000    
   -45.28016      -8.562747       0.000000       0.000000    
   -45.28016      -8.562747    
   -2.805622      -6.830840       0.000000       0.000000    
    0.000000       0.000000       0.000000       0.000000    
    0.000000       0.000000       0.000000       0.000000    
    0.000000       0.000000       0.000000       0.000000    
    0.000000       0.000000      -14.26449      -20.25416    
    0.000000       0.000000       0.000000       0.000000    
    0.000000       0.000000       0.000000       0.000000    
    0.000000       0.000000       0.000000       0.000000    
    0.000000       0.000000      -14.26449      -20.25416    
    0.000000       0.000000       0.000000       0.000000    
    0.000000       0.000000       0.000000       0.000000    
    0.000000       0.000000       0.000000       0.000000    
   -14.26449      -20.25416       0.000000       0.000000    
    0.000000       0.000000       0.000000       0.000000    
    0.000000       0.000000       0.000000       0.000000    
   -44.21959      -12.44698       0.000000       0.000000    
    0.000000       0.000000       0.000000       0.000000    
    0.000000       0.000000      -44.21959      -12.44698    
    0.000000       0.000000       0.000000       0.000000    
    0.000000       0.000000      -44.21959      -12.44698    
    0.000000       0.000000       0.000000       0.000000    
   -44.21959      -12.44698       0.000000       0.000000    
   -44.21959      -12.44698    
   -1.067649      -5.768567       0.000000       0.000000    
    0.000000       0.000000       0.000000       0.000000    
    0.000000       0.000000       0.000000       0.000000    
    0.000000       0.000000       0.000000       0.000000    
    0.000000       0.000000      -10.50637      -15.82429    
    0.000000       0.000000       0.000000       0.000000    
    0.000000       0.000000       0.000000       0.000000    
    0.000000       0.000000       0.000000       0.000000    
    0.000000       0.000000      -10.50637      -15.82429    
    0.000000       0.000000       0.000000       0.000000    
    0.000000       0.000000       0.000000       0.000000    
    0.000000       0.000000       0.000000       0.000000    
   -10.50637      -15.82429       0.000000       0.000000    
    0.000000       0.000000       0.000000       0.000000    
    0.000000       0.000000       0.000000       0.000000    
   -42.49675      -16.81360       0.000000       0.000000    
    0.000000       0.000000       0.000000       0.000000    
    0.000000       0.000000      -42.49675      -16.81360    
    0.000000       0.000000       0.000000       0.000000    
    0.000000       0.000000      -42.49675      -16.81360    
    0.000000       0.000000       0.000000       0.000000    
   -42.49675      -16.81360       0.000000       0.000000    
   -42.49675      -16.81360    
   0.2071159E-01  -4.671072       0.000000       0.000000    
    0.000000       0.000000       0.000000       0.000000    
    0.000000       0.000000       0.000000       0.000000    
    0.000000       0.000000       0.000000       0.000000    
    0.000000       0.000000      -8.426549      -12.24000    
    0.000000       0.000000       0.000000       0.000000    
    0.000000       0.000000       0.000000       0.000000    
    0.000000       0.000000       0.000000       0.000000    
    0.000000       0.000000      -8.426549      -12.24000    
    0.000000       0.000000       0.000000       0.000000    
    0.000000       0.000000       0.000000       0.000000    
    0.000000       0.000000       0.000000       0.000000    
   -8.426549      -12.24000       0.000000       0.000000    
    0.000000       0.000000       0.000000       0.000000    
    0.000000       0.000000       0.000000       0.000000    
   -39.73351      -21.79977       0.000000       0.000000    
    0.000000       0.000000       0.000000       0.000000    
    0.000000       0.000000      -39.73351      -21.79977    
    0.000000       0.000000       0.000000       0.000000    
    0.000000       0.000000      -39.73351      -21.79977    
    0.000000       0.000000       0.000000       0.000000    
   -39.73351      -21.79977       0.000000       0.000000    
   -39.73351      -21.79977    
   0.7022901      -3.665706       0.000000       0.000000    
    0.000000       0.000000       0.000000       0.000000    
    0.000000       0.000000       0.000000       0.000000    
    0.000000       0.000000       0.000000       0.000000    
    0.000000       0.000000      -7.216319      -9.343591    
    0.000000       0.000000       0.000000       0.000000    
    0.000000       0.000000       0.000000       0.000000    
    0.000000       0.000000       0.000000       0.000000    
    0.000000       0.000000      -7.216319      -9.343591    
    0.000000       0.000000       0.000000       0.000000    
    0.000000       0.000000       0.000000       0.000000    
    0.000000       0.000000       0.000000       0.000000    
   -7.216319      -9.343591       0.000000       0.000000    
    0.000000       0.000000       0.000000       0.000000    
    0.000000       0.000000       0.000000       0.000000    
   -35.28962      -27.43785       0.000000       0.000000    
    0.000000       0.000000       0.000000       0.000000    
    0.000000       0.000000      -35.28962      -27.43785    
    0.000000       0.000000       0.000000       0.000000    
    0.000000       0.000000      -35.28962      -27.43785    
    0.000000       0.000000       0.000000       0.000000    
   -35.28962      -27.43785       0.000000       0.000000    
   -35.28962      -27.43785    
    1.127017      -2.782906       0.000000       0.000000    
    0.000000       0.000000       0.000000       0.000000    
    0.000000       0.000000       0.000000       0.000000    
    0.000000       0.000000       0.000000       0.000000    
    0.000000       0.000000      -6.494987      -6.974873    
    0.000000       0.000000       0.000000       0.000000    
    0.000000       0.000000       0.000000       0.000000    
    0.000000       0.000000       0.000000       0.000000    
    0.000000       0.000000      -6.494987      -6.974873    
    0.000000       0.000000       0.000000       0.000000    
    0.000000       0.000000       0.000000       0.000000    
    0.000000       0.000000       0.000000       0.000000    
   -6.494987      -6.974873       0.000000       0.000000    
    0.000000       0.000000       0.000000       0.000000    
    0.000000       0.000000       0.000000       0.000000    
   -28.16896      -33.39627       0.000000       0.000000    
    0.000000       0.000000       0.000000       0.000000    
    0.000000       0.000000      -28.16896      -33.39627    
    0.000000       0.000000       0.000000       0.000000    
    0.000000       0.000000      -28.16896      -33.39627    
    0.000000       0.000000       0.000000       0.000000    
   -28.16896      -33.39627       0.000000       0.000000    
   -28.16896      -33.39627    
    1.385752      -2.024790       0.000000       0.000000    
    0.000000       0.000000       0.000000       0.000000    
    0.000000       0.000000       0.000000       0.000000    
    0.000000       0.000000       0.000000       0.000000    
    0.000000       0.000000      -6.067265      -5.023647    
    0.000000       0.000000       0.000000       0.000000    
    0.000000       0.000000       0.000000       0.000000    
    0.000000       0.000000       0.000000       0.000000    
    0.000000       0.000000      -6.067265      -5.023647    
    0.000000       0.000000       0.000000       0.000000    
    0.000000       0.000000       0.000000       0.000000    
    0.000000       0.000000       0.000000       0.000000    
   -6.067265      -5.023647       0.000000       0.000000    
    0.000000       0.000000       0.000000       0.000000    
    0.000000       0.000000       0.000000       0.000000    
   -17.17354      -38.41659       0.000000       0.000000    
    0.000000       0.000000       0.000000       0.000000    
    0.000000       0.000000      -17.17354      -38.41659    
    0.000000       0.000000       0.000000       0.000000    
    0.000000       0.000000      -17.17354      -38.41659    
    0.000000       0.000000       0.000000       0.000000    
   -17.17354      -38.41659       0.000000       0.000000    
   -17.17354      -38.41659    
    1.535695      -1.387893       0.000000       0.000000    
    0.000000       0.000000       0.000000       0.000000    
    0.000000       0.000000       0.000000       0.000000    
    0.000000       0.000000       0.000000       0.000000    
    0.000000       0.000000      -5.823311      -3.423466    
    0.000000       0.000000       0.000000       0.000000    
    0.000000       0.000000       0.000000       0.000000    
    0.000000       0.000000       0.000000       0.000000    
    0.000000       0.000000      -5.823311      -3.423466    
    0.000000       0.000000       0.000000       0.000000    
    0.000000       0.000000       0.000000       0.000000    
    0.000000       0.000000       0.000000       0.000000    
   -5.823311      -3.423466       0.000000       0.000000    
    0.000000       0.000000       0.000000       0.000000    
    0.000000       0.000000       0.000000       0.000000    
   -1.984592      -39.70069       0.000000       0.000000    
    0.000000       0.000000       0.000000       0.000000    
    0.000000       0.000000      -1.984592      -39.70069    
    0.000000       0.000000       0.000000       0.000000    
    0.000000       0.000000      -1.984592      -39.70069    
    0.000000       0.000000       0.000000       0.000000    
   -1.984592      -39.70069       0.000000       0.000000    
   -1.984592      -39.70069    
    1.615120     -0.8698917       0.000000       0.000000    
    0.000000       0.000000       0.000000       0.000000    
    0.000000       0.000000       0.000000       0.000000    
    0.000000       0.000000       0.000000       0.000000    
    0.000000       0.000000      -5.695232      -2.139153    
    0.000000       0.000000       0.000000       0.000000    
    0.000000       0.000000       0.000000       0.000000    
    0.000000       0.000000       0.000000       0.000000    
    0.000000       0.000000      -5.695232      -2.139153    
    0.000000       0.000000       0.000000       0.000000    
    0.000000       0.000000       0.000000       0.000000    
    0.000000       0.000000       0.000000       0.000000    
   -5.695232      -2.139153       0.000000       0.000000    
    0.000000       0.000000       0.000000       0.000000    
    0.000000       0.000000       0.000000       0.000000    
    14.60699      -34.03571       0.000000       0.000000    
    0.000000       0.000000       0.000000       0.000000    
    0.000000       0.000000       14.60699      -34.03571    
    0.000000       0.000000       0.000000       0.000000    
    0.000000       0.000000       14.60699      -34.03571    
    0.000000       0.000000       0.000000       0.000000    
    14.60699      -34.03571       0.000000       0.000000    
    14.60699      -34.03571    
    1.651174     -0.4708078       0.000000       0.000000    
    0.000000       0.000000       0.000000       0.000000    
    0.000000       0.000000       0.000000       0.000000    
    0.000000       0.000000       0.000000       0.000000    
    0.000000       0.000000      -5.637353      -1.156155    
    0.000000       0.000000       0.000000       0.000000    
    0.000000       0.000000       0.000000       0.000000    
    0.000000       0.000000       0.000000       0.000000    
    0.000000       0.000000      -5.637353      -1.156155    
    0.000000       0.000000       0.000000       0.000000    
    0.000000       0.000000       0.000000       0.000000    
    0.000000       0.000000       0.000000       0.000000    
   -5.637353      -1.156155       0.000000       0.000000    
    0.000000       0.000000       0.000000       0.000000    
    0.000000       0.000000       0.000000       0.000000    
    26.97331      -22.11306       0.000000       0.000000    
    0.000000       0.000000       0.000000       0.000000    
    0.000000       0.000000       26.97331      -22.11306    
    0.000000       0.000000       0.000000       0.000000    
    0.000000       0.000000       26.97331      -22.11306    
    0.000000       0.000000       0.000000       0.000000    
    26.97331      -22.11306       0.000000       0.000000    
    26.97331      -22.11306    
    1.663577     -0.1923299       0.000000       0.000000    
    0.000000       0.000000       0.000000       0.000000    
    0.000000       0.000000       0.000000       0.000000    
    0.000000       0.000000       0.000000       0.000000    
    0.000000       0.000000      -5.617478     -0.4720759    
    0.000000       0.000000       0.000000       0.000000    
    0.000000       0.000000       0.000000       0.000000    
    0.000000       0.000000       0.000000       0.000000    
    0.000000       0.000000      -5.617478     -0.4720759    
    0.000000       0.000000       0.000000       0.000000    
    0.000000       0.000000       0.000000       0.000000    
    0.000000       0.000000       0.000000       0.000000    
   -5.617478     -0.4720759       0.000000       0.000000    
    0.000000       0.000000       0.000000       0.000000    
    0.000000       0.000000       0.000000       0.000000    
    32.45844      -9.702406       0.000000       0.000000    
    0.000000       0.000000       0.000000       0.000000    
    0.000000       0.000000       32.45844      -9.702406    
    0.000000       0.000000       0.000000       0.000000    
    0.000000       0.000000       32.45844      -9.702406    
    0.000000       0.000000       0.000000       0.000000    
    32.45844      -9.702406       0.000000       0.000000    
    32.45844      -9.702406    
    1.665969     -0.3659092E-01   0.000000       0.000000    
    0.000000       0.000000       0.000000       0.000000    
    0.000000       0.000000       0.000000       0.000000    
    0.000000       0.000000       0.000000       0.000000    
    0.000000       0.000000      -5.613647     -0.8980455E-01
    0.000000       0.000000       0.000000       0.000000    
    0.000000       0.000000       0.000000       0.000000    
    0.000000       0.000000       0.000000       0.000000    
    0.000000       0.000000      -5.613647     -0.8980455E-01
    0.000000       0.000000       0.000000       0.000000    
    0.000000       0.000000       0.000000       0.000000    
    0.000000       0.000000       0.000000       0.000000    
   -5.613647     -0.8980455E-01   0.000000       0.000000    
    0.000000       0.000000       0.000000       0.000000    
    0.000000       0.000000       0.000000       0.000000    
    33.61115      -1.872638       0.000000       0.000000    
    0.000000       0.000000       0.000000       0.000000    
    0.000000       0.000000       33.61115      -1.872638    
    0.000000       0.000000       0.000000       0.000000    
    0.000000       0.000000       33.61115      -1.872638    
    0.000000       0.000000       0.000000       0.000000    
    33.61115      -1.872638       0.000000       0.000000    
    33.61115      -1.872638    
   -12.68092      -2.832815       0.000000       0.000000    
    0.000000       0.000000       0.000000       0.000000    
    0.000000       0.000000       0.000000       0.000000    
    0.000000       0.000000       0.000000       0.000000    
    0.000000       0.000000      -56.98038      -15.54484    
    0.000000       0.000000       0.000000       0.000000    
    0.000000       0.000000       0.000000       0.000000    
    0.000000       0.000000       0.000000       0.000000    
    0.000000       0.000000      -56.98038      -15.54484    
    0.000000       0.000000       0.000000       0.000000    
    0.000000       0.000000       0.000000       0.000000    
    0.000000       0.000000       0.000000       0.000000    
   -56.98038      -15.54484       0.000000       0.000000    
    0.000000       0.000000       0.000000       0.000000    
    0.000000       0.000000       0.000000       0.000000    
   -46.17496      -1.649258       0.000000       0.000000    
    0.000000       0.000000       0.000000       0.000000    
    0.000000       0.000000      -46.17496      -1.649258    
    0.000000       0.000000       0.000000       0.000000    
    0.000000       0.000000      -46.17496      -1.649258    
    0.000000       0.000000       0.000000       0.000000    
   -46.17496      -1.649258       0.000000       0.000000    
   -46.17496      -1.649258    
   -9.275617      -6.586339       0.000000       0.000000    
    0.000000       0.000000       0.000000       0.000000    
    0.000000       0.000000       0.000000       0.000000    
    0.000000       0.000000       0.000000       0.000000    
    0.000000       0.000000      -35.90323      -27.94480    
    0.000000       0.000000       0.000000       0.000000    
    0.000000       0.000000       0.000000       0.000000    
    0.000000       0.000000       0.000000       0.000000    
    0.000000       0.000000      -35.90323      -27.94480    
    0.000000       0.000000       0.000000       0.000000    
    0.000000       0.000000       0.000000       0.000000    
    0.000000       0.000000       0.000000       0.000000    
   -35.90323      -27.94480       0.000000       0.000000    
    0.000000       0.000000       0.000000       0.000000    
    0.000000       0.000000       0.000000       0.000000    
   -45.89347      -5.010223       0.000000       0.000000    
    0.000000       0.000000       0.000000       0.000000    
    0.000000       0.000000      -45.89347      -5.010223    
    0.000000       0.000000       0.000000       0.000000    
    0.000000       0.000000      -45.89347      -5.010223    
    0.000000       0.000000       0.000000       0.000000    
   -45.89347      -5.010223       0.000000       0.000000    
   -45.89347      -5.010223    
   -5.518166      -7.448307       0.000000       0.000000    
    0.000000       0.000000       0.000000       0.000000    
    0.000000       0.000000       0.000000       0.000000    
    0.000000       0.000000       0.000000       0.000000    
    0.000000       0.000000      -21.52061      -25.27634    
    0.000000       0.000000       0.000000       0.000000    
    0.000000       0.000000       0.000000       0.000000    
    0.000000       0.000000       0.000000       0.000000    
    0.000000       0.000000      -21.52061      -25.27634    
    0.000000       0.000000       0.000000       0.000000    
    0.000000       0.000000       0.000000       0.000000    
    0.000000       0.000000       0.000000       0.000000    
   -21.52061      -25.27634       0.000000       0.000000    
    0.000000       0.000000       0.000000       0.000000    
    0.000000       0.000000       0.000000       0.000000    
   -45.28016      -8.562747       0.000000       0.000000    
    0.000000       0.000000       0.000000       0.000000    
    0.000000       0.000000      -45.28016      -8.562747    
    0.000000       0.000000       0.000000       0.000000    
    0.000000       0.000000      -45.28016      -8.562747    
    0.000000       0.000000       0.000000       0.000000    
   -45.28016      -8.562747       0.000000       0.000000    
   -45.28016      -8.562747    
   -2.805622      -6.830840       0.000000       0.000000    
    0.000000       0.000000       0.000000       0.000000    
    0.000000       0.000000       0.000000       0.000000    
    0.000000       0.000000       0.000000       0.000000    
    0.000000       0.000000      -14.26449      -20.25416    
    0.000000       0.000000       0.000000       0.000000    
    0.000000       0.000000       0.000000       0.000000    
    0.000000       0.000000       0.000000       0.000000    
    0.000000       0.000000      -14.26449      -20.25416    
    0.000000       0.000000       0.000000       0.000000    
    0.000000       0.000000       0.000000       0.000000    
    0.000000       0.000000       0.000000       0.000000    
   -14.26449      -20.25416       0.000000       0.000000    
    0.000000       0.000000       0.000000       0.000000    
    0.000000       0.000000       0.000000       0.000000    
   -44.21959      -12.44698       0.000000       0.000000    
    0.000000       0.000000       0.000000       0.000000    
    0.000000       0.000000      -44.21959      -12.44698    
    0.000000       0.000000       0.000000       0.000000    
    0.000000       0.000000      -44.21959      -12.44698    
    0.000000       0.000000       0.000000       0.000000    
   -44.21959      -12.44698       0.000000       0.000000    
   -44.21959      -12.44698    
   -1.067649      -5.768567       0.000000       0.000000    
    0.000000       0.000000       0.000000       0.000000    
    0.000000       0.000000       0.000000       0.000000    
    0.000000       0.000000       0.000000       0.000000    
    0.000000       0.000000      -10.50637      -15.82429    
    0.000000       0.000000       0.000000       0.000000    
    0.000000       0.000000       0.000000       0.000000    
    0.000000       0.000000       0.000000       0.000000    
    0.000000       0.000000      -10.50637      -15.82429    
    0.000000       0.000000       0.000000       0.000000    
    0.000000       0.000000       0.000000       0.000000    
    0.000000       0.000000       0.000000       0.000000    
   -10.50637      -15.82429       0.000000       0.000000    
    0.000000       0.000000       0.000000       0.000000    
    0.000000       0.000000       0.000000       0.000000    
   -42.49675      -16.81360       0.000000       0.000000    
    0.000000       0.000000       0.000000       0.000000    
    0.000000       0.000000      -42.49675      -16.81360    
    0.000000       0.000000       0.000000       0.000000    
    0.000000       0.000000      -42.49675      -16.81360    
    0.000000       0.000000       0.000000       0.000000    
   -42.49675      -16.81360       0.000000       0.000000    
   -42.49675      -16.81360    
   0.2071159E-01  -4.671072       0.000000       0.000000    
    0.000000       0.000000       0.000000       0.000000    
    0.000000       0.000000       0.000000       0.000000    
    0.000000       0.000000       0.000000       0.000000    
    0.000000       0.000000      -8.426549      -12.24000    
    0.000000       0.000000       0.000000       0.000000    
    0.000000       0.000000       0.000000       0.000000    
    0.000000       0.000000       0.000000       0.000000    
    0.000000       0.000000      -8.426549      -12.24000    
    0.000000       0.000000       0.000000       0.000000    
    0.000000       0.000000       0.000000       0.000000    
    0.000000       0.000000       0.000000       0.000000    
   -8.426549      -12.24000       0.000000       0.000000    
    0.000000       0.000000       0.000000       0.000000    
    0.000000       0.000000       0.000000       0.000000    
   -39.73351      -21.79977       0.000000       0.000000    
    0.000000       0.000000       0.000000       0.000000    
    0.000000       0.000000      -39.73351      -21.79977    
    0.000000       0.000000       0.000000       0.000000    
    0.000000       0.000000      -39.73351      -21.79977    
    0.000000       0.000000       0.000000       0.000000    
   -39.73351      -21.79977       0.000000       0.000000    
   -39.73351      -21.79977    
   0.7022901      -3.665706       0.000000       0.000000    
    0.000000       0.000000       0.000000       0.000000    
    0.000000       0.000000       0.000000       0.000000    
    0.000000       0.000000       0.000000       0.000000    
    0.000000       0.000000      -7.216319      -9.343591    
    0.000000       0.000000       0.000000       0.000000    
    0.000000       0.000000       0.000000       0.000000    
    0.000000       0.000000       0.000000       0.000000    
    0.000000       0.000000      -7.216319      -9.343591    
    0.000000       0.000000       0.000000       0.000000    
    0.000000       0.000000       0.000000       0.000000    
    0.000000       0.000000       0.000000       0.000000    
   -7.216319      -9.343591       0.000000       0.000000    
    0.000000       0.000000       0.000000       0.000000    
    0.000000       0.000000       0.000000       0.000000    
   -35.28962      -27.43785       0.000000       0.000000    
    0.000000       0.000000       0.000000       0.000000    
    0.000000       0.000000      -35.28962      -27.43785    
    0.000000       0.000000       0.000000       0.000000    
    0.000000       0.000000      -35.28962      -27.43785    
    0.000000       0.000000       0.000000       0.000000    
   -35.28962      -27.43785       0.000000       0.000000    
   -35.28962      -27.43785    
    1.127017      -2.782906       0.000000       0.000000    
    0.000000       0.000000       0.000000       0.000000    
    0.000000       0.000000       0.000000       0.000000    
    0.000000       0.000000       0.000000       0.000000    
    0.000000       0.000000      -6.494987      -6.974873    
    0.000000       0.000000       0.000000       0.000000    
    0.000000       0.000000       0.000000       0.000000    
    0.000000       0.000000       0.000000       0.000000    
    0.000000       0.000000      -6.494987      -6.974873    
    0.000000       0.000000       0.000000       0.000000    
    0.000000       0.000000       0.000000       0.000000    
    0.000000       0.000000       0.000000       0.000000    
   -6.494987      -6.974873       0.000000       0.000000    
    0.000000       0.000000       0.000000       0.000000    
    0.000000       0.000000       0.000000       0.000000    
   -28.16896      -33.39627       0.000000       0.000000    
    0.000000       0.000000       0.000000       0.000000    
    0.000000       0.000000      -28.16896      -33.39627    
    0.000000       0.000000       0.000000       0.000000    
    0.000000       0.000000      -28.16896      -33.39627    
    0.000000       0.000000       0.000000       0.000000    
   -28.16896      -33.39627       0.000000       0.000000    
   -28.16896      -33.39627    
    1.385752      -2.024790       0.000000       0.000000    
    0.000000       0.000000       0.000000       0.000000    
    0.000000       0.000000       0.000000       0.000000    
    0.000000       0.000000       0.000000       0.000000    
    0.000000       0.000000      -6.067265      -5.023647    
    0.000000       0.000000       0.000000       0.000000    
    0.000000       0.000000       0.000000       0.000000    
    0.000000       0.000000       0.000000       0.000000    
    0.000000       0.000000      -6.067265      -5.023647    
    0.000000       0.000000       0.000000       0.000000    
    0.000000       0.000000       0.000000       0.000000    
    0.000000       0.000000       0.000000       0.000000    
   -6.067265      -5.023647       0.000000       0.000000    
    0.000000       0.000000       0.000000       0.000000    
    0.000000       0.000000       0.000000       0.000000    
   -17.17354      -38.41659       0.000000       0.000000    
    0.000000       0.000000       0.000000       0.000000    
    0.000000       0.000000      -17.17354      -38.41659    
    0.000000       0.000000       0.000000       0.000000    
    0.000000       0.000000      -17.17354      -38.41659    
    0.000000       0.000000       0.000000       0.000000    
   -17.17354      -38.41659       0.000000       0.000000    
   -17.17354      -38.41659    
    1.535695      -1.387893       0.000000       0.000000    
    0.000000       0.000000       0.000000       0.000000    
    0.000000       0.000000       0.000000       0.000000    
    0.000000       0.000000       0.000000       0.000000    
    0.000000       0.000000      -5.823311      -3.423466    
    0.000000       0.000000       0.000000       0.000000    
    0.000000       0.000000       0.000000       0.000000    
    0.000000       0.000000       0.000000       0.000000    
    0.000000       0.000000      -5.823311      -3.423466    
    0.000000       0.000000       0.000000       0.000000    
    0.000000       0.000000       0.000000       0.000000    
    0.000000       0.000000       0.000000       0.000000    
   -5.823311      -3.423466       0.000000       0.000000    
    0.000000       0.000000       0.000000       0.000000    
    0.000000       0.000000       0.000000       0.000000    
   -1.984592      -39.70069       0.000000       0.000000    
    0.000000       0.000000       0.000000       0.000000    
    0.000000       0.000000      -1.984592      -39.70069    
    0.000000       0.000000       0.000000       0.000000    
    0.000000       0.000000      -1.984592      -39.70069    
    0.000000       0.000000       0.000000       0.000000    
   -1.984592      -39.70069       0.000000       0.000000    
   -1.984592      -39.70069    
    1.615120     -0.8698917       0.000000       0.000000    
    0.000000       0.000000       0.000000       0.000000    
    0.000000       0.000000       0.000000       0.000000    
    0.000000       0.000000       0.000000       0.000000    
    0.000000       0.000000      -5.695232      -2.139153    
    0.000000       0.000000       0.000000       0.000000    
    0.000000       0.000000       0.000000       0.000000    
    0.000000       0.000000       0.000000       0.000000    
    0.000000       0.000000      -5.695232      -2.139153    
    0.000000       0.000000       0.000000       0.000000    
    0.000000       0.000000       0.000000       0.000000    
    0.000000       0.000000       0.000000       0.000000    
   -5.695232      -2.139153       0.000000       0.000000    
    0.000000       0.000000       0.000000       0.000000    
    0.000000       0.000000       0.000000       0.000000    
    14.60699      -34.03571       0.000000       0.000000    
    0.000000       0.000000       0.000000       0.000000    
    0.000000       0.000000       14.60699      -34.03571    
    0.000000       0.000000       0.000000       0.000000    
    0.000000       0.000000       14.60699      -34.03571    
    0.000000       0.000000       0.000000       0.000000    
    14.60699      -34.03571       0.000000       0.000000    
    14.60699      -34.03571    
    1.651174     -0.4708078       0.000000       0.000000    
    0.000000       0.000000       0.000000       0.000000    
    0.000000       0.000000       0.000000       0.000000    
    0.000000       0.000000       0.000000       0.000000    
    0.000000       0.000000      -5.637353      -1.156155    
    0.000000       0.000000       0.000000       0.000000    
    0.000000       0.000000       0.000000       0.000000    
    0.000000       0.000000       0.000000       0.000000    
    0.000000       0.000000      -5.637353      -1.156155    
    0.000000       0.000000       0.000000       0.000000    
    0.000000       0.000000       0.000000       0.000000    
    0.000000       0.000000       0.000000       0.000000    
   -5.637353      -1.156155       0.000000       0.000000    
    0.000000       0.000000       0.000000       0.000000    
    0.000000       0.000000       0.000000       0.000000    
    26.97331      -22.11306       0.000000       0.000000    
    0.000000       0.000000       0.000000       0.000000    
    0.000000       0.000000       26.97331      -22.11306    
    0.000000       0.000000       0.000000       0.000000    
    0.000000       0.000000       26.97331      -22.11306    
    0.000000       0.000000       0.000000       0.000000    
    26.97331      -22.11306       0.000000       0.000000    
    26.97331      -22.11306    
    1.663577     -0.1923299       0.000000       0.000000    
    0.000000       0.000000       0.000000       0.000000    
    0.000000       0.000000       0.000000       0.000000    
    0.000000       0.000000       0.000000       0.000000    
    0.000000       0.000000      -5.617478     -0.4720759    
    0.000000       0.000000       0.000000       0.000000    
    0.000000       0.000000       0.000000       0.000000    
    0.000000       0.000000       0.000000       0.000000    
    0.000000       0.000000      -5.617478     -0.4720759    
    0.000000       0.000000       0.000000       0.000000    
    0.000000       0.000000       0.000000       0.000000    
    0.000000       0.000000       0.000000       0.000000    
   -5.617478     -0.4720759       0.000000       0.000000    
    0.000000       0.000000       0.000000       0.000000    
    0.000000       0.000000       0.000000       0.000000    
    32.45844      -9.702406       0.000000       0.000000    
    0.000000       0.000000       0.000000       0.000000    
    0.000000       0.000000       32.45844      -9.702406    
    0.000000       0.000000       0.000000       0.000000    
    0.000000       0.000000       32.45844      -9.702406    
    0.000000       0.000000       0.000000       0.000000    
    32.45844      -9.702406       0.000000       0.000000    
    32.45844      -9.702406    
    1.665969     -0.3659092E-01   0.000000       0.000000    
    0.000000       0.000000       0.000000       0.000000    
    0.000000       0.000000       0.000000       0.000000    
    0.000000       0.000000       0.000000       0.000000    
    0.000000       0.000000      -5.613647     -0.8980455E-01
    0.000000       0.000000       0.000000       0.000000    
    0.000000       0.000000       0.000000       0.000000    
    0.000000       0.000000       0.000000       0.000000    
    0.000000       0.000000      -5.613647     -0.8980455E-01
    0.000000       0.000000       0.000000       0.000000    
    0.000000       0.000000       0.000000       0.000000    
    0.000000       0.000000       0.000000       0.000000    
   -5.613647     -0.8980455E-01   0.000000       0.000000    
    0.000000       0.000000       0.000000       0.000000    
    0.000000       0.000000       0.000000       0.000000    
    33.61115      -1.872638       0.000000       0.000000    
    0.000000       0.000000       0.000000       0.000000    
    0.000000       0.000000       33.61115      -1.872638    
    0.000000       0.000000       0.000000       0.000000    
    0.000000       0.000000       33.61115      -1.872638    
    0.000000       0.000000       0.000000       0.000000    
    33.61115      -1.872638       0.000000       0.000000    
    33.61115      -1.872638    
   --------------------------------
