#  Bulk results for: Fe, IVXC=0, NK=   50
     3                                                      # NL
   0.3484850      0.5303000E-01  0.1071400E-01
    26.00000       2.615170       2.615170                  # AZ, WSR
  -0.6038496E-01   2.611852                                  # Fermi.En, Mag.Mom
   0.0000000E+00                                            # Pot.Shift
     0                                                      # SW
     2                                                      # NS
   400                                                      #     Fe     IS=1
    0.000000      -2599815.      -1281033.      -841619.3    
   -622046.3      -490407.8      -402735.5      -340185.4    
   -293336.0      -256952.8      -227895.2      -204164.7    
   -184429.0      -167765.6      -153515.8      -141196.2    
   -130444.7      -120984.1      -112599.0      -105119.1    
   -98408.32      -92356.59      -86873.72      -81885.26    
   -77329.15      -73153.29      -69313.58      -65772.47    
   -62497.76      -59461.70      -56640.26      -54012.49    
   -51560.08      -49266.92      -47118.81      -45103.18    
   -43208.86      -41425.87      -39745.30      -38159.16    
   -36660.23      -35242.04      -33898.70      -32624.89    
   -31415.77      -30266.93      -29174.35      -28134.34    
   -27143.54      -26198.85      -25297.42      -24436.63    
   -23614.06      -22827.48      -22074.81      -21354.13    
   -20663.68      -20001.79      -19366.92      -18757.64    
   -18172.62      -17610.60      -17070.42      -16550.98    
   -16051.27      -15570.31      -15107.22      -14661.13    
   -14231.27      -13816.88      -13417.24      -13031.71    
   -12659.64      -12300.45      -11953.58      -11618.49    
   -11294.69      -10981.70      -10679.07      -10386.38    
   -10103.21      -9829.190      -9563.948      -9307.138    
   -9058.430      -8817.510      -8584.078      -8357.851    
   -8138.555      -7925.932      -7719.734      -7519.727    
   -7325.683      -7137.389      -6954.637      -6777.232    
   -6604.985      -6437.716      -6275.251      -6117.427    
   -5964.084      -5815.070      -5670.241      -5529.456    
   -5392.581      -5259.488      -5130.052      -5004.156    
   -4881.685      -4762.530      -4646.585      -4533.749    
   -4423.924      -4317.016      -4212.935      -4111.594    
   -4012.909      -3916.799      -3823.186      -3731.996    
   -3643.156      -3556.596      -3472.249      -3390.050    
   -3309.936      -3231.847      -3155.723      -3081.510    
   -3009.152      -2938.597      -2869.793      -2802.691    
   -2737.244      -2673.406      -2611.132      -2550.379    
   -2491.105      -2433.271      -2376.836      -2321.764    
   -2268.017      -2215.560      -2164.358      -2114.379    
   -2065.590      -2017.960      -1971.458      -1926.055    
   -1881.722      -1838.432      -1796.158      -1754.874    
   -1714.554      -1675.174      -1636.711      -1599.140    
   -1562.440      -1526.589      -1491.565      -1457.348    
   -1423.918      -1391.255      -1359.340      -1328.156    
   -1297.684      -1267.906      -1238.807      -1210.369    
   -1182.576      -1155.413      -1128.864      -1102.916    
   -1077.553      -1052.762      -1028.528      -1004.839    
   -981.6826      -959.0449      -936.9143      -915.2789    
   -894.1269      -873.4472      -853.2288      -833.4609    
   -814.1331      -795.2353      -776.7576      -758.6903    
   -741.0241      -723.7498      -706.8585      -690.3416    
   -674.1905      -658.3972      -642.9535      -627.8518    
   -613.0843      -598.6436      -584.5226      -570.7143    
   -557.2116      -544.0081      -531.0970      -518.4722    
   -506.1273      -494.0562      -482.2531      -470.7122    
   -459.4277      -448.3942      -437.6062      -427.0583    
   -416.7455      -406.6625      -396.8044      -387.1663    
   -377.7434      -368.5311      -359.5247      -350.7197    
   -342.1117      -333.6965      -325.4697      -317.4274    
   -309.5654      -301.8799      -294.3671      -287.0231    
   -279.8444      -272.8275      -265.9688      -259.2650    
   -252.7129      -246.3092      -240.0509      -233.9350    
   -227.9584      -222.1183      -216.4120      -210.8366    
   -205.3896      -200.0682      -194.8700      -189.7925    
   -184.8332      -179.9898      -175.2597      -170.6409    
   -166.1310      -161.7277      -157.4289      -153.2324    
   -149.1361      -145.1378      -141.2356      -137.4273    
   -133.7109      -130.0845      -126.5460      -123.0935    
   -119.7251      -116.4390      -113.2331      -110.1058    
   -107.0551      -104.0794      -101.1768      -98.34557    
   -95.58411      -92.89072      -90.26379      -87.70174    
   -85.20302      -82.76614      -80.38963      -78.07209    
   -75.81214      -73.60845      -71.45974      -69.36477    
   -67.32234      -65.33131      -63.39056      -61.49900    
   -59.65561      -57.85936      -56.10926      -54.40436    
   -52.74368      -51.12630      -49.55128      -48.01767    
   -46.52456      -45.07100      -43.65606      -42.27880    
   -40.93828      -39.63357      -38.36374      -37.12787    
   -35.92508      -34.75448      -33.61523      -32.50651    
   -31.42753      -30.37755      -29.35585      -28.36175    
   -27.39462      -26.45383      -25.53883      -24.64906    
   -23.78401      -22.94318      -22.12612      -21.33238    
   -20.56152      -19.81312      -19.08679      -18.38212    
   -17.69872      -17.03622      -16.39422      -15.77235    
   -15.17022      -14.58746      -14.02367      -13.47848    
   -12.95149      -12.44230      -11.95053      -11.47577    
   -11.01762      -10.57567      -10.14951      -9.738725    
   -9.342913      -8.961655      -8.594539      -8.241153    
   -7.901088      -7.573934      -7.259288      -6.956750    
   -6.665924      -6.386422      -6.117859      -5.859861    
   -5.612060      -5.374096      -5.145619      -4.926288    
   -4.715772      -4.513749      -4.319911      -4.133957    
   -3.955598      -3.784558      -3.620569      -3.463376    
   -3.312735      -3.168411      -3.030181      -2.897833    
   -2.771162      -2.649975      -2.534087      -2.423324    
   -2.317518      -2.216508      -2.120143      -2.028276    
   -1.940770      -1.857490      -1.778309      -1.703103    
   -1.631755      -1.564151      -1.500182      -1.439741    
   -1.382728      -1.329044      -1.278596      -1.231292    
   -1.187048      -1.145780      -1.107410      -1.071864    
   -1.039072      -1.008968     -0.9814905     -0.9565817    
  -0.9341889     -0.9142629     -0.8967589     -0.8816359    
  -0.8688566     -0.8583873     -0.8501974     -0.8442596    
   400                                                      #     Fe     IS=2
    0.000000      -2599815.      -1281033.      -841619.3    
   -622046.3      -490407.8      -402735.5      -340185.4    
   -293336.0      -256952.8      -227895.2      -204164.7    
   -184429.0      -167765.6      -153515.8      -141196.2    
   -130444.7      -120984.1      -112599.0      -105119.1    
   -98408.33      -92356.59      -86873.72      -81885.26    
   -77329.15      -73153.29      -69313.58      -65772.47    
   -62497.76      -59461.70      -56640.26      -54012.49    
   -51560.08      -49266.92      -47118.81      -45103.19    
   -43208.86      -41425.87      -39745.30      -38159.16    
   -36660.23      -35242.04      -33898.70      -32624.89    
   -31415.77      -30266.93      -29174.35      -28134.34    
   -27143.54      -26198.85      -25297.42      -24436.63    
   -23614.06      -22827.48      -22074.81      -21354.14    
   -20663.68      -20001.79      -19366.92      -18757.65    
   -18172.62      -17610.60      -17070.42      -16550.98    
   -16051.27      -15570.31      -15107.22      -14661.14    
   -14231.27      -13816.88      -13417.24      -13031.71    
   -12659.64      -12300.45      -11953.58      -11618.49    
   -11294.69      -10981.70      -10679.08      -10386.38    
   -10103.21      -9829.191      -9563.949      -9307.139    
   -9058.431      -8817.511      -8584.079      -8357.851    
   -8138.556      -7925.933      -7719.735      -7519.728    
   -7325.684      -7137.390      -6954.638      -6777.233    
   -6604.986      -6437.717      -6275.252      -6117.428    
   -5964.085      -5815.071      -5670.242      -5529.457    
   -5392.582      -5259.488      -5130.053      -5004.157    
   -4881.686      -4762.531      -4646.586      -4533.750    
   -4423.924      -4317.017      -4212.936      -4111.594    
   -4012.909      -3916.799      -3823.187      -3731.997    
   -3643.157      -3556.597      -3472.250      -3390.051    
   -3309.937      -3231.847      -3155.724      -3081.511    
   -3009.153      -2938.597      -2869.793      -2802.692    
   -2737.245      -2673.407      -2611.133      -2550.380    
   -2491.106      -2433.272      -2376.837      -2321.765    
   -2268.018      -2215.560      -2164.359      -2114.380    
   -2065.591      -2017.960      -1971.458      -1926.055    
   -1881.723      -1838.433      -1796.159      -1754.875    
   -1714.555      -1675.175      -1636.712      -1599.141    
   -1562.441      -1526.589      -1491.566      -1457.348    
   -1423.918      -1391.255      -1359.341      -1328.157    
   -1297.684      -1267.907      -1238.807      -1210.369    
   -1182.576      -1155.413      -1128.865      -1102.917    
   -1077.554      -1052.762      -1028.529      -1004.840    
   -981.6831      -959.0455      -936.9149      -915.2794    
   -894.1274      -873.4478      -853.2293      -833.4614    
   -814.1336      -795.2358      -776.7581      -758.6908    
   -741.0245      -723.7502      -706.8589      -690.3420    
   -674.1909      -658.3976      -642.9539      -627.8521    
   -613.0845      -598.6438      -584.5228      -570.7144    
   -557.2117      -544.0080      -531.0969      -518.4720    
   -506.1270      -494.0559      -482.2527      -470.7116    
   -459.4270      -448.3933      -437.6051      -427.0571    
   -416.7440      -406.6609      -396.8026      -387.1642    
   -377.7411      -368.5285      -359.5218      -350.7165    
   -342.1082      -333.6926      -325.4655      -317.4228    
   -309.5604      -301.8745      -294.3612      -287.0167    
   -279.8375      -272.8200      -265.9608      -259.2565    
   -252.7037      -246.2994      -240.0404      -233.9238    
   -227.9464      -222.1056      -216.3984      -210.8221    
   -205.3742      -200.0519      -194.8526      -189.7740    
   -184.8136      -179.9689      -175.2377      -170.6175    
   -166.1062      -161.7014      -157.4010      -153.2029    
   -149.1048      -145.1047      -141.2005      -137.3901    
   -133.6715      -130.0427      -126.5018      -123.0467    
   -119.6756      -116.3865      -113.1776      -110.0469    
   -106.9928      -104.0133      -101.1068      -98.27143    
   -95.50557      -92.80753      -90.17568      -87.60842    
   -85.10420      -82.66152      -80.27891      -77.95494    
   -75.68824      -73.47747      -71.32137      -69.21870    
   -67.16828      -65.16898      -63.21970      -61.31942    
   -59.46712      -57.66185      -55.90268      -54.18872    
   -52.51908      -50.89292      -49.30937      -47.76759    
   -46.26673      -44.80594      -43.38435      -42.00108    
   -40.65523      -39.34591      -38.07221      -36.83321    
   -35.62799      -34.45568      -33.31536      -32.20620    
   -31.12734      -30.07800      -29.05739      -28.06478    
   -27.09949      -26.16085      -25.24824      -24.36108    
   -23.49881      -22.66091      -21.84688      -21.05625    
   -20.28855      -19.54337      -18.82026      -18.11883    
   -17.43867      -16.77938      -16.14058      -15.52188    
   -14.92289      -14.34323      -13.78251      -13.24034    
   -12.71633      -12.21008      -11.72121      -11.24930    
   -10.79396      -10.35477      -9.931343      -9.523258    
   -9.130106      -8.751477      -8.386961      -8.036150    
   -7.698635      -7.374014      -7.061886      -6.761854    
   -6.473529      -6.196524      -5.930464      -5.674977    
   -5.429702      -5.194284      -4.968381      -4.751659    
   -4.543792      -4.344469      -4.153387      -3.970254    
   -3.794790      -3.626726      -3.465805      -3.311778    
   -3.164409      -3.023472      -2.888752      -2.760041    
   -2.637141      -2.519863      -2.408026      -2.301453    
   -2.199977      -2.103433      -2.011664      -1.924515    
   -1.841835      -1.763478      -1.689299      -1.619158    
   -1.552914      -1.490433      -1.431582      -1.376232    
   -1.324258      -1.275539      -1.229958      -1.187403    
   -1.147770      -1.110958      -1.076872      -1.045426    
   -1.016537     -0.9901297     -0.9661359     -0.9444926    
  -0.9251429     -0.9080358     -0.8931254     -0.8803714    
  -0.8697377     -0.8611930     -0.8547099     -0.8502643    
 XXXXXXXXXXXXXXXXXXXXXXXXXXXXXXXXXXXXXXXXXXXX
                                                      Fe           IS=1
  -0.4783151     -0.3261778     -0.2517477    
  -0.3105972      0.7458673     -0.2345344    
   0.1952543      0.1797707      0.1458487E-01
   0.4299182      0.1153389     -0.1992959E-02
   0.3587062E-01  0.2173322E-01   1.509654    
  -0.5949003      0.2829247      -2.473294    
  -0.4096872      0.4842806      0.1183257    
   0.1386979     -0.1058664     -0.7385570    
                                                      Fe           IS=2
  -0.4476323     -0.2865258     -0.2042465    
  -0.2581448      0.8042290     -0.5129015E-01
   0.1992694      0.1831266      0.1848099E-01
   0.4310933      0.1160066      0.4555725E-02
   0.3386534E-01  0.2115867E-01   1.089466    
  -0.5537825      0.2878070     -0.6880704    
  -0.4159571      0.4871549      0.2127969    
   0.1349914     -0.1035274     -0.6139773    
     5                                                Fe          
     1    0    0
   -512.6638      -512.6630    
     2    0    0
   -59.67024      -59.56612    
     2    1    0
   -50.84078      -50.76037    
     3    0    0
   -6.509908      -6.296867    
     3    1    0
   -4.045062      -3.839024    
