#  Bulk results for: Ni, IVXC=0, NK=   50
     3                                                      # NL
   0.3484850      0.5303000E-01  0.1071400E-01
    28.00000       2.615170       2.615170                  # AZ, WSR
  -0.6038496E-01  0.6292681                                  # Fermi.En, Mag.Mom
   0.0000000E+00                                            # Pot.Shift
     0                                                      # SW
     2                                                      # NS
   400                                                      #     Ni     IS=1
    0.000000      -2799793.      -1379566.      -906351.3    
   -669888.0      -528123.5      -433707.0      -366345.5    
   -315892.2      -276710.2      -245417.5      -219861.6    
   -198607.7      -180662.5      -165316.5      -152049.3    
   -140470.7      -130282.4      -121252.2      -113196.9    
   -105969.9      -99452.68      -93548.05      -88175.85    
   -83269.26      -78772.17      -74637.09      -70823.58    
   -67296.96      -64027.36      -60988.87      -58158.96    
   -55517.89      -53048.33      -50734.98      -48564.29    
   -46524.25      -44604.10      -42794.25      -41086.08    
   -39471.85      -37944.56      -36497.88      -35126.08    
   -33823.94      -32586.72      -31410.09      -30290.08    
   -29223.06      -28205.69      -27234.92      -26307.91    
   -25422.06      -24574.96      -23764.39      -22988.28    
   -22244.71      -21531.90      -20848.19      -20192.04    
   -19562.01      -18956.76      -18375.02      -17815.62    
   -17277.46      -16759.51      -16260.78      -15780.39    
   -15317.45      -14871.18      -14440.80      -14025.61    
   -13624.92      -13238.10      -12864.54      -12503.68    
   -12154.97      -11817.90      -11492.00      -11176.78    
   -10871.84      -10576.74      -10291.09      -10014.53    
   -9746.691      -9487.240      -9235.855      -8992.227    
   -8756.066      -8527.091      -8305.036      -8089.648    
   -7880.683      -7677.909      -7481.106      -7290.060    
   -7104.570      -6924.441      -6749.487      -6579.531    
   -6414.401      -6253.935      -6097.975      -5946.370    
   -5798.978      -5655.659      -5516.279      -5380.712    
   -5248.834      -5120.527      -4995.679      -4874.178    
   -4755.922      -4640.807      -4528.738      -4419.620    
   -4313.363      -4209.880      -4109.088      -4010.904    
   -3915.253      -3822.057      -3731.246      -3642.749    
   -3556.497      -3472.427      -3390.476      -3310.581    
   -3232.686      -3156.732      -3082.665      -3010.433    
   -2939.983      -2871.267      -2804.235      -2738.843    
   -2675.044      -2612.795      -2552.055      -2492.783    
   -2434.939      -2378.484      -2323.382      -2269.597    
   -2217.095      -2165.840      -2115.802      -2066.947    
   -2019.246      -1972.667      -1927.184      -1882.766    
   -1839.388      -1797.022      -1755.644      -1715.227    
   -1675.748      -1637.183      -1599.509      -1562.704    
   -1526.747      -1491.616      -1457.291      -1423.753    
   -1390.981      -1358.958      -1327.664      -1297.082    
   -1267.196      -1237.987      -1209.441      -1181.540    
   -1154.269      -1127.614      -1101.559      -1076.091    
   -1051.195      -1026.859      -1003.068      -979.8097    
   -957.0722      -934.8431      -913.1105      -891.8629    
   -871.0892      -850.7784      -830.9199      -811.5033    
   -792.5186      -773.9559      -755.8058      -738.0588    
   -720.7060      -703.7386      -687.1478      -670.9254    
   -655.0631      -639.5531      -624.3874      -609.5587    
   -595.0593      -580.8823      -567.0203      -553.4667    
   -540.2146      -527.2575      -514.5889      -502.2026    
   -490.0922      -478.2519      -466.6756      -455.3576    
   -444.2923      -433.4741      -422.8975      -412.5572    
   -402.4481      -392.5650      -382.9031      -373.4574    
   -364.2232      -355.1959      -346.3711      -337.7442    
   -329.3111      -321.0676      -313.0096      -305.1331    
   -297.4343      -289.9095      -282.5551      -275.3673    
   -268.3428      -261.4783      -254.7703      -248.2157    
   -241.8113      -235.5541      -229.4410      -223.4692    
   -217.6356      -211.9376      -206.3723      -200.9371    
   -195.6291      -190.4459      -185.3848      -180.4433    
   -175.6188      -170.9089      -166.3112      -161.8233    
   -157.4427      -153.1672      -148.9944      -144.9222    
   -140.9481      -137.0701      -133.2859      -129.5934    
   -125.9906      -122.4753      -119.0455      -115.6993    
   -112.4346      -109.2496      -106.1424      -103.1113    
   -100.1544      -97.27003      -94.45652      -91.71227    
   -89.03571      -86.42533      -83.87967      -81.39731    
   -78.97689      -76.61710      -74.31665      -72.07431    
   -69.88886      -67.75914      -65.68398      -63.66226    
   -61.69284      -59.77462      -57.90647      -56.08730    
   -54.31600      -52.59146      -50.91258      -49.27825    
   -47.68738      -46.13890      -44.63173      -43.16484    
   -41.73722      -40.34787      -38.99586      -37.68027    
   -36.40024      -35.15492      -33.94353      -32.76532    
   -31.61956      -30.50559      -29.42276      -28.37044    
   -27.34804      -26.35501      -25.39079      -24.45486    
   -23.54670      -22.66580      -21.81167      -20.98383    
   -20.18179      -19.40506      -18.65317      -17.92563    
   -17.22196      -16.54168      -15.88428      -15.24928    
   -14.63618      -14.04448      -13.47368      -12.92325    
   -12.39270      -11.88151      -11.38916      -10.91514    
   -10.45892      -10.01999      -9.597849      -9.191969    
   -8.801847      -8.426979      -8.066868      -7.721022    
   -7.388956      -7.070194      -6.764268      -6.470722    
   -6.189106      -5.918985      -5.659932      -5.411535    
   -5.173391      -4.945113      -4.726323      -4.516658    
   -4.315768      -4.123317      -3.938979      -3.762443    
   -3.593410      -3.431596      -3.276725      -3.128537    
   -2.986780      -2.851217      -2.721620      -2.597771    
   -2.479462      -2.366496      -2.258684      -2.155846    
   -2.057809      -1.964409      -1.875489      -1.790899    
   -1.710494      -1.634137      -1.561696      -1.493045    
   -1.428061      -1.366630      -1.308640      -1.253984    
   -1.202562      -1.154276      -1.109034      -1.066748    
   -1.027336     -0.9907194     -0.9568237     -0.9255798    
  -0.8969230     -0.8707929     -0.8471336     -0.8258933    
  -0.8070246     -0.7904841     -0.7762325     -0.7642342    
  -0.7544572     -0.7468730     -0.7414564     -0.7381850    
   400                                                      #     Ni     IS=2
    0.000000      -2799793.      -1379566.      -906351.3    
   -669888.0      -528123.5      -433707.0      -366345.5    
   -315892.2      -276710.2      -245417.5      -219861.6    
   -198607.7      -180662.5      -165316.5      -152049.3    
   -140470.7      -130282.4      -121252.2      -113196.9    
   -105969.9      -99452.69      -93548.05      -88175.85    
   -83269.26      -78772.17      -74637.09      -70823.58    
   -67296.96      -64027.36      -60988.87      -58158.96    
   -55517.89      -53048.33      -50734.98      -48564.29    
   -46524.25      -44604.10      -42794.25      -41086.08    
   -39471.85      -37944.56      -36497.88      -35126.08    
   -33823.94      -32586.73      -31410.09      -30290.08    
   -29223.06      -28205.69      -27234.92      -26307.91    
   -25422.06      -24574.97      -23764.39      -22988.28    
   -22244.71      -21531.90      -20848.19      -20192.04    
   -19562.01      -18956.76      -18375.02      -17815.62    
   -17277.46      -16759.51      -16260.78      -15780.39    
   -15317.45      -14871.18      -14440.80      -14025.61    
   -13624.92      -13238.10      -12864.54      -12503.68    
   -12154.97      -11817.90      -11492.00      -11176.79    
   -10871.84      -10576.74      -10291.09      -10014.53    
   -9746.691      -9487.241      -9235.855      -8992.228    
   -8756.066      -8527.091      -8305.037      -8089.648    
   -7880.683      -7677.910      -7481.106      -7290.061    
   -7104.571      -6924.442      -6749.488      -6579.531    
   -6414.402      -6253.935      -6097.975      -5946.371    
   -5798.978      -5655.659      -5516.280      -5380.712    
   -5248.834      -5120.528      -4995.679      -4874.179    
   -4755.922      -4640.808      -4528.738      -4419.620    
   -4313.363      -4209.881      -4109.088      -4010.905    
   -3915.253      -3822.058      -3731.246      -3642.749    
   -3556.498      -3472.428      -3390.476      -3310.582    
   -3232.686      -3156.732      -3082.666      -3010.433    
   -2939.984      -2871.267      -2804.236      -2738.843    
   -2675.044      -2612.796      -2552.056      -2492.783    
   -2434.939      -2378.484      -2323.383      -2269.598    
   -2217.095      -2165.841      -2115.802      -2066.947    
   -2019.246      -1972.668      -1927.184      -1882.767    
   -1839.388      -1797.023      -1755.644      -1715.227    
   -1675.748      -1637.183      -1599.509      -1562.704    
   -1526.747      -1491.616      -1457.292      -1423.753    
   -1390.981      -1358.958      -1327.664      -1297.083    
   -1267.196      -1237.988      -1209.441      -1181.540    
   -1154.270      -1127.614      -1101.560      -1076.091    
   -1051.196      -1026.859      -1003.068      -979.8099    
   -957.0725      -934.8433      -913.1107      -891.8632    
   -871.0895      -850.7786      -830.9201      -811.5035    
   -792.5188      -773.9561      -755.8060      -738.0590    
   -720.7062      -703.7387      -687.1480      -670.9255    
   -655.0632      -639.5532      -624.3875      -609.5587    
   -595.0593      -580.8822      -567.0203      -553.4666    
   -540.2145      -527.2573      -514.5887      -502.2022    
   -490.0918      -478.2514      -466.6751      -455.3570    
   -444.2916      -433.4733      -422.8966      -412.5562    
   -402.4470      -392.5638      -382.9017      -373.4559    
   -364.2215      -355.1941      -346.3691      -337.7421    
   -329.3088      -321.0651      -313.0069      -305.1302    
   -297.4312      -289.9062      -282.5515      -275.3635    
   -268.3387      -261.4739      -254.7656      -248.2107    
   -241.8060      -235.5484      -229.4350      -223.4627    
   -217.6288      -211.9303      -206.3646      -200.9289    
   -195.6204      -190.4367      -185.3750      -180.4329    
   -175.6078      -170.8973      -166.2989      -161.8102    
   -157.4288      -153.1525      -148.9789      -144.9057    
   -140.9307      -137.0516      -133.2663      -129.5727    
   -125.9687      -122.4521      -119.0210      -115.6733    
   -112.4071      -109.2205      -106.1117      -103.0788    
   -100.1200      -97.23373      -94.41820      -91.67183    
   -88.99307      -86.38040      -83.83237      -81.34757    
   -78.92464      -76.56229      -74.25924      -72.01427    
   -69.82620      -67.69386      -65.61612      -63.59187    
   -61.62000      -59.69944      -57.82909      -56.00786    
   -54.23467      -52.50843      -50.82803      -49.19240    
   -47.60045      -46.05108      -44.54325      -43.07589    
   -41.64799      -40.25855      -38.90661      -37.59125    
   -36.31157      -35.06674      -33.85593      -32.67840    
   -31.53341      -30.42026      -29.33831      -28.28691    
   -27.26549      -26.27345      -25.31024      -24.37534    
   -23.46821      -22.58836      -21.73529      -20.90849    
   -20.10750      -19.33181      -18.58095      -17.85444    
   -17.15178      -16.47250      -15.81610      -15.18209    
   -14.56997      -13.97924      -13.40939      -12.85991    
   -12.33030      -11.82004      -11.32861      -10.85550    
   -10.40020      -9.962178      -9.540933      -9.135952    
   -8.746727      -8.372756      -8.013542      -7.668594    
   -7.337431      -7.019576      -6.714565      -6.421940    
   -6.141256      -5.872078      -5.613981      -5.366554    
   -5.129398      -4.902126      -4.684362      -4.475745    
   -4.275927      -4.084573      -3.901359      -3.725977    
   -3.558127      -3.397527      -3.243902      -3.096993    
   -2.956548      -2.822330      -2.694111      -2.571671    
   -2.454802      -2.343305      -2.236988      -2.135668    
   -2.039169      -1.947323      -1.859968      -1.776949    
   -1.698115      -1.623324      -1.552436      -1.485318    
   -1.421844      -1.361889      -1.305336      -1.252072    
   -1.201990      -1.154985      -1.110962      -1.069826    
   -1.031490     -0.9958722     -0.9628949     -0.9324858    
  -0.9045778     -0.8791088     -0.8560215     -0.8352635    
  -0.8167871     -0.8005489     -0.7865101     -0.7746358    
  -0.7648951     -0.7572609     -0.7517095     -0.7482204    
 XXXXXXXXXXXXXXXXXXXXXXXXXXXXXXXXXXXXXXXXXXXX
                                                      Ni           IS=1
  -0.4743645     -0.3234708     -0.2240006    
  -0.3138412      0.7292155     -0.2095280    
   0.1830700      0.1717267      0.1115632E-01
   0.4263808      0.1135017     -0.2933809E-02
   0.4353649E-01  0.2362366E-01   2.013159    
  -0.5881644      0.3116375      -2.427781    
  -0.3983278      0.4805022      0.1047030    
   0.1504691     -0.1121946     -0.8522413    
                                                      Ni           IS=2
  -0.4585550     -0.2879676     -0.1997742    
  -0.3109165      0.7304560     -0.1602532    
   0.1841027      0.1717416      0.1192149E-01
   0.4263213      0.1132291     -0.2042756E-02
   0.4331039E-01  0.2385890E-01   1.872140    
  -0.6214018      0.2515187      -1.761432    
  -0.3973984      0.4772547      0.1277845    
   0.1501678     -0.1127650     -0.8173007    
     5                                                Ni          
     1    0    0
   -601.6500      -601.6498    
     2    0    0
   -71.47296      -71.43973    
     2    1    0
   -61.49142      -61.46590    
     3    0    0
   -7.620824      -7.560454    
     3    1    0
   -4.740669      -4.682403    
