#  Interface results for: Co12-2, IVXC=0, NK=   30
     3                                                      # NL
   0.3484850      0.5303000E-01  0.1071400E-01
    27.00000       2.621800       2.621800                  # AZ, WSR, WSR(avrg)
  -0.4939294E-01                                            # Fermi Energy
    0.0E+00                                                 # Pot.Shift
     0                                                      # SW
     2                                                      # NS
   400                                                      #     Co12-2 IS=1
    0.000000      -2699804.      -1330291.      -873974.3    
   -645954.9      -509252.8      -418208.1      -353252.1    
   -304600.6      -266818.1      -236642.9      -211999.8    
   -191505.1      -174200.9      -159403.0      -146609.8    
   -135444.9      -125620.6      -116913.0      -109145.6    
   -102176.9      -95892.55      -90198.95      -85018.77    
   -80287.57      -75951.25      -71964.00      -68286.84    
   -64886.32      -61733.64      -58803.82      -56075.13    
   -53528.53      -51147.31      -48916.72      -46823.71    
   -44856.66      -43005.23      -41260.16      -39613.14    
   -38056.69      -36584.08      -35189.20      -33866.52    
   -32611.02      -31418.12      -30283.64      -29203.75    
   -28174.96      -27194.05      -26258.07      -25364.28    
   -24510.19      -23693.46      -22911.95      -22163.67    
   -21446.76      -20759.52      -20100.34      -19467.73    
   -18860.31      -18276.77      -17715.91      -17176.59    
   -16657.75      -16158.39      -15677.58      -15214.43    
   -14768.13      -14337.88      -13922.97      -13522.69    
   -13136.40      -12763.48      -12403.35      -12055.46    
   -11719.29      -11394.34      -11080.15      -10776.28    
   -10482.30      -10197.81      -9922.446      -9655.834    
   -9397.635      -9147.522      -8905.185      -8670.328    
   -8442.669      -8221.938      -8007.879      -7800.248    
   -7598.809      -7403.340      -7213.626      -7029.463    
   -6850.657      -6677.018      -6508.369      -6344.538    
   -6185.360      -6030.678      -5880.339      -5734.201    
   -5592.122      -5453.970      -5319.616      -5188.937    
   -5061.815      -4938.135      -4817.789      -4700.670    
   -4586.678      -4475.715      -4367.688      -4262.505    
   -4160.080      -4060.329      -3963.172      -3868.529    
   -3776.327      -3686.492      -3598.956      -3513.649    
   -3430.508      -3349.469      -3270.471      -3193.457    
   -3118.369      -3045.152      -2973.755      -2904.125    
   -2836.213      -2769.972      -2705.355      -2642.317    
   -2580.816      -2520.808      -2462.255      -2405.115    
   -2349.352      -2294.929      -2241.809      -2189.958    
   -2139.343      -2089.931      -2041.691      -1994.592    
   -1948.604      -1903.699      -1859.848      -1817.026    
   -1775.204      -1734.359      -1694.464      -1655.497    
   -1617.434      -1580.251      -1543.928      -1508.442    
   -1473.773      -1439.901      -1406.805      -1374.468    
   -1342.869      -1311.992      -1281.818      -1252.331    
   -1223.513      -1195.349      -1167.824      -1140.920    
   -1114.624      -1088.922      -1063.798      -1039.240    
   -1015.234      -991.7659      -968.8244      -946.3967    
   -924.4708      -903.0349      -882.0776      -861.5879    
   -841.5548      -821.9680      -802.8171      -784.0921    
   -765.7833      -747.8812      -730.3767      -713.2607    
   -696.5245      -680.1596      -664.1577      -648.5106    
   -633.2105      -618.2498      -603.6209      -589.3166    
   -575.3296      -561.6531      -548.2803      -535.2046    
   -522.4195      -509.9186      -497.6958      -485.7450    
   -474.0604      -462.6360      -451.4664      -440.5458    
   -429.8689      -419.4304      -409.2250      -399.2476    
   -389.4933      -379.9571      -370.6342      -361.5200    
   -352.6100      -343.8996      -335.3845      -327.0604    
   -318.9233      -310.9689      -303.1935      -295.5931    
   -288.1641      -280.9027      -273.8054      -266.8688    
   -260.0896      -253.4643      -246.9899      -240.6632    
   -234.4812      -228.4409      -222.5395      -216.7740    
   -211.1417      -205.6399      -200.2660      -195.0173    
   -189.8914      -184.8856      -179.9976      -175.2248    
   -170.5650      -166.0157      -161.5747      -157.2397    
   -153.0083      -148.8785      -144.8480      -140.9146    
   -137.0762      -133.3307      -129.6761      -126.1102    
   -122.6312      -119.2369      -115.9254      -112.6948    
   -109.5433      -106.4689      -103.4699      -100.5444    
   -97.69082      -94.90739      -92.19247      -89.54447    
   -86.96181      -84.44300      -81.98658      -79.59112    
   -77.25528      -74.97772      -72.75717      -70.59240    
   -68.48223      -66.42549      -64.42107      -62.46787    
   -60.56483      -58.71089      -56.90502      -55.14619    
   -53.43337      -51.76555      -50.14169      -48.56079    
   -47.02181      -45.52373      -44.06554      -42.64624    
   -41.26482      -39.92031      -38.61176      -37.33824    
   -36.09887      -34.89278      -33.71916      -32.57721    
   -31.46619      -30.38540      -29.33415      -28.31183    
   -27.31782      -26.35154      -25.41246      -24.50005    
   -23.61381      -22.75324      -21.91790      -21.10731    
   -20.32103      -19.55863      -18.81966      -18.10369    
   -17.41030      -16.73906      -16.08953      -15.46128    
   -14.85387      -14.26686      -13.69981      -13.15228    
   -12.62381      -12.11394      -11.62222      -11.14820    
   -10.69140      -10.25136      -9.827619      -9.419716    
   -9.027185      -8.649564      -8.286396      -7.937226    
   -7.601603      -7.279083      -6.969228      -6.671605    
   -6.385793      -6.111375      -5.847945      -5.595108    
   -5.352478      -5.119679      -4.896348      -4.682131    
   -4.476689      -4.279692      -4.090824      -3.909779    
   -3.736265      -3.570001      -3.410718      -3.258159    
   -3.112077      -2.972239      -2.838420      -2.710408    
   -2.587997      -2.470995      -2.359217      -2.252486    
   -2.150635      -2.053503      -1.960937      -1.872791    
   -1.788925      -1.709205      -1.633502      -1.561692    
   -1.493657      -1.429284      -1.368463      -1.311089    
   -1.257061      -1.206284      -1.158665      -1.114116    
   -1.072553      -1.033897     -0.9980740     -0.9650118    
  -0.9346445     -0.9069100     -0.8817506     -0.8591128    
  -0.8389473     -0.8212090     -0.8058565     -0.7928526    
  -0.7821635     -0.7737588     -0.7676114     -0.7636971    
   400                                                      #     Co12-2 IS=2
    0.000000      -2699804.      -1330291.      -873974.3    
   -645954.9      -509252.8      -418208.1      -353252.1    
   -304600.6      -266818.1      -236642.9      -211999.8    
   -191505.1      -174200.9      -159403.1      -146609.8    
   -135444.9      -125620.6      -116913.1      -109145.6    
   -102176.9      -95892.55      -90198.95      -85018.77    
   -80287.57      -75951.25      -71964.00      -68286.84    
   -64886.32      -61733.64      -58803.82      -56075.13    
   -53528.53      -51147.31      -48916.73      -46823.71    
   -44856.66      -43005.23      -41260.16      -39613.14    
   -38056.69      -36584.08      -35189.20      -33866.52    
   -32611.02      -31418.12      -30283.64      -29203.75    
   -28174.96      -27194.05      -26258.07      -25364.28    
   -24510.19      -23693.46      -22911.95      -22163.67    
   -21446.76      -20759.52      -20100.34      -19467.73    
   -18860.31      -18276.77      -17715.91      -17176.59    
   -16657.75      -16158.39      -15677.58      -15214.43    
   -14768.13      -14337.88      -13922.97      -13522.69    
   -13136.40      -12763.48      -12403.35      -12055.46    
   -11719.29      -11394.34      -11080.15      -10776.28    
   -10482.30      -10197.82      -9922.447      -9655.835    
   -9397.636      -9147.523      -8905.186      -8670.329    
   -8442.669      -8221.939      -8007.880      -7800.249    
   -7598.810      -7403.340      -7213.627      -7029.464    
   -6850.657      -6677.019      -6508.370      -6344.539    
   -6185.361      -6030.678      -5880.340      -5734.201    
   -5592.123      -5453.971      -5319.617      -5188.938    
   -5061.816      -4938.136      -4817.789      -4700.671    
   -4586.679      -4475.716      -4367.688      -4262.506    
   -4160.081      -4060.330      -3963.173      -3868.530    
   -3776.328      -3686.493      -3598.956      -3513.650    
   -3430.508      -3349.469      -3270.472      -3193.457    
   -3118.369      -3045.153      -2973.756      -2904.126    
   -2836.214      -2769.973      -2705.356      -2642.318    
   -2580.816      -2520.809      -2462.255      -2405.116    
   -2349.353      -2294.929      -2241.810      -2189.959    
   -2139.344      -2089.932      -2041.692      -1994.592    
   -1948.605      -1903.699      -1859.849      -1817.026    
   -1775.205      -1734.359      -1694.465      -1655.498    
   -1617.434      -1580.252      -1543.929      -1508.443    
   -1473.774      -1439.901      -1406.806      -1374.468    
   -1342.870      -1311.992      -1281.819      -1252.331    
   -1223.514      -1195.350      -1167.824      -1140.921    
   -1114.625      -1088.922      -1063.799      -1039.241    
   -1015.234      -991.7664      -968.8250      -946.3973    
   -924.4713      -903.0354      -882.0781      -861.5884    
   -841.5554      -821.9685      -802.8175      -784.0925    
   -765.7837      -747.8817      -730.3772      -713.2612    
   -696.5249      -680.1600      -664.1580      -648.5109    
   -633.2108      -618.2501      -603.6211      -589.3167    
   -575.3297      -561.6532      -548.2803      -535.2045    
   -522.4193      -509.9183      -497.6954      -485.7445    
   -474.0598      -462.6353      -451.4655      -440.5448    
   -429.8678      -419.4290      -409.2234      -399.2459    
   -389.4913      -379.9549      -370.6318      -361.5173    
   -352.6070      -343.8963      -335.3809      -327.0565    
   -318.9189      -310.9642      -303.1884      -295.5876    
   -288.1581      -280.8963      -273.7986      -266.8615    
   -260.0817      -253.4559      -246.9809      -240.6536    
   -234.4709      -228.4299      -222.5277      -216.7614    
   -211.1284      -205.6257      -200.2509      -195.0013    
   -189.8744      -184.8676      -179.9784      -175.2045    
   -170.5434      -165.9929      -161.5505      -157.2140    
   -152.9811      -148.8496      -144.8174      -140.8822    
   -137.0419      -133.2944      -129.6376      -126.0695    
   -122.5880      -119.1911      -115.8770      -112.6435    
   -109.4890      -106.4114      -103.4090      -100.4800    
   -97.62263      -94.83523      -92.11614      -89.46373    
   -86.87647      -84.35283      -81.89135      -79.49064    
   -77.14931      -74.86608      -72.63968      -70.46891    
   -68.35259      -66.28961      -64.27888      -62.31937    
   -60.41003      -58.54989      -56.73796      -54.97327    
   -53.25485      -51.58175      -49.95298      -48.36758    
   -46.82455      -45.32291      -43.86167      -42.43981    
   -41.05635      -39.71031      -38.40070      -37.12659    
   -35.88704      -34.68117      -33.50811      -32.36705    
   -31.25719      -30.17781      -29.12819      -28.10766    
   -27.11559      -26.15139      -25.21447      -24.30430    
   -23.42036      -22.56215      -21.72917      -20.92098    
   -20.13710      -19.37710      -18.64053      -17.92695    
   -17.23592      -16.56703      -15.91982      -15.29387    
   -14.68873      -14.10397      -13.53915      -12.99381    
   -12.46751      -11.95979      -11.47019      -10.99826    
   -10.54353      -10.10555      -9.683852      -9.277972    
   -8.887450      -8.511829      -8.150652      -7.803468    
   -7.469829      -7.149294      -6.841428      -6.545804    
   -6.262000      -5.989608      -5.728223      -5.477456    
   -5.236923      -5.006256      -4.785094      -4.573090    
   -4.369909      -4.175225      -3.988728      -3.810117    
   -3.639104      -3.475414      -3.318780      -3.168950    
   -3.025681      -2.888741      -2.757908      -2.632968    
   -2.513719      -2.399964      -2.291515      -2.188193    
   -2.089824      -1.996239      -1.907276      -1.822779    
   -1.742596      -1.666578      -1.594584      -1.526474    
   -1.462114      -1.401374      -1.344128      -1.290255    
   -1.239638      -1.192167      -1.147736      -1.106243    
   -1.067593      -1.031697     -0.9984711     -0.9678366    
  -0.9397214     -0.9140589     -0.8907879     -0.8698528    
  -0.8512033     -0.8347939     -0.8205842     -0.8085380    
  -0.7986236     -0.7908132     -0.7850825     -0.7814106    
 XXXXXXXXXXXX CORE STATES XXXXXXXXXXXXXXXXXXXXXX
                                                      Co12-2     	 IS=1
  -0.4662980     -0.3189177     -0.2319494    
  -0.2949333      0.7483679     -0.2174765    
   0.1874749      0.1745605      0.1232444E-01
   0.4281362      0.1143684     -0.2414128E-02
   0.4013465E-01  0.2273640E-01   1.806796    
  -0.5711377      0.3163830      -2.475871    
  -0.4030111      0.4815956      0.1086227    
   0.1449619     -0.1093274     -0.8057337    
                                                      Co12-2     	 IS=2
  -0.4387884     -0.2617906     -0.1835043    
  -0.2763178      0.7667640     -0.9601578E-01
   0.1901572      0.1756937      0.1450054E-01
   0.4285000      0.1142352      0.7136746E-03
   0.3906037E-01  0.2275581E-01   1.485039    
  -0.5973944      0.2396654      -1.113411    
  -0.4041325      0.4784662      0.1681771    
   0.1432072     -0.1092519     -0.7201327    
     5                                                Co12-2     	
     1    0    0
   -556.2393      -556.2389    
     2    0    0
   -65.44502      -65.36878    
     2    1    0
   -56.04931      -55.99062    
     3    0    0
   -7.054341      -6.908204    
     3    1    0
   -4.384739      -4.243628    
