#  Interface results for: Co12-1, IVXC=0, NK=   30
     3                                                      # NL
   0.3484850      0.5303000E-01  0.1071400E-01
    27.00000       2.621800       2.621800                  # AZ, WSR, WSR(avrg)
  -0.4939294E-01                                            # Fermi Energy
    0.0E+00                                                 # Pot.Shift
     0                                                      # SW
     2                                                      # NS
   400                                                      #     Co12-1 IS=1
    0.000000      -2699804.      -1330291.      -873974.3    
   -645954.9      -509252.8      -418208.1      -353252.1    
   -304600.6      -266818.1      -236642.9      -211999.8    
   -191505.1      -174200.9      -159403.0      -146609.8    
   -135444.9      -125620.6      -116913.0      -109145.6    
   -102176.9      -95892.55      -90198.95      -85018.76    
   -80287.57      -75951.25      -71964.00      -68286.84    
   -64886.32      -61733.64      -58803.82      -56075.13    
   -53528.53      -51147.31      -48916.72      -46823.71    
   -44856.66      -43005.23      -41260.16      -39613.14    
   -38056.69      -36584.08      -35189.20      -33866.52    
   -32611.02      -31418.12      -30283.64      -29203.75    
   -28174.96      -27194.05      -26258.07      -25364.28    
   -24510.19      -23693.46      -22911.95      -22163.67    
   -21446.76      -20759.52      -20100.34      -19467.73    
   -18860.31      -18276.77      -17715.91      -17176.59    
   -16657.75      -16158.39      -15677.58      -15214.43    
   -14768.13      -14337.88      -13922.97      -13522.69    
   -13136.40      -12763.48      -12403.35      -12055.46    
   -11719.29      -11394.34      -11080.15      -10776.28    
   -10482.30      -10197.81      -9922.446      -9655.834    
   -9397.634      -9147.521      -8905.184      -8670.327    
   -8442.668      -8221.937      -8007.879      -7800.247    
   -7598.808      -7403.339      -7213.625      -7029.463    
   -6850.656      -6677.018      -6508.369      -6344.537    
   -6185.359      -6030.677      -5880.339      -5734.200    
   -5592.121      -5453.969      -5319.615      -5188.937    
   -5061.814      -4938.134      -4817.788      -4700.669    
   -4586.677      -4475.715      -4367.687      -4262.504    
   -4160.080      -4060.329      -3963.171      -3868.529    
   -3776.327      -3686.492      -3598.955      -3513.648    
   -3430.507      -3349.468      -3270.470      -3193.456    
   -3118.368      -3045.152      -2973.754      -2904.124    
   -2836.213      -2769.971      -2705.354      -2642.317    
   -2580.815      -2520.808      -2462.254      -2405.115    
   -2349.352      -2294.928      -2241.808      -2189.958    
   -2139.343      -2089.931      -2041.690      -1994.591    
   -1948.603      -1903.698      -1859.848      -1817.025    
   -1775.204      -1734.358      -1694.464      -1655.497    
   -1617.433      -1580.251      -1543.927      -1508.442    
   -1473.773      -1439.900      -1406.805      -1374.467    
   -1342.868      -1311.991      -1281.817      -1252.330    
   -1223.513      -1195.349      -1167.823      -1140.919    
   -1114.624      -1088.921      -1063.798      -1039.239    
   -1015.233      -991.7651      -968.8236      -946.3959    
   -924.4700      -903.0341      -882.0768      -861.5871    
   -841.5540      -821.9671      -802.8162      -784.0912    
   -765.7824      -747.8803      -730.3758      -713.2598    
   -696.5236      -680.1587      -664.1567      -648.5097    
   -633.2096      -618.2488      -603.6199      -589.3156    
   -575.3286      -561.6521      -548.2793      -535.2036    
   -522.4184      -509.9175      -497.6947      -485.7439    
   -474.0592      -462.6349      -451.4652      -440.5446    
   -429.8677      -419.4292      -409.2237      -399.2463    
   -389.4920      -379.9557      -370.6329      -361.5187    
   -352.6086      -343.8982      -335.3831      -327.0590    
   -318.9218      -310.9674      -303.1920      -295.5916    
   -288.1625      -280.9011      -273.8038      -266.8672    
   -260.0879      -253.4626      -246.9882      -240.6615    
   -234.4794      -228.4391      -222.5376      -216.7720    
   -211.1397      -205.6379      -200.2640      -195.0153    
   -189.8893      -184.8835      -179.9954      -175.2226    
   -170.5627      -166.0134      -161.5724      -157.2373    
   -153.0059      -148.8760      -144.8455      -140.9120    
   -137.0736      -133.3281      -129.6734      -126.1075    
   -122.6284      -119.2340      -115.9225      -112.6919    
   -109.5403      -106.4659      -103.4668      -100.5413    
   -97.68769      -94.90421      -92.18925      -89.54119    
   -86.95849      -84.43963      -81.98316      -79.58766    
   -77.25176      -74.97415      -72.75355      -70.58874    
   -68.47851      -66.42173      -64.41726      -62.46402    
   -60.56093      -58.70695      -56.90104      -55.14217    
   -53.42932      -51.76147      -50.13759      -48.55666    
   -47.01766      -45.51957      -44.06137      -42.64206    
   -41.26064      -39.91614      -38.60760      -37.33411    
   -36.09475      -34.88869      -33.71509      -32.57317    
   -31.46219      -30.38143      -29.33023      -28.30795    
   -27.31398      -26.34775      -25.40872      -24.49636    
   -23.61017      -22.74966      -21.91437      -21.10384    
   -20.31762      -19.55527      -18.81636      -18.10046    
   -17.40713      -16.73595      -16.08649      -15.45830    
   -14.85097      -14.26403      -13.69706      -13.14960    
   -12.62121      -12.11142      -11.61979      -11.14585    
   -10.68914      -10.24920      -9.825553      -9.417748    
   -9.025319      -8.647804      -8.284745      -7.935686    
   -7.600179      -7.277778      -6.968045      -6.670548    
   -6.384864      -6.110578      -5.847283      -5.594583    
   -5.352093      -5.119436      -4.896249      -4.682179    
   -4.476885      -4.280037      -4.091318      -3.910423    
   -3.737059      -3.570944      -3.411810      -3.259397    
   -3.113461      -2.973766      -2.840086      -2.712209    
   -2.589930      -2.473054      -2.361397      -2.254781    
   -2.153039      -2.056008      -1.963536      -1.875476    
   -1.791686      -1.712034      -1.636388      -1.564626    
   -1.496629      -1.432283      -1.371478      -1.314108    
   -1.260074      -1.209278      -1.161629      -1.117037    
   -1.075420      -1.036697      -1.000794     -0.9676387    
  -0.9371659     -0.9093128     -0.8840217     -0.8612389    
  -0.8409151     -0.8230050     -0.8074674     -0.7942649    
  -0.7833636     -0.7747335     -0.7683473     -0.7641813    
   400                                                      #     Co12-1 IS=2
    0.000000      -2699804.      -1330291.      -873974.3    
   -645954.9      -509252.8      -418208.1      -353252.1    
   -304600.6      -266818.1      -236642.9      -211999.8    
   -191505.1      -174200.9      -159403.0      -146609.8    
   -135444.9      -125620.6      -116913.0      -109145.6    
   -102176.9      -95892.55      -90198.95      -85018.77    
   -80287.57      -75951.25      -71964.00      -68286.84    
   -64886.32      -61733.64      -58803.82      -56075.13    
   -53528.53      -51147.31      -48916.72      -46823.71    
   -44856.66      -43005.23      -41260.16      -39613.14    
   -38056.69      -36584.08      -35189.20      -33866.52    
   -32611.02      -31418.12      -30283.64      -29203.75    
   -28174.96      -27194.05      -26258.07      -25364.28    
   -24510.19      -23693.46      -22911.95      -22163.67    
   -21446.76      -20759.52      -20100.34      -19467.73    
   -18860.31      -18276.77      -17715.91      -17176.59    
   -16657.75      -16158.39      -15677.58      -15214.43    
   -14768.13      -14337.88      -13922.97      -13522.69    
   -13136.40      -12763.48      -12403.35      -12055.46    
   -11719.29      -11394.34      -11080.15      -10776.28    
   -10482.30      -10197.81      -9922.447      -9655.834    
   -9397.635      -9147.522      -8905.185      -8670.328    
   -8442.669      -8221.938      -8007.880      -7800.248    
   -7598.809      -7403.340      -7213.626      -7029.464    
   -6850.657      -6677.018      -6508.369      -6344.538    
   -6185.360      -6030.678      -5880.340      -5734.201    
   -5592.122      -5453.970      -5319.616      -5188.937    
   -5061.815      -4938.135      -4817.789      -4700.670    
   -4586.678      -4475.715      -4367.688      -4262.505    
   -4160.080      -4060.330      -3963.172      -3868.530    
   -3776.327      -3686.493      -3598.956      -3513.649    
   -3430.508      -3349.469      -3270.471      -3193.457    
   -3118.369      -3045.152      -2973.755      -2904.125    
   -2836.213      -2769.972      -2705.355      -2642.317    
   -2580.816      -2520.808      -2462.255      -2405.115    
   -2349.352      -2294.929      -2241.809      -2189.958    
   -2139.343      -2089.931      -2041.691      -1994.592    
   -1948.604      -1903.699      -1859.848      -1817.026    
   -1775.204      -1734.359      -1694.464      -1655.497    
   -1617.434      -1580.251      -1543.928      -1508.442    
   -1473.773      -1439.901      -1406.805      -1374.467    
   -1342.869      -1311.992      -1281.818      -1252.331    
   -1223.513      -1195.349      -1167.823      -1140.920    
   -1114.624      -1088.922      -1063.798      -1039.240    
   -1015.233      -991.7656      -968.8241      -946.3964    
   -924.4704      -903.0345      -882.0773      -861.5875    
   -841.5544      -821.9676      -802.8166      -784.0916    
   -765.7828      -747.8807      -730.3762      -713.2602    
   -696.5239      -680.1590      -664.1570      -648.5099    
   -633.2098      -618.2490      -603.6200      -589.3156    
   -575.3286      -561.6521      -548.2792      -535.2034    
   -522.4181      -509.9171      -497.6942      -485.7433    
   -474.0585      -462.6341      -451.4642      -440.5435    
   -429.8664      -419.4277      -409.2221      -399.2445    
   -389.4899      -379.9534      -370.6303      -361.5159    
   -352.6055      -343.8948      -335.3794      -327.0550    
   -318.9174      -310.9627      -303.1868      -295.5860    
   -288.1565      -280.8947      -273.7969      -266.8598    
   -260.0800      -253.4542      -246.9791      -240.6518    
   -234.4691      -228.4281      -222.5259      -216.7596    
   -211.1265      -205.6239      -200.2491      -194.9995    
   -189.8725      -184.8657      -179.9765      -175.2026    
   -170.5415      -165.9909      -161.5485      -157.2120    
   -152.9791      -148.8477      -144.8154      -140.8802    
   -137.0399      -133.2924      -129.6356      -126.0675    
   -122.5860      -119.1892      -115.8750      -112.6416    
   -109.4870      -106.4095      -103.4071      -100.4781    
   -97.62081      -94.83344      -92.11438      -89.46202    
   -86.87480      -84.35120      -81.88978      -79.48911    
   -77.14784      -74.86467      -72.63833      -70.46762    
   -68.35137      -66.28845      -64.27779      -62.31834    
   -60.40908      -58.54901      -56.73714      -54.97251    
   -53.25416      -51.58111      -49.95239      -48.36704    
   -46.82406      -45.32246      -43.86125      -42.43943    
   -41.05599      -39.70997      -38.40038      -37.12628    
   -35.88674      -34.68088      -33.50783      -32.36677    
   -31.25692      -30.17754      -29.12792      -28.10740    
   -27.11533      -26.15113      -25.21422      -24.30405    
   -23.42012      -22.56191      -21.72895      -20.92076    
   -20.13690      -19.37691      -18.64035      -17.92679    
   -17.23579      -16.56691      -15.91973      -15.29381    
   -14.68870      -14.10397      -13.53918      -12.99388    
   -12.46762      -11.95994      -11.47039      -10.99851    
   -10.54383      -10.10590      -9.684261      -9.278439    
   -8.887979      -8.512422      -8.151311      -7.804195    
   -7.470626      -7.150163      -6.842371      -6.546821    
   -6.263093      -5.990776      -5.729468      -5.478777    
   -5.238320      -5.007726      -4.786637      -4.574703    
   -4.371589      -4.176969      -3.990531      -3.811975    
   -3.641012      -3.477364      -3.320767      -3.170966    
   -3.027719      -2.890792      -2.759962      -2.635017    
   -2.515752      -2.401971      -2.293487      -2.190119    
   -2.091694      -1.998043      -1.909005      -1.824423    
   -1.744146      -1.668027      -1.595924      -1.527698    
   -1.463217      -1.402350      -1.344972      -1.290964    
   -1.240210      -1.192598      -1.148024      -1.106386    
   -1.067591      -1.031548     -0.9981733     -0.9673899    
  -0.9391250     -0.9133118     -0.8898893     -0.8688016    
  -0.8499983     -0.8334340     -0.8190678     -0.8068639    
  -0.7967902     -0.7888190     -0.7829261     -0.7790906    
 XXXXXXXXXXXX CORE STATES XXXXXXXXXXXXXXXXXXXXXX
                                                      Co12-1     	 IS=1
  -0.4685006     -0.3220641     -0.2313273    
  -0.2967939      0.7467081     -0.2164022    
   0.1874682      0.1745859      0.1237419E-01
   0.4281509      0.1143892     -0.2410231E-02
   0.4011442E-01  0.2271835E-01   1.800396    
  -0.5703146      0.3187947      -2.463229    
  -0.4030493      0.4817298      0.1091579    
   0.1449348     -0.1092760     -0.8040817    
                                                      Co12-1     	 IS=2
  -0.4436463     -0.2736938     -0.1808274    
  -0.2760453      0.7679404     -0.9659232E-01
   0.1900982      0.1759233      0.1445732E-01
   0.4286001      0.1143749      0.5412165E-03
   0.3896054E-01  0.2261555E-01   1.493410    
  -0.5852793      0.2605670      -1.155590    
  -0.4047782      0.4797571      0.1658734    
   0.1430288     -0.1088898     -0.7224612    
     5                                                Co12-1     	
     1    0    0
   -556.2384      -556.2379    
     2    0    0
   -65.44213      -65.36729    
     2    1    0
   -56.04672      -55.98908    
     3    0    0
   -7.052169      -6.908461    
     3    1    0
   -4.382820      -4.243982    
