#  Interface results for: Co14-2, IVXC=0, NK=   30
     3                                                      # NL
   0.3484850      0.5303000E-01  0.1071400E-01
    27.00000       2.621800       2.621800                  # AZ, WSR, WSR(avrg)
  -0.4939294E-01                                            # Fermi Energy
    0.0E+00                                                 # Pot.Shift
     0                                                      # SW
     2                                                      # NS
   400                                                      #     Co14-2 IS=1
    0.000000      -2699804.      -1330291.      -873974.3    
   -645954.9      -509252.8      -418208.1      -353252.1    
   -304600.6      -266818.1      -236642.9      -211999.8    
   -191505.1      -174200.9      -159403.0      -146609.8    
   -135444.9      -125620.6      -116913.0      -109145.6    
   -102176.9      -95892.55      -90198.95      -85018.77    
   -80287.57      -75951.25      -71964.00      -68286.84    
   -64886.32      -61733.64      -58803.82      -56075.13    
   -53528.53      -51147.31      -48916.72      -46823.71    
   -44856.66      -43005.23      -41260.16      -39613.14    
   -38056.69      -36584.08      -35189.20      -33866.52    
   -32611.02      -31418.12      -30283.64      -29203.75    
   -28174.96      -27194.05      -26258.07      -25364.28    
   -24510.19      -23693.46      -22911.95      -22163.67    
   -21446.76      -20759.52      -20100.34      -19467.73    
   -18860.31      -18276.77      -17715.91      -17176.59    
   -16657.75      -16158.39      -15677.58      -15214.43    
   -14768.13      -14337.88      -13922.97      -13522.69    
   -13136.40      -12763.48      -12403.35      -12055.46    
   -11719.29      -11394.34      -11080.15      -10776.28    
   -10482.30      -10197.81      -9922.447      -9655.835    
   -9397.635      -9147.522      -8905.185      -8670.328    
   -8442.669      -8221.938      -8007.880      -7800.248    
   -7598.809      -7403.340      -7213.626      -7029.464    
   -6850.657      -6677.019      -6508.370      -6344.538    
   -6185.360      -6030.678      -5880.340      -5734.201    
   -5592.122      -5453.970      -5319.616      -5188.937    
   -5061.815      -4938.135      -4817.789      -4700.670    
   -4586.678      -4475.716      -4367.688      -4262.505    
   -4160.081      -4060.330      -3963.172      -3868.530    
   -3776.327      -3686.493      -3598.956      -3513.649    
   -3430.508      -3349.469      -3270.471      -3193.457    
   -3118.369      -3045.153      -2973.755      -2904.125    
   -2836.214      -2769.972      -2705.355      -2642.318    
   -2580.816      -2520.809      -2462.255      -2405.116    
   -2349.353      -2294.929      -2241.809      -2189.959    
   -2139.344      -2089.932      -2041.691      -1994.592    
   -1948.604      -1903.699      -1859.849      -1817.026    
   -1775.205      -1734.359      -1694.465      -1655.498    
   -1617.434      -1580.252      -1543.928      -1508.443    
   -1473.774      -1439.901      -1406.806      -1374.468    
   -1342.870      -1311.992      -1281.818      -1252.331    
   -1223.514      -1195.350      -1167.824      -1140.921    
   -1114.625      -1088.922      -1063.799      -1039.240    
   -1015.234      -991.7663      -968.8248      -946.3971    
   -924.4712      -903.0353      -882.0780      -861.5883    
   -841.5552      -821.9684      -802.8174      -784.0924    
   -765.7836      -747.8816      -730.3771      -713.2611    
   -696.5249      -680.1600      -664.1580      -648.5110    
   -633.2109      -618.2502      -603.6213      -589.3169    
   -575.3300      -561.6535      -548.2807      -535.2050    
   -522.4198      -509.9190      -497.6962      -485.7454    
   -474.0607      -462.6364      -451.4668      -440.5462    
   -429.8693      -419.4308      -409.2254      -399.2480    
   -389.4936      -379.9574      -370.6346      -361.5204    
   -352.6104      -343.9000      -335.3849      -327.0608    
   -318.9236      -310.9693      -303.1939      -295.5935    
   -288.1645      -280.9031      -273.8058      -266.8693    
   -260.0900      -253.4648      -246.9903      -240.6637    
   -234.4817      -228.4414      -222.5399      -216.7744    
   -211.1421      -205.6404      -200.2664      -195.0178    
   -189.8918      -184.8861      -179.9980      -175.2253    
   -170.5655      -166.0162      -161.5752      -157.2401    
   -153.0088      -148.8790      -144.8485      -140.9151    
   -137.0767      -133.3313      -129.6767      -126.1108    
   -122.6317      -119.2374      -115.9260      -112.6954    
   -109.5439      -106.4695      -103.4705      -100.5451    
   -97.69150      -94.90808      -92.19318      -89.54519    
   -86.96255      -84.44377      -81.98736      -79.59193    
   -77.25610      -74.97857      -72.75804      -70.59330    
   -68.48315      -66.42643      -64.42204      -62.46886    
   -60.56585      -58.71193      -56.90608      -55.14728    
   -53.43448      -51.76668      -50.14284      -48.56195    
   -47.02299      -45.52493      -44.06675      -42.64745    
   -41.26604      -39.92154      -38.61300      -37.33949    
   -36.10012      -34.89403      -33.72040      -32.57845    
   -31.46743      -30.38664      -29.33539      -28.31306    
   -27.31905      -26.35277      -25.41368      -24.50127    
   -23.61502      -22.75445      -21.91910      -21.10851    
   -20.32222      -19.55981      -18.82084      -18.10487    
   -17.41148      -16.74023      -16.09069      -15.46244    
   -14.85502      -14.26801      -13.70096      -13.15342    
   -12.62494      -12.11507      -11.62335      -11.14932    
   -10.69252      -10.25248      -9.828734      -9.420827    
   -9.028291      -8.650667      -8.287494      -7.938320    
   -7.602692      -7.280168      -6.970308      -6.672681    
   -6.386863      -6.112440      -5.849005      -5.596162    
   -5.353525      -5.120720      -4.897382      -4.683159    
   -4.477710      -4.280706      -4.091830      -3.910777    
   -3.737255      -3.570982      -3.411690      -3.259122    
   -3.113031      -2.973183      -2.839354      -2.711331    
   -2.588910      -2.471897      -2.360107      -2.253365    
   -2.151503      -2.054359      -1.961782      -1.873624    
   -1.789746      -1.710014      -1.634299      -1.562478    
   -1.494432      -1.430047      -1.369215      -1.311830    
   -1.257792      -1.207005      -1.159376      -1.114818    
   -1.073247      -1.034584     -0.9987531     -0.9656843    
  -0.9353112     -0.9075716     -0.8824079     -0.8597665    
  -0.8395982     -0.8218578     -0.8065041     -0.7934997    
  -0.7828109     -0.7744072     -0.7682615     -0.7643497    
   400                                                      #     Co14-2 IS=2
    0.000000      -2699804.      -1330291.      -873974.3    
   -645954.9      -509252.8      -418208.1      -353252.1    
   -304600.7      -266818.1      -236642.9      -211999.8    
   -191505.1      -174200.9      -159403.1      -146609.8    
   -135444.9      -125620.6      -116913.1      -109145.6    
   -102176.9      -95892.55      -90198.95      -85018.77    
   -80287.57      -75951.25      -71964.00      -68286.84    
   -64886.32      -61733.64      -58803.82      -56075.13    
   -53528.53      -51147.31      -48916.73      -46823.71    
   -44856.66      -43005.23      -41260.16      -39613.14    
   -38056.69      -36584.08      -35189.20      -33866.52    
   -32611.02      -31418.12      -30283.64      -29203.75    
   -28174.96      -27194.05      -26258.07      -25364.28    
   -24510.19      -23693.46      -22911.95      -22163.67    
   -21446.76      -20759.52      -20100.34      -19467.73    
   -18860.31      -18276.77      -17715.91      -17176.59    
   -16657.75      -16158.39      -15677.58      -15214.43    
   -14768.13      -14337.88      -13922.97      -13522.69    
   -13136.40      -12763.48      -12403.35      -12055.46    
   -11719.29      -11394.34      -11080.15      -10776.28    
   -10482.30      -10197.82      -9922.448      -9655.835    
   -9397.636      -9147.523      -8905.186      -8670.329    
   -8442.670      -8221.939      -8007.881      -7800.249    
   -7598.810      -7403.341      -7213.627      -7029.465    
   -6850.658      -6677.019      -6508.370      -6344.539    
   -6185.361      -6030.679      -5880.341      -5734.202    
   -5592.123      -5453.971      -5319.617      -5188.938    
   -5061.816      -4938.136      -4817.790      -4700.671    
   -4586.679      -4475.716      -4367.689      -4262.506    
   -4160.081      -4060.331      -3963.173      -3868.531    
   -3776.328      -3686.494      -3598.957      -3513.650    
   -3430.509      -3349.470      -3270.472      -3193.458    
   -3118.370      -3045.153      -2973.756      -2904.126    
   -2836.214      -2769.973      -2705.356      -2642.318    
   -2580.817      -2520.809      -2462.256      -2405.116    
   -2349.353      -2294.930      -2241.810      -2189.959    
   -2139.344      -2089.932      -2041.692      -1994.593    
   -1948.605      -1903.700      -1859.849      -1817.027    
   -1775.205      -1734.360      -1694.465      -1655.498    
   -1617.435      -1580.252      -1543.929      -1508.443    
   -1473.774      -1439.902      -1406.806      -1374.469    
   -1342.870      -1311.993      -1281.819      -1252.332    
   -1223.514      -1195.350      -1167.824      -1140.921    
   -1114.625      -1088.923      -1063.799      -1039.241    
   -1015.234      -991.7668      -968.8253      -946.3976    
   -924.4717      -903.0358      -882.0785      -861.5888    
   -841.5557      -821.9689      -802.8179      -784.0929    
   -765.7841      -747.8821      -730.3775      -713.2615    
   -696.5253      -680.1604      -664.1584      -648.5113    
   -633.2112      -618.2505      -603.6215      -589.3171    
   -575.3301      -561.6536      -548.2807      -535.2049    
   -522.4197      -509.9187      -497.6958      -485.7449    
   -474.0602      -462.6357      -451.4659      -440.5452    
   -429.8681      -419.4294      -409.2238      -399.2462    
   -389.4917      -379.9552      -370.6321      -361.5177    
   -352.6074      -343.8967      -335.3813      -327.0569    
   -318.9193      -310.9646      -303.1888      -295.5880    
   -288.1585      -280.8967      -273.7989      -266.8618    
   -260.0820      -253.4562      -246.9812      -240.6539    
   -234.4712      -228.4302      -222.5280      -216.7618    
   -211.1287      -205.6261      -200.2513      -195.0017    
   -189.8747      -184.8679      -179.9787      -175.2048    
   -170.5437      -165.9932      -161.5508      -157.2143    
   -152.9814      -148.8499      -144.8177      -140.8825    
   -137.0422      -133.2947      -129.6379      -126.0697    
   -122.5882      -119.1914      -115.8772      -112.6437    
   -109.4892      -106.4116      -103.4092      -100.4801    
   -97.62276      -94.83535      -92.11624      -89.46382    
   -86.87654      -84.35288      -81.89139      -79.49065    
   -77.14930      -74.86605      -72.63963      -70.46883    
   -68.35249      -66.28948      -64.27873      -62.31919    
   -60.40983      -58.54967      -56.73771      -54.97300    
   -53.25456      -51.58143      -49.95264      -48.36722    
   -46.82418      -45.32253      -43.86127      -42.43941    
   -41.05594      -39.70989      -38.40028      -37.12617    
   -35.88662      -34.68075      -33.50770      -32.36664    
   -31.25680      -30.17742      -29.12781      -28.10730    
   -27.11524      -26.15105      -25.21414      -24.30399    
   -23.42006      -22.56185      -21.72890      -20.92072    
   -20.13685      -19.37686      -18.64030      -17.92674    
   -17.23573      -16.56684      -15.91965      -15.29371    
   -14.68859      -14.10384      -13.53903      -12.99370    
   -12.46741      -11.95970      -11.47012      -10.99820    
   -10.54349      -10.10552      -9.683827      -9.277958    
   -8.887448      -8.511838      -8.150671      -7.803498    
   -7.469870      -7.149345      -6.841490      -6.545876    
   -6.262083      -5.989701      -5.728327      -5.477570    
   -5.237049      -5.006392      -4.785242      -4.573249    
   -4.370079      -4.175408      -3.988923      -3.810324    
   -3.639325      -3.475648      -3.319028      -3.169213    
   -3.025960      -2.889036      -2.758219      -2.633297    
   -2.514066      -2.400329      -2.291900      -2.188598    
   -2.090249      -1.996685      -1.907745      -1.823270    
   -1.743108      -1.667114      -1.595142      -1.527054    
   -1.462717      -1.401999      -1.344774      -1.290923    
   -1.240327      -1.192877      -1.148465      -1.106990    
   -1.068358      -1.032479     -0.9992692     -0.9686498    
  -0.9405488     -0.9148994     -0.8916407     -0.8707169    
  -0.8520776     -0.8356776     -0.8214763     -0.8094376    
  -0.7995299     -0.7917252     -0.7859994     -0.7823315    
 XXXXXXXXXXXX CORE STATES XXXXXXXXXXXXXXXXXXXXXX
                                                      Co14-2     	 IS=1
  -0.4664073     -0.3192763     -0.2327063    
  -0.2956746      0.7475943     -0.2185024    
   0.1874625      0.1745452      0.1231964E-01
   0.4281204      0.1143630     -0.2427089E-02
   0.4015567E-01  0.2274269E-01   1.807846    
  -0.5726014      0.3157960      -2.484411    
  -0.4029132      0.4815515      0.1083908    
   0.1449986     -0.1093435     -0.8059925    
                                                      Co14-2     	 IS=2
  -0.4384838     -0.2616470     -0.1839360    
  -0.2770091      0.7660326     -0.9610214E-01
   0.1901669      0.1756862      0.1451506E-01
   0.4284813      0.1142272      0.7267020E-03
   0.3907874E-01  0.2276357E-01   1.483438    
  -0.5997463      0.2382014      -1.109849    
  -0.4040050      0.4783822      0.1684385    
   0.1432411     -0.1092709     -0.7196781    
     5                                                Co14-2     	
     1    0    0
   -556.2397      -556.2393    
     2    0    0
   -65.44572      -65.36888    
     2    1    0
   -56.04993      -55.99079    
     3    0    0
   -7.055428      -6.908141    
     3    1    0
   -4.385814      -4.243594    
