#  Interface results for: Co16-2, IVXC=0, NK=   30
     3                                                      # NL
   0.3484850      0.5303000E-01  0.1071400E-01
    27.00000       2.621800       2.621800                  # AZ, WSR, WSR(avrg)
  -0.4939294E-01                                            # Fermi Energy
    0.0E+00                                                 # Pot.Shift
     0                                                      # SW
     2                                                      # NS
   400                                                      #     Co16-2 IS=1
    0.000000      -2699804.      -1330291.      -873974.3    
   -645954.9      -509252.8      -418208.1      -353252.1    
   -304600.6      -266818.1      -236642.9      -211999.8    
   -191505.1      -174200.9      -159403.0      -146609.8    
   -135444.9      -125620.6      -116913.0      -109145.6    
   -102176.9      -95892.55      -90198.95      -85018.77    
   -80287.57      -75951.25      -71964.00      -68286.84    
   -64886.32      -61733.64      -58803.82      -56075.13    
   -53528.53      -51147.31      -48916.72      -46823.71    
   -44856.66      -43005.23      -41260.16      -39613.14    
   -38056.69      -36584.08      -35189.20      -33866.52    
   -32611.02      -31418.12      -30283.64      -29203.75    
   -28174.96      -27194.05      -26258.07      -25364.28    
   -24510.19      -23693.46      -22911.95      -22163.67    
   -21446.76      -20759.52      -20100.34      -19467.73    
   -18860.31      -18276.77      -17715.91      -17176.59    
   -16657.75      -16158.39      -15677.58      -15214.43    
   -14768.13      -14337.88      -13922.97      -13522.69    
   -13136.40      -12763.48      -12403.35      -12055.46    
   -11719.29      -11394.34      -11080.15      -10776.28    
   -10482.30      -10197.81      -9922.447      -9655.835    
   -9397.635      -9147.522      -8905.185      -8670.328    
   -8442.669      -8221.938      -8007.880      -7800.248    
   -7598.809      -7403.340      -7213.626      -7029.464    
   -6850.657      -6677.019      -6508.370      -6344.539    
   -6185.361      -6030.678      -5880.340      -5734.201    
   -5592.123      -5453.970      -5319.617      -5188.938    
   -5061.815      -4938.136      -4817.789      -4700.670    
   -4586.679      -4475.716      -4367.688      -4262.506    
   -4160.081      -4060.330      -3963.172      -3868.530    
   -3776.328      -3686.493      -3598.956      -3513.649    
   -3430.508      -3349.469      -3270.472      -3193.457    
   -3118.369      -3045.153      -2973.755      -2904.125    
   -2836.214      -2769.973      -2705.355      -2642.318    
   -2580.816      -2520.809      -2462.255      -2405.116    
   -2349.353      -2294.929      -2241.810      -2189.959    
   -2139.344      -2089.932      -2041.692      -1994.592    
   -1948.605      -1903.699      -1859.849      -1817.026    
   -1775.205      -1734.359      -1694.465      -1655.498    
   -1617.434      -1580.252      -1543.929      -1508.443    
   -1473.774      -1439.901      -1406.806      -1374.468    
   -1342.870      -1311.992      -1281.819      -1252.331    
   -1223.514      -1195.350      -1167.824      -1140.921    
   -1114.625      -1088.922      -1063.799      -1039.240    
   -1015.234      -991.7664      -968.8250      -946.3973    
   -924.4713      -903.0354      -882.0782      -861.5884    
   -841.5554      -821.9685      -802.8176      -784.0926    
   -765.7838      -747.8818      -730.3772      -713.2613    
   -696.5251      -680.1601      -664.1582      -648.5111    
   -633.2111      -618.2503      -603.6215      -589.3171    
   -575.3301      -561.6537      -548.2809      -535.2051    
   -522.4200      -509.9191      -497.6963      -485.7455    
   -474.0609      -462.6366      -451.4669      -440.5464    
   -429.8695      -419.4309      -409.2255      -399.2482    
   -389.4938      -379.9576      -370.6348      -361.5206    
   -352.6106      -343.9002      -335.3851      -327.0610    
   -318.9238      -310.9695      -303.1941      -295.5937    
   -288.1646      -280.9033      -273.8060      -266.8694    
   -260.0902      -253.4649      -246.9905      -240.6638    
   -234.4818      -228.4415      -222.5401      -216.7746    
   -211.1423      -205.6405      -200.2666      -195.0180    
   -189.8920      -184.8862      -179.9982      -175.2255    
   -170.5656      -166.0164      -161.5754      -157.2403    
   -153.0090      -148.8792      -144.8487      -140.9153    
   -137.0769      -133.3315      -129.6768      -126.1110    
   -122.6319      -119.2376      -115.9262      -112.6956    
   -109.5441      -106.4697      -103.4707      -100.5453    
   -97.69170      -94.90829      -92.19339      -89.54540    
   -86.96277      -84.44398      -81.98758      -79.59215    
   -77.25632      -74.97879      -72.75826      -70.59352    
   -68.48337      -66.42666      -64.42226      -62.46909    
   -60.56608      -58.71217      -56.90632      -55.14751    
   -53.43472      -51.76692      -50.14308      -48.56220    
   -47.02323      -45.52517      -44.06700      -42.64770    
   -41.26629      -39.92179      -38.61324      -37.33973    
   -36.10036      -34.89428      -33.72065      -32.57870    
   -31.46768      -30.38688      -29.33564      -28.31331    
   -27.31929      -26.35301      -25.41393      -24.50151    
   -23.61526      -22.75469      -21.91934      -21.10874    
   -20.32246      -19.56005      -18.82107      -18.10510    
   -17.41171      -16.74046      -16.09092      -15.46266    
   -14.85525      -14.26823      -13.70118      -13.15364    
   -12.62516      -12.11529      -11.62357      -11.14954    
   -10.69273      -10.25269      -9.828942      -9.421033    
   -9.028495      -8.650868      -8.287694      -7.938517    
   -7.602887      -7.280360      -6.970498      -6.672868    
   -6.387047      -6.112621      -5.849183      -5.596337    
   -5.353698      -5.120889      -4.897548      -4.683322    
   -4.477869      -4.280861      -4.091982      -3.910925    
   -3.737399      -3.571122      -3.411826      -3.259254    
   -3.113159      -2.973307      -2.839474      -2.711446    
   -2.589021      -2.472003      -2.360210      -2.253463    
   -2.151596      -2.054448      -1.961866      -1.873704    
   -1.789822      -1.710086      -1.634366      -1.562541    
   -1.494490      -1.430101      -1.369265      -1.311876    
   -1.257834      -1.207043      -1.159410      -1.114849    
   -1.073274      -1.034607     -0.9987727     -0.9657006    
  -0.9353241     -0.9075813     -0.8824143     -0.8597699    
  -0.8395987     -0.8218555     -0.8064991     -0.7934921    
  -0.7828008     -0.7743948     -0.7682469     -0.7643329    
   400                                                      #     Co16-2 IS=2
    0.000000      -2699804.      -1330291.      -873974.3    
   -645954.9      -509252.8      -418208.1      -353252.1    
   -304600.7      -266818.1      -236642.9      -211999.8    
   -191505.1      -174200.9      -159403.1      -146609.8    
   -135444.9      -125620.6      -116913.1      -109145.6    
   -102176.9      -95892.55      -90198.95      -85018.77    
   -80287.57      -75951.25      -71964.00      -68286.84    
   -64886.32      -61733.64      -58803.82      -56075.13    
   -53528.53      -51147.31      -48916.73      -46823.71    
   -44856.66      -43005.23      -41260.16      -39613.14    
   -38056.69      -36584.08      -35189.20      -33866.52    
   -32611.02      -31418.12      -30283.64      -29203.75    
   -28174.96      -27194.05      -26258.07      -25364.28    
   -24510.19      -23693.46      -22911.95      -22163.67    
   -21446.76      -20759.52      -20100.34      -19467.73    
   -18860.31      -18276.77      -17715.91      -17176.59    
   -16657.75      -16158.39      -15677.58      -15214.43    
   -14768.13      -14337.88      -13922.97      -13522.69    
   -13136.40      -12763.48      -12403.35      -12055.46    
   -11719.29      -11394.34      -11080.15      -10776.28    
   -10482.30      -10197.82      -9922.448      -9655.836    
   -9397.636      -9147.523      -8905.186      -8670.329    
   -8442.670      -8221.939      -8007.881      -7800.249    
   -7598.810      -7403.341      -7213.627      -7029.465    
   -6850.658      -6677.020      -6508.371      -6344.539    
   -6185.361      -6030.679      -5880.341      -5734.202    
   -5592.123      -5453.971      -5319.617      -5188.938    
   -5061.816      -4938.136      -4817.790      -4700.671    
   -4586.679      -4475.716      -4367.689      -4262.506    
   -4160.082      -4060.331      -3963.173      -3868.531    
   -3776.328      -3686.494      -3598.957      -3513.650    
   -3430.509      -3349.470      -3270.472      -3193.458    
   -3118.370      -3045.154      -2973.756      -2904.126    
   -2836.214      -2769.973      -2705.356      -2642.318    
   -2580.817      -2520.810      -2462.256      -2405.117    
   -2349.354      -2294.930      -2241.810      -2189.960    
   -2139.344      -2089.933      -2041.692      -1994.593    
   -1948.605      -1903.700      -1859.850      -1817.027    
   -1775.205      -1734.360      -1694.466      -1655.498    
   -1617.435      -1580.253      -1543.929      -1508.443    
   -1473.774      -1439.902      -1406.806      -1374.469    
   -1342.870      -1311.993      -1281.819      -1252.332    
   -1223.514      -1195.351      -1167.825      -1140.921    
   -1114.626      -1088.923      -1063.799      -1039.241    
   -1015.235      -991.7670      -968.8255      -946.3978    
   -924.4719      -903.0360      -882.0787      -861.5889    
   -841.5559      -821.9690      -802.8181      -784.0931    
   -765.7843      -747.8822      -730.3777      -713.2617    
   -696.5255      -680.1605      -664.1586      -648.5115    
   -633.2114      -618.2506      -603.6217      -589.3173    
   -575.3303      -561.6537      -548.2809      -535.2051    
   -522.4198      -509.9189      -497.6960      -485.7451    
   -474.0603      -462.6359      -451.4661      -440.5454    
   -429.8683      -419.4296      -409.2240      -399.2464    
   -389.4918      -379.9554      -370.6323      -361.5179    
   -352.6075      -343.8968      -335.3814      -327.0570    
   -318.9195      -310.9648      -303.1889      -295.5882    
   -288.1587      -280.8968      -273.7991      -266.8620    
   -260.0822      -253.4564      -246.9814      -240.6541    
   -234.4714      -228.4304      -222.5282      -216.7619    
   -211.1289      -205.6262      -200.2514      -195.0018    
   -189.8749      -184.8680      -179.9789      -175.2050    
   -170.5439      -165.9933      -161.5509      -157.2144    
   -152.9816      -148.8501      -144.8179      -140.8826    
   -137.0423      -133.2948      -129.6380      -126.0699    
   -122.5884      -119.1915      -115.8773      -112.6439    
   -109.4893      -106.4117      -103.4093      -100.4803    
   -97.62293      -94.83551      -92.11640      -89.46398    
   -86.87670      -84.35304      -81.89154      -79.49080    
   -77.14945      -74.86620      -72.63978      -70.46897    
   -68.35263      -66.28962      -64.27887      -62.31933    
   -60.40997      -58.54980      -56.73784      -54.97312    
   -53.25468      -51.58155      -49.95277      -48.36734    
   -46.82430      -45.32265      -43.86139      -42.43952    
   -41.05606      -39.71001      -38.40040      -37.12628    
   -35.88674      -34.68087      -33.50781      -32.36676    
   -31.25691      -30.17754      -29.12793      -28.10741    
   -27.11536      -26.15116      -25.21426      -24.30410    
   -23.42018      -22.56197      -21.72902      -20.92083    
   -20.13697      -19.37698      -18.64042      -17.92686    
   -17.23585      -16.56696      -15.91977      -15.29383    
   -14.68871      -14.10396      -13.53915      -12.99382    
   -12.46753      -11.95982      -11.47024      -10.99832    
   -10.54360      -10.10563      -9.683945      -9.278075    
   -8.887564      -8.511953      -8.150785      -7.803611    
   -7.469981      -7.149456      -6.841599      -6.545984    
   -6.262190      -5.989806      -5.728430      -5.477672    
   -5.237149      -5.006490      -4.785338      -4.573343    
   -4.370172      -4.175498      -3.989011      -3.810411    
   -3.639409      -3.475730      -3.319109      -3.169292    
   -3.026036      -2.889110      -2.758292      -2.633368    
   -2.514134      -2.400396      -2.291966      -2.188662    
   -2.090311      -1.996746      -1.907804      -1.823327    
   -1.743165      -1.667169      -1.595196      -1.527107    
   -1.462768      -1.402049      -1.344824      -1.290971    
   -1.240374      -1.192922      -1.148509      -1.107033    
   -1.068400      -1.032520     -0.9993082     -0.9686873    
  -0.9405847     -0.9149338     -0.8916733     -0.8707478    
  -0.8521067     -0.8357049     -0.8215016     -0.8094610    
  -0.7995513     -0.7917446     -0.7860167     -0.7823467    
 XXXXXXXXXXXX CORE STATES XXXXXXXXXXXXXXXXXXXXXX
                                                      Co16-2     	 IS=1
  -0.4664192     -0.3192809     -0.2328633    
  -0.2957154      0.7475476     -0.2186744    
   0.1874585      0.1745414      0.1231760E-01
   0.4281190      0.1143622     -0.2425772E-02
   0.4015822E-01  0.2274380E-01   1.808048    
  -0.5726610      0.3157557      -2.484822    
  -0.4029058      0.4815460      0.1083715    
   0.1450029     -0.1093465     -0.8060488    
                                                      Co16-2     	 IS=2
  -0.4385150     -0.2615644     -0.1840687    
  -0.2770534      0.7659774     -0.9619813E-01
   0.1901653      0.1756818      0.1451450E-01
   0.4284807      0.1142255      0.7297768E-03
   0.3907976E-01  0.2276544E-01   1.483398    
  -0.5997737      0.2379971      -1.109288    
  -0.4040018      0.4783676      0.1684621    
   0.1432429     -0.1092758     -0.7196697    
     5                                                Co16-2     	
     1    0    0
   -556.2399      -556.2394    
     2    0    0
   -65.44592      -65.36903    
     2    1    0
   -56.05013      -55.99095    
     3    0    0
   -7.055634      -6.908256    
     3    1    0
   -4.386014      -4.243706    
