#  Interface results for: Co17-2, IVXC=0, NK=   30
     3                                                      # NL
   0.3484850      0.5303000E-01  0.1071400E-01
    27.00000       2.621800       2.621800                  # AZ, WSR, WSR(avrg)
  -0.4939294E-01                                            # Fermi Energy
    0.0E+00                                                 # Pot.Shift
     0                                                      # SW
     2                                                      # NS
   400                                                      #     Co17-2 IS=1
    0.000000      -2699804.      -1330291.      -873974.3    
   -645954.9      -509252.8      -418208.1      -353252.1    
   -304600.6      -266818.1      -236642.9      -211999.8    
   -191505.1      -174200.9      -159403.0      -146609.8    
   -135444.9      -125620.6      -116913.0      -109145.6    
   -102176.9      -95892.55      -90198.95      -85018.77    
   -80287.57      -75951.25      -71964.00      -68286.84    
   -64886.32      -61733.64      -58803.82      -56075.13    
   -53528.53      -51147.31      -48916.72      -46823.71    
   -44856.66      -43005.23      -41260.16      -39613.14    
   -38056.69      -36584.08      -35189.20      -33866.52    
   -32611.02      -31418.12      -30283.64      -29203.75    
   -28174.96      -27194.05      -26258.07      -25364.28    
   -24510.19      -23693.46      -22911.95      -22163.67    
   -21446.76      -20759.52      -20100.34      -19467.73    
   -18860.31      -18276.77      -17715.91      -17176.59    
   -16657.75      -16158.39      -15677.58      -15214.43    
   -14768.13      -14337.88      -13922.97      -13522.69    
   -13136.40      -12763.48      -12403.35      -12055.46    
   -11719.29      -11394.34      -11080.15      -10776.28    
   -10482.30      -10197.81      -9922.447      -9655.835    
   -9397.635      -9147.522      -8905.185      -8670.328    
   -8442.669      -8221.938      -8007.880      -7800.248    
   -7598.809      -7403.340      -7213.626      -7029.464    
   -6850.657      -6677.019      -6508.370      -6344.539    
   -6185.360      -6030.678      -5880.340      -5734.201    
   -5592.123      -5453.970      -5319.617      -5188.938    
   -5061.815      -4938.136      -4817.789      -4700.670    
   -4586.678      -4475.716      -4367.688      -4262.505    
   -4160.081      -4060.330      -3963.172      -3868.530    
   -3776.328      -3686.493      -3598.956      -3513.649    
   -3430.508      -3349.469      -3270.472      -3193.457    
   -3118.369      -3045.153      -2973.755      -2904.125    
   -2836.214      -2769.973      -2705.355      -2642.318    
   -2580.816      -2520.809      -2462.255      -2405.116    
   -2349.353      -2294.929      -2241.809      -2189.959    
   -2139.344      -2089.932      -2041.692      -1994.592    
   -1948.605      -1903.699      -1859.849      -1817.026    
   -1775.205      -1734.359      -1694.465      -1655.498    
   -1617.434      -1580.252      -1543.929      -1508.443    
   -1473.774      -1439.901      -1406.806      -1374.468    
   -1342.870      -1311.992      -1281.819      -1252.331    
   -1223.514      -1195.350      -1167.824      -1140.921    
   -1114.625      -1088.922      -1063.799      -1039.240    
   -1015.234      -991.7664      -968.8249      -946.3972    
   -924.4713      -903.0354      -882.0781      -861.5884    
   -841.5554      -821.9685      -802.8176      -784.0926    
   -765.7838      -747.8817      -730.3772      -713.2612    
   -696.5251      -680.1601      -664.1582      -648.5111    
   -633.2111      -618.2503      -603.6214      -589.3171    
   -575.3301      -561.6537      -548.2809      -535.2051    
   -522.4200      -509.9191      -497.6963      -485.7455    
   -474.0609      -462.6366      -451.4669      -440.5463    
   -429.8695      -419.4309      -409.2255      -399.2481    
   -389.4938      -379.9576      -370.6347      -361.5206    
   -352.6105      -343.9002      -335.3850      -327.0610    
   -318.9238      -310.9695      -303.1940      -295.5937    
   -288.1646      -280.9032      -273.8060      -266.8694    
   -260.0902      -253.4649      -246.9905      -240.6638    
   -234.4818      -228.4415      -222.5400      -216.7746    
   -211.1423      -205.6405      -200.2666      -195.0180    
   -189.8920      -184.8862      -179.9982      -175.2254    
   -170.5656      -166.0164      -161.5754      -157.2403    
   -153.0090      -148.8792      -144.8486      -140.9153    
   -137.0769      -133.3315      -129.6768      -126.1110    
   -122.6319      -119.2376      -115.9261      -112.6956    
   -109.5441      -106.4697      -103.4707      -100.5453    
   -97.69168      -94.90827      -92.19337      -89.54538    
   -86.96275      -84.44396      -81.98755      -79.59212    
   -77.25630      -74.97876      -72.75824      -70.59350    
   -68.48335      -66.42664      -64.42224      -62.46907    
   -60.56605      -58.71214      -56.90630      -55.14749    
   -53.43469      -51.76689      -50.14306      -48.56217    
   -47.02321      -45.52515      -44.06697      -42.64767    
   -41.26626      -39.92176      -38.61322      -37.33971    
   -36.10034      -34.89425      -33.72062      -32.57867    
   -31.46765      -30.38686      -29.33561      -28.31328    
   -27.31927      -26.35299      -25.41390      -24.50148    
   -23.61523      -22.75466      -21.91931      -21.10872    
   -20.32243      -19.56002      -18.82105      -18.10508    
   -17.41168      -16.74043      -16.09090      -15.46264    
   -14.85522      -14.26821      -13.70116      -13.15362    
   -12.62514      -12.11527      -11.62355      -11.14951    
   -10.69271      -10.25266      -9.828921      -9.421012    
   -9.028475      -8.650848      -8.287674      -7.938497    
   -7.602868      -7.280341      -6.970479      -6.672850    
   -6.387030      -6.112604      -5.849166      -5.596321    
   -5.353682      -5.120874      -4.897533      -4.683307    
   -4.477855      -4.280848      -4.091969      -3.910913    
   -3.737387      -3.571111      -3.411816      -3.259244    
   -3.113150      -2.973298      -2.839466      -2.711439    
   -2.589014      -2.471998      -2.360205      -2.253459    
   -2.151592      -2.054445      -1.961864      -1.873703    
   -1.789821      -1.710085      -1.634367      -1.562542    
   -1.494492      -1.430104      -1.369268      -1.311880    
   -1.257838      -1.207048      -1.159416      -1.114855    
   -1.073280      -1.034614     -0.9987803     -0.9657086    
  -0.9353326     -0.9075902     -0.8824236     -0.8597796    
  -0.8396087     -0.8218658     -0.8065097     -0.7935029    
  -0.7828118     -0.7744059     -0.7682582     -0.7643443    
   400                                                      #     Co17-2 IS=2
    0.000000      -2699804.      -1330291.      -873974.3    
   -645954.9      -509252.8      -418208.1      -353252.1    
   -304600.7      -266818.1      -236642.9      -211999.8    
   -191505.1      -174200.9      -159403.1      -146609.8    
   -135444.9      -125620.6      -116913.1      -109145.6    
   -102176.9      -95892.55      -90198.95      -85018.77    
   -80287.57      -75951.25      -71964.00      -68286.84    
   -64886.32      -61733.64      -58803.82      -56075.13    
   -53528.53      -51147.31      -48916.73      -46823.71    
   -44856.66      -43005.23      -41260.16      -39613.14    
   -38056.69      -36584.08      -35189.20      -33866.52    
   -32611.02      -31418.12      -30283.64      -29203.75    
   -28174.96      -27194.05      -26258.07      -25364.28    
   -24510.19      -23693.46      -22911.95      -22163.67    
   -21446.76      -20759.52      -20100.34      -19467.73    
   -18860.31      -18276.77      -17715.91      -17176.59    
   -16657.75      -16158.39      -15677.58      -15214.43    
   -14768.13      -14337.88      -13922.97      -13522.69    
   -13136.40      -12763.48      -12403.35      -12055.46    
   -11719.29      -11394.34      -11080.15      -10776.28    
   -10482.30      -10197.82      -9922.448      -9655.836    
   -9397.636      -9147.523      -8905.186      -8670.329    
   -8442.670      -8221.939      -8007.881      -7800.249    
   -7598.810      -7403.341      -7213.627      -7029.465    
   -6850.658      -6677.020      -6508.371      -6344.539    
   -6185.361      -6030.679      -5880.341      -5734.202    
   -5592.123      -5453.971      -5319.617      -5188.938    
   -5061.816      -4938.136      -4817.790      -4700.671    
   -4586.679      -4475.716      -4367.689      -4262.506    
   -4160.082      -4060.331      -3963.173      -3868.531    
   -3776.328      -3686.494      -3598.957      -3513.650    
   -3430.509      -3349.470      -3270.472      -3193.458    
   -3118.370      -3045.154      -2973.756      -2904.126    
   -2836.214      -2769.973      -2705.356      -2642.318    
   -2580.817      -2520.810      -2462.256      -2405.117    
   -2349.354      -2294.930      -2241.810      -2189.960    
   -2139.344      -2089.933      -2041.692      -1994.593    
   -1948.605      -1903.700      -1859.849      -1817.027    
   -1775.205      -1734.360      -1694.466      -1655.498    
   -1617.435      -1580.253      -1543.929      -1508.443    
   -1473.774      -1439.902      -1406.806      -1374.469    
   -1342.870      -1311.993      -1281.819      -1252.332    
   -1223.514      -1195.351      -1167.825      -1140.921    
   -1114.625      -1088.923      -1063.799      -1039.241    
   -1015.235      -991.7670      -968.8255      -946.3978    
   -924.4719      -903.0359      -882.0787      -861.5889    
   -841.5559      -821.9690      -802.8181      -784.0931    
   -765.7843      -747.8822      -730.3777      -713.2617    
   -696.5255      -680.1605      -664.1586      -648.5115    
   -633.2114      -618.2506      -603.6217      -589.3173    
   -575.3303      -561.6537      -548.2809      -535.2051    
   -522.4198      -509.9189      -497.6960      -485.7451    
   -474.0603      -462.6359      -451.4661      -440.5453    
   -429.8683      -419.4296      -409.2240      -399.2464    
   -389.4918      -379.9554      -370.6323      -361.5179    
   -352.6075      -343.8968      -335.3814      -327.0570    
   -318.9195      -310.9648      -303.1889      -295.5881    
   -288.1587      -280.8968      -273.7991      -266.8620    
   -260.0822      -253.4564      -246.9814      -240.6541    
   -234.4714      -228.4304      -222.5282      -216.7619    
   -211.1288      -205.6262      -200.2514      -195.0018    
   -189.8749      -184.8680      -179.9789      -175.2050    
   -170.5439      -165.9933      -161.5509      -157.2144    
   -152.9815      -148.8501      -144.8178      -140.8826    
   -137.0423      -133.2948      -129.6380      -126.0699    
   -122.5884      -119.1915      -115.8773      -112.6439    
   -109.4893      -106.4117      -103.4093      -100.4803    
   -97.62291      -94.83550      -92.11639      -89.46397    
   -86.87668      -84.35302      -81.89153      -79.49079    
   -77.14944      -74.86619      -72.63977      -70.46896    
   -68.35262      -66.28961      -64.27886      -62.31932    
   -60.40996      -58.54979      -56.73783      -54.97312    
   -53.25468      -51.58155      -49.95276      -48.36734    
   -46.82429      -45.32264      -43.86138      -42.43952    
   -41.05605      -39.71000      -38.40039      -37.12628    
   -35.88673      -34.68086      -33.50781      -32.36675    
   -31.25691      -30.17753      -29.12792      -28.10740    
   -27.11535      -26.15116      -25.21425      -24.30410    
   -23.42017      -22.56197      -21.72901      -20.92083    
   -20.13697      -19.37698      -18.64042      -17.92685    
   -17.23584      -16.56696      -15.91976      -15.29382    
   -14.68870      -14.10396      -13.53914      -12.99382    
   -12.46753      -11.95982      -11.47023      -10.99831    
   -10.54360      -10.10563      -9.683938      -9.278068    
   -8.887557      -8.511946      -8.150779      -7.803605    
   -7.469975      -7.149450      -6.841594      -6.545978    
   -6.262184      -5.989801      -5.728426      -5.477667    
   -5.237144      -5.006486      -4.785334      -4.573340    
   -4.370168      -4.175495      -3.989008      -3.810408    
   -3.639407      -3.475728      -3.319107      -3.169290    
   -3.026035      -2.889109      -2.758291      -2.633367    
   -2.514134      -2.400396      -2.291966      -2.188662    
   -2.090312      -1.996747      -1.907804      -1.823328    
   -1.743166      -1.667170      -1.595197      -1.527108    
   -1.462770      -1.402050      -1.344825      -1.290972    
   -1.240375      -1.192923      -1.148510      -1.107035    
   -1.068401      -1.032521     -0.9993095     -0.9686886    
  -0.9405861     -0.9149352     -0.8916748     -0.8707493    
  -0.8521083     -0.8357065     -0.8215034     -0.8094628    
  -0.7995531     -0.7917465     -0.7860187     -0.7823487    
 XXXXXXXXXXXX CORE STATES XXXXXXXXXXXXXXXXXXXXXX
                                                      Co17-2     	 IS=1
  -0.4664216     -0.3192798     -0.2328501    
  -0.2957194      0.7475436     -0.2186589    
   0.1874590      0.1745417      0.1231791E-01
   0.4281191      0.1143622     -0.2425957E-02
   0.4015800E-01  0.2274377E-01   1.808018    
  -0.5726661      0.3157445      -2.484758    
  -0.4029060      0.4815457      0.1083744    
   0.1450026     -0.1093464     -0.8060403    
                                                      Co17-2     	 IS=2
  -0.4385107     -0.2615902     -0.1840584    
  -0.2770541      0.7659787     -0.9619393E-01
   0.1901653      0.1756825      0.1451453E-01
   0.4284806      0.1142259      0.7293413E-03
   0.3907985E-01  0.2276511E-01   1.483407    
  -0.5997855      0.2380388      -1.109375    
  -0.4040011      0.4783704      0.1684581    
   0.1432430     -0.1092749     -0.7196722    
     5                                                Co17-2     	
     1    0    0
   -556.2399      -556.2394    
     2    0    0
   -65.44591      -65.36902    
     2    1    0
   -56.05011      -55.99094    
     3    0    0
   -7.055614      -6.908249    
     3    1    0
   -4.385994      -4.243700    
