#  Interface results for: Co20-2, IVXC=0, NK=   30
     3                                                      # NL
   0.3484850      0.5303000E-01  0.1071400E-01
    27.00000       2.621800       2.621800                  # AZ, WSR, WSR(avrg)
  -0.4939294E-01                                            # Fermi Energy
    0.0E+00                                                 # Pot.Shift
     0                                                      # SW
     2                                                      # NS
   400                                                      #     Co20-2 IS=1
    0.000000      -2699804.      -1330291.      -873974.3    
   -645954.9      -509252.8      -418208.1      -353252.1    
   -304600.6      -266818.1      -236642.9      -211999.8    
   -191505.1      -174200.9      -159403.0      -146609.8    
   -135444.9      -125620.6      -116913.0      -109145.6    
   -102176.9      -95892.55      -90198.95      -85018.77    
   -80287.57      -75951.25      -71964.00      -68286.84    
   -64886.32      -61733.64      -58803.82      -56075.13    
   -53528.53      -51147.31      -48916.72      -46823.71    
   -44856.66      -43005.23      -41260.16      -39613.14    
   -38056.69      -36584.08      -35189.20      -33866.52    
   -32611.02      -31418.12      -30283.64      -29203.75    
   -28174.96      -27194.05      -26258.07      -25364.28    
   -24510.19      -23693.46      -22911.95      -22163.67    
   -21446.76      -20759.52      -20100.34      -19467.73    
   -18860.31      -18276.77      -17715.91      -17176.59    
   -16657.75      -16158.39      -15677.58      -15214.43    
   -14768.13      -14337.88      -13922.97      -13522.69    
   -13136.40      -12763.48      -12403.35      -12055.46    
   -11719.29      -11394.34      -11080.15      -10776.28    
   -10482.30      -10197.81      -9922.447      -9655.835    
   -9397.635      -9147.522      -8905.185      -8670.328    
   -8442.669      -8221.938      -8007.880      -7800.248    
   -7598.809      -7403.340      -7213.626      -7029.464    
   -6850.657      -6677.019      -6508.370      -6344.538    
   -6185.360      -6030.678      -5880.340      -5734.201    
   -5592.122      -5453.970      -5319.617      -5188.938    
   -5061.815      -4938.135      -4817.789      -4700.670    
   -4586.678      -4475.716      -4367.688      -4262.505    
   -4160.081      -4060.330      -3963.172      -3868.530    
   -3776.328      -3686.493      -3598.956      -3513.649    
   -3430.508      -3349.469      -3270.472      -3193.457    
   -3118.369      -3045.153      -2973.755      -2904.125    
   -2836.214      -2769.972      -2705.355      -2642.318    
   -2580.816      -2520.809      -2462.255      -2405.116    
   -2349.353      -2294.929      -2241.809      -2189.959    
   -2139.344      -2089.932      -2041.692      -1994.592    
   -1948.604      -1903.699      -1859.849      -1817.026    
   -1775.205      -1734.359      -1694.465      -1655.498    
   -1617.434      -1580.252      -1543.928      -1508.443    
   -1473.774      -1439.901      -1406.806      -1374.468    
   -1342.870      -1311.992      -1281.819      -1252.331    
   -1223.514      -1195.350      -1167.824      -1140.921    
   -1114.625      -1088.922      -1063.799      -1039.240    
   -1015.234      -991.7664      -968.8249      -946.3972    
   -924.4713      -903.0354      -882.0781      -861.5884    
   -841.5553      -821.9685      -802.8175      -784.0925    
   -765.7838      -747.8817      -730.3772      -713.2612    
   -696.5250      -680.1601      -664.1582      -648.5111    
   -633.2110      -618.2503      -603.6214      -589.3171    
   -575.3301      -561.6536      -548.2808      -535.2051    
   -522.4200      -509.9191      -497.6963      -485.7455    
   -474.0609      -462.6365      -451.4669      -440.5463    
   -429.8694      -419.4309      -409.2255      -399.2481    
   -389.4938      -379.9576      -370.6347      -361.5206    
   -352.6105      -343.9001      -335.3850      -327.0609    
   -318.9238      -310.9694      -303.1940      -295.5936    
   -288.1646      -280.9032      -273.8060      -266.8694    
   -260.0901      -253.4649      -246.9905      -240.6638    
   -234.4818      -228.4415      -222.5400      -216.7745    
   -211.1423      -205.6405      -200.2666      -195.0179    
   -189.8920      -184.8862      -179.9982      -175.2254    
   -170.5656      -166.0163      -161.5753      -157.2403    
   -153.0090      -148.8791      -144.8486      -140.9152    
   -137.0769      -133.3314      -129.6768      -126.1110    
   -122.6319      -119.2376      -115.9261      -112.6956    
   -109.5440      -106.4697      -103.4706      -100.5452    
   -97.69165      -94.90824      -92.19334      -89.54535    
   -86.96272      -84.44393      -81.98753      -79.59210    
   -77.25627      -74.97874      -72.75821      -70.59347    
   -68.48332      -66.42661      -64.42222      -62.46905    
   -60.56603      -58.71212      -56.90627      -55.14747    
   -53.43467      -51.76687      -50.14304      -48.56215    
   -47.02319      -45.52513      -44.06695      -42.64766    
   -41.26624      -39.92174      -38.61320      -37.33969    
   -36.10032      -34.89423      -33.72060      -32.57865    
   -31.46763      -30.38684      -29.33559      -28.31326    
   -27.31925      -26.35297      -25.41388      -24.50147    
   -23.61521      -22.75465      -21.91929      -21.10870    
   -20.32242      -19.56001      -18.82103      -18.10506    
   -17.41167      -16.74042      -16.09088      -15.46262    
   -14.85521      -14.26820      -13.70114      -13.15360    
   -12.62513      -12.11525      -11.62353      -11.14950    
   -10.69269      -10.25265      -9.828908      -9.420999    
   -9.028462      -8.650836      -8.287662      -7.938486    
   -7.602857      -7.280331      -6.970470      -6.672841    
   -6.387021      -6.112596      -5.849159      -5.596314    
   -5.353676      -5.120868      -4.897529      -4.683303    
   -4.477852      -4.280845      -4.091967      -3.910912    
   -3.737387      -3.571111      -3.411817      -3.259246    
   -3.113152      -2.973302      -2.839470      -2.711444    
   -2.589020      -2.472004      -2.360212      -2.253467    
   -2.151601      -2.054455      -1.961874      -1.873713    
   -1.789832      -1.710097      -1.634378      -1.562554    
   -1.494504      -1.430116      -1.369281      -1.311892    
   -1.257851      -1.207060      -1.159427      -1.114866    
   -1.073291      -1.034624     -0.9987889     -0.9657161    
  -0.9353388     -0.9075949     -0.8824268     -0.8597809    
  -0.8396079     -0.8218628     -0.8065042     -0.7934948    
  -0.7828007     -0.7743916     -0.7682404     -0.7643227    
   400                                                      #     Co20-2 IS=2
    0.000000      -2699804.      -1330291.      -873974.3    
   -645954.9      -509252.8      -418208.1      -353252.1    
   -304600.7      -266818.1      -236642.9      -211999.8    
   -191505.1      -174200.9      -159403.1      -146609.8    
   -135444.9      -125620.6      -116913.1      -109145.6    
   -102176.9      -95892.55      -90198.95      -85018.77    
   -80287.57      -75951.25      -71964.00      -68286.84    
   -64886.32      -61733.64      -58803.82      -56075.13    
   -53528.53      -51147.31      -48916.73      -46823.71    
   -44856.66      -43005.23      -41260.16      -39613.14    
   -38056.69      -36584.08      -35189.20      -33866.52    
   -32611.02      -31418.12      -30283.64      -29203.75    
   -28174.96      -27194.05      -26258.07      -25364.28    
   -24510.19      -23693.46      -22911.95      -22163.67    
   -21446.76      -20759.52      -20100.34      -19467.73    
   -18860.31      -18276.77      -17715.91      -17176.59    
   -16657.75      -16158.39      -15677.58      -15214.43    
   -14768.13      -14337.88      -13922.97      -13522.69    
   -13136.40      -12763.48      -12403.35      -12055.46    
   -11719.29      -11394.34      -11080.15      -10776.28    
   -10482.30      -10197.82      -9922.448      -9655.836    
   -9397.636      -9147.523      -8905.186      -8670.329    
   -8442.670      -8221.939      -8007.881      -7800.249    
   -7598.810      -7403.341      -7213.627      -7029.465    
   -6850.658      -6677.020      -6508.371      -6344.539    
   -6185.361      -6030.679      -5880.341      -5734.202    
   -5592.123      -5453.971      -5319.617      -5188.938    
   -5061.816      -4938.136      -4817.790      -4700.671    
   -4586.679      -4475.716      -4367.689      -4262.506    
   -4160.081      -4060.331      -3963.173      -3868.531    
   -3776.328      -3686.494      -3598.957      -3513.650    
   -3430.509      -3349.470      -3270.472      -3193.458    
   -3118.370      -3045.154      -2973.756      -2904.126    
   -2836.214      -2769.973      -2705.356      -2642.318    
   -2580.817      -2520.810      -2462.256      -2405.117    
   -2349.354      -2294.930      -2241.810      -2189.959    
   -2139.344      -2089.933      -2041.692      -1994.593    
   -1948.605      -1903.700      -1859.849      -1817.027    
   -1775.205      -1734.360      -1694.466      -1655.498    
   -1617.435      -1580.252      -1543.929      -1508.443    
   -1473.774      -1439.902      -1406.806      -1374.469    
   -1342.870      -1311.993      -1281.819      -1252.332    
   -1223.514      -1195.351      -1167.825      -1140.921    
   -1114.625      -1088.923      -1063.799      -1039.241    
   -1015.235      -991.7669      -968.8255      -946.3978    
   -924.4718      -903.0359      -882.0786      -861.5889    
   -841.5559      -821.9690      -802.8180      -784.0930    
   -765.7842      -747.8822      -730.3776      -713.2616    
   -696.5254      -680.1605      -664.1585      -648.5114    
   -633.2113      -618.2506      -603.6216      -589.3172    
   -575.3302      -561.6537      -548.2808      -535.2050    
   -522.4198      -509.9188      -497.6959      -485.7450    
   -474.0603      -462.6358      -451.4660      -440.5453    
   -429.8683      -419.4295      -409.2239      -399.2464    
   -389.4918      -379.9553      -370.6323      -361.5178    
   -352.6075      -343.8968      -335.3814      -327.0570    
   -318.9194      -310.9647      -303.1889      -295.5881    
   -288.1586      -280.8968      -273.7990      -266.8620    
   -260.0822      -253.4563      -246.9813      -240.6540    
   -234.4714      -228.4304      -222.5282      -216.7619    
   -211.1288      -205.6262      -200.2514      -195.0018    
   -189.8748      -184.8680      -179.9788      -175.2049    
   -170.5439      -165.9933      -161.5509      -157.2144    
   -152.9815      -148.8501      -144.8178      -140.8826    
   -137.0423      -133.2948      -129.6380      -126.0699    
   -122.5883      -119.1915      -115.8773      -112.6438    
   -109.4893      -106.4117      -103.4093      -100.4802    
   -97.62287      -94.83546      -92.11635      -89.46393    
   -86.87664      -84.35298      -81.89149      -79.49074    
   -77.14940      -74.86615      -72.63972      -70.46892    
   -68.35258      -66.28957      -64.27882      -62.31927    
   -60.40991      -58.54974      -56.73778      -54.97307    
   -53.25463      -51.58150      -49.95271      -48.36729    
   -46.82424      -45.32259      -43.86133      -42.43947    
   -41.05600      -39.70995      -38.40034      -37.12623    
   -35.88668      -34.68081      -33.50776      -32.36670    
   -31.25686      -30.17748      -29.12787      -28.10736    
   -27.11530      -26.15111      -25.21421      -24.30405    
   -23.42012      -22.56192      -21.72896      -20.92078    
   -20.13692      -19.37693      -18.64037      -17.92681    
   -17.23580      -16.56691      -15.91972      -15.29378    
   -14.68866      -14.10392      -13.53910      -12.99378    
   -12.46749      -11.95978      -11.47019      -10.99827    
   -10.54356      -10.10559      -9.683903      -9.278034    
   -8.887523      -8.511913      -8.150746      -7.803573    
   -7.469944      -7.149420      -6.841564      -6.545950    
   -6.262156      -5.989774      -5.728399      -5.477642    
   -5.237120      -5.006463      -4.785311      -4.573318    
   -4.370148      -4.175475      -3.988990      -3.810391    
   -3.639391      -3.475713      -3.319093      -3.169277    
   -3.026023      -2.889099      -2.758282      -2.633359    
   -2.514127      -2.400390      -2.291961      -2.188659    
   -2.090309      -1.996745      -1.907804      -1.823329    
   -1.743167      -1.667172      -1.595200      -1.527112    
   -1.462774      -1.402056      -1.344831      -1.290978    
   -1.240382      -1.192930      -1.148517      -1.107042    
   -1.068408      -1.032528     -0.9993155     -0.9686941    
  -0.9405907     -0.9149389     -0.8916773     -0.8707505    
  -0.8521080     -0.8357044     -0.8214993     -0.8094565    
  -0.7995443     -0.7917349     -0.7860040     -0.7823307    
 XXXXXXXXXXXX CORE STATES XXXXXXXXXXXXXXXXXXXXXX
                                                      Co20-2     	 IS=1
  -0.4662852     -0.3191339     -0.2328312    
  -0.2957213      0.7475310     -0.2186506    
   0.1874575      0.1745376      0.1231806E-01
   0.4281159      0.1143604     -0.2426632E-02
   0.4016186E-01  0.2274574E-01   1.808023    
  -0.5729888      0.3155067      -2.485109    
  -0.4028855      0.4815293      0.1083665    
   0.1450095     -0.1093513     -0.8060408    
                                                      Co20-2     	 IS=2
  -0.4383910     -0.2614810     -0.1840272    
  -0.2770513      0.7659748     -0.9616716E-01
   0.1901644      0.1756799      0.1451493E-01
   0.4284781      0.1142246      0.7288936E-03
   0.3908280E-01  0.2276645E-01   1.483385    
  -0.6000577      0.2378640      -1.109471    
  -0.4039844      0.4783587      0.1684557    
   0.1432484     -0.1092783     -0.7196654    
     5                                                Co20-2     	
     1    0    0
   -556.2398      -556.2394    
     2    0    0
   -65.44588      -65.36898    
     2    1    0
   -56.05008      -55.99090    
     3    0    0
   -7.055600      -6.908213    
     3    1    0
   -4.385982      -4.243665    
