#  Interface results for: CoI11-2, IVXC=0, NK=   30
     3                                                      # NL
   0.3484850      0.5303000E-01  0.1071400E-01
    27.00000       2.621800       2.621800                  # AZ, WSR, WSR(avrg)
  -0.4939294E-01                                            # Fermi Energy
    0.0E+00                                                 # Pot.Shift
     0                                                      # SW
     2                                                      # NS
   400                                                      #     CoI11- IS=1
    0.000000      -2699804.      -1330291.      -873974.3    
   -645954.9      -509252.8      -418208.1      -353252.1    
   -304600.6      -266818.0      -236642.9      -211999.8    
   -191505.1      -174200.9      -159403.0      -146609.8    
   -135444.9      -125620.6      -116913.0      -109145.6    
   -102176.9      -95892.55      -90198.94      -85018.76    
   -80287.57      -75951.24      -71964.00      -68286.83    
   -64886.31      -61733.63      -58803.82      -56075.12    
   -53528.52      -51147.31      -48916.72      -46823.71    
   -44856.66      -43005.23      -41260.15      -39613.13    
   -38056.69      -36584.07      -35189.20      -33866.52    
   -32611.02      -31418.11      -30283.63      -29203.74    
   -28174.95      -27194.05      -26258.06      -25364.28    
   -24510.18      -23693.46      -22911.95      -22163.66    
   -21446.76      -20759.51      -20100.33      -19467.72    
   -18860.30      -18276.77      -17715.91      -17176.59    
   -16657.75      -16158.39      -15677.57      -15214.43    
   -14768.12      -14337.88      -13922.96      -13522.69    
   -13136.40      -12763.48      -12403.35      -12055.46    
   -11719.28      -11394.34      -11080.15      -10776.27    
   -10482.29      -10197.81      -9922.441      -9655.829    
   -9397.630      -9147.517      -8905.180      -8670.323    
   -8442.664      -8221.933      -8007.874      -7800.243    
   -7598.804      -7403.335      -7213.621      -7029.458    
   -6850.651      -6677.013      -6508.364      -6344.533    
   -6185.355      -6030.672      -5880.334      -5734.196    
   -5592.117      -5453.965      -5319.611      -5188.932    
   -5061.810      -4938.130      -4817.783      -4700.665    
   -4586.673      -4475.710      -4367.683      -4262.500    
   -4160.075      -4060.324      -3963.167      -3868.524    
   -3776.322      -3686.487      -3598.950      -3513.644    
   -3430.502      -3349.463      -3270.466      -3193.452    
   -3118.364      -3045.147      -2973.750      -2904.120    
   -2836.208      -2769.967      -2705.350      -2642.312    
   -2580.811      -2520.803      -2462.250      -2405.110    
   -2349.347      -2294.924      -2241.804      -2189.953    
   -2139.338      -2089.926      -2041.686      -1994.587    
   -1948.599      -1903.694      -1859.843      -1817.020    
   -1775.199      -1734.354      -1694.459      -1655.492    
   -1617.429      -1580.246      -1543.923      -1508.437    
   -1473.768      -1439.896      -1406.800      -1374.462    
   -1342.864      -1311.987      -1281.813      -1252.325    
   -1223.508      -1195.344      -1167.818      -1140.915    
   -1114.619      -1088.916      -1063.793      -1039.235    
   -1015.228      -991.7604      -968.8189      -946.3912    
   -924.4653      -903.0294      -882.0721      -861.5823    
   -841.5493      -821.9624      -802.8114      -784.0864    
   -765.7776      -747.8755      -730.3710      -713.2550    
   -696.5188      -680.1538      -664.1519      -648.5048    
   -633.2047      -618.2439      -603.6150      -589.3106    
   -575.3237      -561.6472      -548.2743      -535.1986    
   -522.4134      -509.9125      -497.6896      -485.7388    
   -474.0542      -462.6298      -451.4601      -440.5395    
   -429.8626      -419.4240      -409.2185      -399.2411    
   -389.4867      -379.9505      -370.6276      -361.5134    
   -352.6033      -343.8928      -335.3777      -327.0535    
   -318.9163      -310.9619      -303.1864      -295.5860    
   -288.1569      -280.8954      -273.7981      -266.8615    
   -260.0821      -253.4568      -246.9823      -240.6556    
   -234.4735      -228.4331      -222.5316      -216.7660    
   -211.1336      -205.6318      -200.2578      -195.0090    
   -189.8830      -184.8771      -179.9890      -175.2161    
   -170.5562      -166.0068      -161.5657      -157.2306    
   -152.9991      -148.8692      -144.8386      -140.9051    
   -137.0666      -133.3210      -129.6662      -126.1003    
   -122.6210      -119.2266      -115.9150      -112.6843    
   -109.5326      -106.4581      -103.4589      -100.5333    
   -97.67960      -94.89602      -92.18094      -89.53277    
   -86.94995      -84.43098      -81.97438      -79.57875    
   -77.24273      -74.96498      -72.74425      -70.57930    
   -68.46893      -66.41201      -64.40740      -62.45402    
   -60.55080      -58.69669      -56.89065      -55.13166    
   -53.41869      -51.75073      -50.12676      -48.54574    
   -47.00667      -45.50851      -44.05026      -42.63091    
   -41.24947      -39.90495      -38.59641      -37.32291    
   -36.08358      -34.87754      -33.70397      -32.56210    
   -31.45117      -30.37047      -29.31933      -28.29712    
   -27.30323      -26.33708      -25.39813      -24.48585    
   -23.59975      -22.73933      -21.90413      -21.09370    
   -20.30758      -19.54534      -18.80653      -18.09074    
   -17.39752      -16.72646      -16.07711      -15.44904    
   -14.84183      -14.25502      -13.68818      -13.14085    
   -12.61260      -12.10295      -11.61147      -11.13768    
   -10.68112      -10.24134      -9.817861      -9.410229    
   -9.017978      -8.640647      -8.277778      -7.928917    
   -7.593614      -7.271424      -6.961909      -6.664638    
   -6.379187      -6.105141      -5.842095      -5.589651    
   -5.347424      -5.115039      -4.892131      -4.678348    
   -4.473348      -4.276802      -4.088393      -3.907815    
   -3.734775      -3.568991      -3.410194      -3.258125    
   -3.112538      -2.973198      -2.839878      -2.712366    
   -2.590455      -2.473952      -2.362670      -2.256432    
   -2.155069      -2.058419      -1.966328      -1.878648    
   -1.795238      -1.715963      -1.640693      -1.569303    
   -1.501675      -1.437692      -1.377244      -1.320227    
   -1.266539      -1.216081      -1.168762      -1.124493    
   -1.083189      -1.044770      -1.009161     -0.9762907    
  -0.9460915     -0.9185011     -0.8934613     -0.8709180    
  -0.8508215     -0.8331263     -0.8177905     -0.8047764    
  -0.7940499     -0.7855801     -0.7793397     -0.7753040    
   400                                                      #     CoI11- IS=2
    0.000000      -2699804.      -1330291.      -873974.3    
   -645954.9      -509252.8      -418208.1      -353252.1    
   -304600.6      -266818.1      -236642.9      -211999.8    
   -191505.1      -174200.9      -159403.0      -146609.8    
   -135444.9      -125620.6      -116913.0      -109145.6    
   -102176.9      -95892.55      -90198.94      -85018.76    
   -80287.57      -75951.24      -71964.00      -68286.83    
   -64886.32      -61733.63      -58803.82      -56075.12    
   -53528.53      -51147.31      -48916.72      -46823.71    
   -44856.66      -43005.23      -41260.16      -39613.13    
   -38056.69      -36584.08      -35189.20      -33866.52    
   -32611.02      -31418.12      -30283.63      -29203.75    
   -28174.96      -27194.05      -26258.06      -25364.28    
   -24510.18      -23693.46      -22911.95      -22163.66    
   -21446.76      -20759.51      -20100.33      -19467.73    
   -18860.30      -18276.77      -17715.91      -17176.59    
   -16657.75      -16158.39      -15677.57      -15214.43    
   -14768.12      -14337.88      -13922.96      -13522.69    
   -13136.40      -12763.48      -12403.35      -12055.46    
   -11719.28      -11394.34      -11080.15      -10776.27    
   -10482.29      -10197.81      -9922.442      -9655.830    
   -9397.631      -9147.518      -8905.181      -8670.324    
   -8442.664      -8221.934      -8007.875      -7800.243    
   -7598.805      -7403.335      -7213.622      -7029.459    
   -6850.652      -6677.014      -6508.365      -6344.534    
   -6185.356      -6030.673      -5880.335      -5734.196    
   -5592.118      -5453.966      -5319.612      -5188.933    
   -5061.810      -4938.131      -4817.784      -4700.666    
   -4586.674      -4475.711      -4367.683      -4262.501    
   -4160.076      -4060.325      -3963.167      -3868.525    
   -3776.323      -3686.488      -3598.951      -3513.645    
   -3430.503      -3349.464      -3270.467      -3193.452    
   -3118.364      -3045.148      -2973.750      -2904.120    
   -2836.209      -2769.967      -2705.350      -2642.313    
   -2580.811      -2520.804      -2462.250      -2405.111    
   -2349.348      -2294.924      -2241.804      -2189.954    
   -2139.339      -2089.927      -2041.686      -1994.587    
   -1948.599      -1903.694      -1859.844      -1817.021    
   -1775.200      -1734.354      -1694.460      -1655.493    
   -1617.429      -1580.247      -1543.923      -1508.437    
   -1473.768      -1439.896      -1406.801      -1374.463    
   -1342.864      -1311.987      -1281.813      -1252.326    
   -1223.508      -1195.345      -1167.819      -1140.915    
   -1114.619      -1088.917      -1063.793      -1039.235    
   -1015.228      -991.7608      -968.8194      -946.3916    
   -924.4657      -903.0298      -882.0725      -861.5827    
   -841.5496      -821.9628      -802.8118      -784.0868    
   -765.7779      -747.8759      -730.3713      -713.2553    
   -696.5190      -680.1541      -664.1521      -648.5050    
   -633.2048      -618.2440      -603.6151      -589.3106    
   -575.3236      -561.6471      -548.2742      -535.1983    
   -522.4131      -509.9121      -497.6891      -485.7382    
   -474.0534      -462.6289      -451.4591      -440.5383    
   -429.8613      -419.4225      -409.2169      -399.2393    
   -389.4847      -379.9482      -370.6251      -361.5106    
   -352.6002      -343.8895      -335.3741      -327.0496    
   -318.9121      -310.9573      -303.1815      -295.5806    
   -288.1511      -280.8893      -273.7915      -266.8544    
   -260.0746      -253.4487      -246.9737      -240.6464    
   -234.4637      -228.4226      -222.5204      -216.7541    
   -211.1210      -205.6184      -200.2436      -194.9940    
   -189.8670      -184.8601      -179.9710      -175.1971    
   -170.5360      -165.9854      -161.5430      -157.2065    
   -152.9737      -148.8422      -144.8100      -140.8748    
   -137.0345      -133.2871      -129.6303      -126.0622    
   -122.5808      -119.1840      -115.8699      -112.6365    
   -109.4820      -106.4045      -103.4022      -100.4733    
   -97.61607      -94.82880      -92.10983      -89.45757    
   -86.87046      -84.34698      -81.88568      -79.48515    
   -77.14402      -74.86099      -72.63480      -70.46425    
   -68.34815      -66.28540      -64.27491      -62.31563    
   -60.40654      -58.54664      -56.73494      -54.97047    
   -53.25227      -51.57937      -49.95080      -48.36557    
   -46.82271      -45.32122      -43.86010      -42.43835    
   -41.05498      -39.70901      -38.39947      -37.12539    
   -35.88588      -34.68002      -33.50697      -32.36591    
   -31.25605      -30.17665      -29.12701      -28.10646    
   -27.11437      -26.15014      -25.21320      -24.30301    
   -23.41904      -22.56081      -21.72782      -20.91962    
   -20.13573      -19.37573      -18.63916      -17.92558    
   -17.23457      -16.56570      -15.91852      -15.29260    
   -14.68750      -14.10279      -13.53802      -12.99274    
   -12.46651      -11.95886      -11.46935      -10.99751    
   -10.54289      -10.10502      -9.683439      -9.277687    
   -8.887302      -8.511826      -8.150803      -7.803781    
   -7.470313      -7.149957      -6.842278      -6.546847    
   -6.263244      -5.991058      -5.729887      -5.479337    
   -5.239027      -5.008586      -4.787653      -4.575880    
   -4.372930      -4.178478      -3.992211      -3.813829    
   -3.643041      -3.479570      -3.323151      -3.173528    
   -3.030459      -2.893709      -2.763056      -2.638285    
   -2.519193      -2.405584      -2.297268      -2.194066    
   -2.095803      -2.002312      -1.913431      -1.829004    
   -1.748880      -1.672911      -1.600957      -1.532879    
   -1.468545      -1.407825      -1.350595      -1.296735    
   -1.246130      -1.198670      -1.154249      -1.112768    
   -1.074131      -1.038249      -1.005039     -0.9744233    
  -0.9463283     -0.9206876     -0.8974398     -0.8765287    
  -0.8579035     -0.8415183     -0.8273317     -0.8153073    
  -0.8054124     -0.7976187     -0.7919011     -0.7882382    
 XXXXXXXXXXXX CORE STATES XXXXXXXXXXXXXXXXXXXXXX
                                                      CoI11-2    	 IS=1
  -0.4715808     -0.3256367     -0.2277515    
  -0.3033073      0.7402654     -0.2117304    
   0.1877559      0.1747511      0.1255001E-01
   0.4281356      0.1143897     -0.2531768E-02
   0.4005961E-01  0.2270254E-01   1.783616    
  -0.5789980      0.3124209      -2.435584    
  -0.4028283      0.4815326      0.1106516    
   0.1448546     -0.1092234     -0.7993771    
                                                      CoI11-2    	 IS=2
  -0.4487048     -0.2835494     -0.1779959    
  -0.2822971      0.7621270     -0.9769484E-01
   0.1902537      0.1761405      0.1451168E-01
   0.4286035      0.1144359      0.2118166E-03
   0.3892067E-01  0.2254358E-01   1.498325    
  -0.5883742      0.2657520      -1.217495    
  -0.4047523      0.4802203      0.1633115    
   0.1429637     -0.1086956     -0.7234949    
     5                                                CoI11-2    	
     1    0    0
   -556.2336      -556.2331    
     2    0    0
   -65.43417      -65.36304    
     2    1    0
   -56.03931      -55.98452    
     3    0    0
   -7.044530      -6.907792    
     3    1    0
   -4.375728      -4.243594    
