#  Interface results for: Cu1-1, IVXC=0, NK=   30
     3                                                      # NL
   0.3484850      0.5303000E-01  0.1071400E-01
    29.00000       2.621800       2.621800                  # AZ, WSR, WSR(avrg)
  -0.4939294E-01                                            # Fermi Energy
    0.0E+00                                                 # Pot.Shift
     0                                                      # SW
     2                                                      # NS
   400                                                      #     Cu1-1  IS=1
    0.000000      -2899782.      -1428823.      -938705.0    
   -693795.2      -546967.0      -449178.2      -379410.6    
   -327155.3      -286574.0      -254163.7      -227695.1    
   -205682.2      -187096.3      -171202.3      -157461.4    
   -145469.5      -134917.4      -125564.8      -117222.0    
   -109737.1      -102987.2      -96871.86      -91307.95    
   -86226.29      -81568.75      -77286.15      -73336.59    
   -69684.17      -66297.95      -63151.11      -60220.28    
   -57485.04      -54927.42      -52531.60      -50283.54    
   -48170.78      -46182.20      -44307.86      -42538.82    
   -40867.08      -39285.38      -37787.17      -36366.51    
   -35018.00      -33736.73      -32518.20      -31358.32    
   -30253.32      -29199.74      -28194.42      -27234.43    
   -26317.06      -25439.83      -24600.43      -23796.71    
   -23026.70      -22288.54      -21580.53      -20901.05    
   -20248.63      -19621.87      -19019.46      -18440.19    
   -17882.91      -17346.56      -16830.12      -16332.67    
   -15853.30      -15391.18      -14945.53      -14515.60    
   -14100.70      -13700.15      -13313.35      -12939.68    
   -12578.61      -12229.59      -11892.13      -11565.75    
   -11249.99      -10944.44      -10648.67      -10362.31    
   -10084.99      -9816.351      -9556.066      -9303.815    
   -9059.296      -8822.219      -8592.309      -8369.302    
   -8152.948      -7943.005      -7739.245      -7541.448    
   -7349.404      -7162.912      -6981.779      -6805.821    
   -6634.862      -6468.732      -6307.269      -6150.317    
   -5997.726      -5849.354      -5705.062      -5564.717    
   -5428.193      -5295.368      -5166.123      -5040.346    
   -4917.928      -4798.765      -4682.754      -4569.800    
   -4459.810      -4352.691      -4248.359      -4146.729    
   -4047.721      -3951.257      -3857.261      -3765.662    
   -3676.389      -3589.375      -3504.554      -3421.864    
   -3341.244      -3262.635      -3185.981      -3111.226    
   -3038.317      -2967.202      -2897.833      -2830.161    
   -2764.140      -2699.724      -2636.871      -2575.537    
   -2515.682      -2457.266      -2400.251      -2344.600    
   -2290.276      -2237.245      -2185.473      -2134.927    
   -2085.576      -2037.387      -1990.332      -1944.380    
   -1899.505      -1855.678      -1812.873      -1771.064    
   -1730.226      -1690.334      -1651.365      -1613.295    
   -1576.103      -1539.767      -1504.265      -1469.577    
   -1435.683      -1402.563      -1370.198      -1338.571    
   -1307.663      -1277.457      -1247.936      -1219.084    
   -1190.884      -1163.320      -1136.379      -1110.044    
   -1084.301      -1059.138      -1034.539      -1010.491    
   -986.9829      -964.0005      -941.5321      -919.5656    
   -898.0896      -877.0928      -856.5641      -836.4929    
   -816.8688      -797.6816      -778.9215      -760.5787    
   -742.6441      -725.1083      -707.9626      -691.1983    
   -674.8068      -658.7800      -643.1098      -627.7883    
   -612.8078      -598.1610      -583.8403      -569.8387    
   -556.1492      -542.7648      -529.6790      -516.8851    
   -504.3767      -492.1475      -480.1914      -468.5023    
   -457.0745      -445.9020      -434.9792      -424.3008    
   -413.8612      -403.6553      -393.6779      -383.9239    
   -374.3886      -365.0672      -355.9551      -347.0477    
   -338.3406      -329.8295      -321.5104      -313.3791    
   -305.4317      -297.6642      -290.0731      -282.6545    
   -275.4050      -268.3210      -261.3991      -254.6361    
   -248.0286      -241.5734      -235.2675      -229.1078    
   -223.0913      -217.2150      -211.4760      -205.8716    
   -200.3988      -195.0550      -189.8374      -184.7434    
   -179.7703      -174.9155      -170.1766      -165.5509    
   -161.0359      -156.6293      -152.3286      -148.1314    
   -144.0354      -140.0383      -136.1379      -132.3319    
   -128.6182      -124.9945      -121.4590      -118.0094    
   -114.6438      -111.3603      -108.1570      -105.0321    
   -101.9838      -99.01031      -96.11004      -93.28136    
   -90.52270      -87.83257      -85.20949      -82.65207    
   -80.15892      -77.72872      -75.36017      -73.05200    
   -70.80295      -68.61180      -66.47733      -64.39832    
   -62.37357      -60.40188      -58.48204      -56.61286    
   -54.79314      -53.02170      -51.29737      -49.61898    
   -47.98542      -46.39557      -44.84836      -43.34275    
   -41.87773      -40.45236      -39.06572      -37.71692    
   -36.40513      -35.12956      -33.88946      -32.68409    
   -31.51278      -30.37486      -29.26969      -28.19667    
   -27.15521      -26.14472      -25.16464      -24.21442    
   -23.29351      -22.40138      -21.53747      -20.70126    
   -19.89220      -19.10976      -18.35339      -17.62255    
   -16.91668      -16.23525      -15.57768      -14.94341    
   -14.33188      -13.74252      -13.17477      -12.62804    
   -12.10176      -11.59535      -11.10825      -10.63988    
   -10.18967      -9.757051      -9.341467      -8.942361    
   -8.559183      -8.191393      -7.838457      -7.499853    
   -7.175067      -6.863597      -6.564953      -6.278656    
   -6.004241      -5.741254      -5.489257      -5.247825    
   -5.016545      -4.795021      -4.582869      -4.379720    
   -4.185219      -3.999026      -3.820812      -3.650265    
   -3.487084      -3.330982      -3.181682      -3.038924    
   -2.902456      -2.772037      -2.647440      -2.528446    
   -2.414846      -2.306442      -2.203042      -2.104466    
   -2.010541      -1.921099      -1.835983      -1.755041    
   -1.678128      -1.605105      -1.535840      -1.470205    
   -1.408081      -1.349350      -1.293903      -1.241634    
   -1.192444      -1.146237      -1.102924      -1.062419    
   -1.024643     -0.9895195     -0.9569785     -0.9269540    
  -0.8993847     -0.8742139     -0.8513893     -0.8308629    
  -0.8125909     -0.7965338     -0.7826559     -0.7709253    
  -0.7613140     -0.7537972     -0.7483538     -0.7449656    
   400                                                      #     Cu1-1  IS=2
    0.000000      -2899782.      -1428823.      -938705.0    
   -693795.2      -546967.0      -449178.2      -379410.6    
   -327155.3      -286574.0      -254163.7      -227695.1    
   -205682.2      -187096.3      -171202.3      -157461.4    
   -145469.5      -134917.4      -125564.8      -117222.0    
   -109737.1      -102987.2      -96871.86      -91307.95    
   -86226.29      -81568.75      -77286.15      -73336.59    
   -69684.17      -66297.95      -63151.11      -60220.28    
   -57485.04      -54927.42      -52531.60      -50283.54    
   -48170.78      -46182.20      -44307.86      -42538.82    
   -40867.08      -39285.38      -37787.17      -36366.51    
   -35018.00      -33736.73      -32518.20      -31358.32    
   -30253.32      -29199.74      -28194.42      -27234.43    
   -26317.06      -25439.83      -24600.43      -23796.71    
   -23026.70      -22288.54      -21580.53      -20901.05    
   -20248.63      -19621.87      -19019.46      -18440.19    
   -17882.91      -17346.56      -16830.12      -16332.67    
   -15853.30      -15391.18      -14945.53      -14515.60    
   -14100.70      -13700.15      -13313.35      -12939.68    
   -12578.61      -12229.59      -11892.13      -11565.75    
   -11249.99      -10944.44      -10648.67      -10362.31    
   -10084.99      -9816.351      -9556.066      -9303.815    
   -9059.296      -8822.219      -8592.309      -8369.302    
   -8152.948      -7943.005      -7739.245      -7541.448    
   -7349.404      -7162.912      -6981.779      -6805.821    
   -6634.862      -6468.732      -6307.269      -6150.317    
   -5997.726      -5849.354      -5705.062      -5564.717    
   -5428.193      -5295.368      -5166.123      -5040.346    
   -4917.928      -4798.765      -4682.754      -4569.800    
   -4459.810      -4352.691      -4248.359      -4146.729    
   -4047.721      -3951.257      -3857.261      -3765.662    
   -3676.389      -3589.375      -3504.554      -3421.864    
   -3341.244      -3262.635      -3185.981      -3111.226    
   -3038.317      -2967.202      -2897.833      -2830.161    
   -2764.140      -2699.724      -2636.871      -2575.537    
   -2515.682      -2457.266      -2400.251      -2344.600    
   -2290.276      -2237.245      -2185.473      -2134.927    
   -2085.576      -2037.387      -1990.332      -1944.380    
   -1899.505      -1855.678      -1812.873      -1771.064    
   -1730.226      -1690.334      -1651.365      -1613.295    
   -1576.103      -1539.767      -1504.265      -1469.577    
   -1435.683      -1402.563      -1370.198      -1338.571    
   -1307.663      -1277.457      -1247.936      -1219.084    
   -1190.884      -1163.320      -1136.379      -1110.044    
   -1084.301      -1059.138      -1034.539      -1010.491    
   -986.9829      -964.0005      -941.5321      -919.5656    
   -898.0896      -877.0928      -856.5641      -836.4929    
   -816.8688      -797.6816      -778.9215      -760.5787    
   -742.6441      -725.1083      -707.9626      -691.1983    
   -674.8068      -658.7800      -643.1098      -627.7883    
   -612.8078      -598.1610      -583.8403      -569.8387    
   -556.1492      -542.7648      -529.6790      -516.8851    
   -504.3767      -492.1475      -480.1914      -468.5023    
   -457.0745      -445.9020      -434.9792      -424.3008    
   -413.8612      -403.6553      -393.6779      -383.9239    
   -374.3886      -365.0672      -355.9551      -347.0477    
   -338.3406      -329.8295      -321.5104      -313.3791    
   -305.4317      -297.6642      -290.0731      -282.6545    
   -275.4050      -268.3210      -261.3991      -254.6361    
   -248.0286      -241.5734      -235.2675      -229.1078    
   -223.0913      -217.2150      -211.4760      -205.8716    
   -200.3988      -195.0550      -189.8374      -184.7434    
   -179.7703      -174.9155      -170.1766      -165.5509    
   -161.0359      -156.6293      -152.3286      -148.1314    
   -144.0354      -140.0383      -136.1379      -132.3319    
   -128.6182      -124.9945      -121.4590      -118.0094    
   -114.6438      -111.3603      -108.1570      -105.0321    
   -101.9838      -99.01031      -96.11004      -93.28136    
   -90.52270      -87.83257      -85.20949      -82.65207    
   -80.15892      -77.72872      -75.36017      -73.05200    
   -70.80295      -68.61180      -66.47733      -64.39832    
   -62.37357      -60.40188      -58.48204      -56.61286    
   -54.79314      -53.02170      -51.29737      -49.61898    
   -47.98542      -46.39557      -44.84836      -43.34275    
   -41.87773      -40.45236      -39.06572      -37.71692    
   -36.40513      -35.12956      -33.88946      -32.68409    
   -31.51278      -30.37485      -29.26969      -28.19667    
   -27.15521      -26.14472      -25.16464      -24.21442    
   -23.29351      -22.40138      -21.53747      -20.70126    
   -19.89220      -19.10976      -18.35339      -17.62255    
   -16.91668      -16.23525      -15.57767      -14.94341    
   -14.33188      -13.74252      -13.17477      -12.62803    
   -12.10175      -11.59535      -11.10825      -10.63988    
   -10.18967      -9.757051      -9.341467      -8.942361    
   -8.559183      -8.191393      -7.838457      -7.499853    
   -7.175067      -6.863597      -6.564953      -6.278656    
   -6.004241      -5.741254      -5.489257      -5.247825    
   -5.016545      -4.795020      -4.582868      -4.379719    
   -4.185219      -3.999025      -3.820812      -3.650265    
   -3.487084      -3.330981      -3.181682      -3.038924    
   -2.902455      -2.772037      -2.647440      -2.528446    
   -2.414846      -2.306442      -2.203042      -2.104466    
   -2.010540      -1.921099      -1.835982      -1.755040    
   -1.678127      -1.605104      -1.535839      -1.470205    
   -1.408080      -1.349350      -1.293903      -1.241634    
   -1.192444      -1.146237      -1.102924      -1.062419    
   -1.024643     -0.9895193     -0.9569783     -0.9269538    
  -0.8993845     -0.8742137     -0.8513891     -0.8308627    
  -0.8125907     -0.7965336     -0.7826557     -0.7709251    
  -0.7613138     -0.7537970     -0.7483536     -0.7449654    
 XXXXXXXXXXXX CORE STATES XXXXXXXXXXXXXXXXXXXXXX
                                                      Cu1-1     	  IS=1
  -0.4980199     -0.3425459     -0.2802696    
  -0.3834172      0.6484470     -0.2711936    
   0.1754452      0.1655779      0.9703967E-02
   0.4234287      0.1121549     -0.3334099E-02
   0.5023958E-01  0.2598541E-01   2.341316    
  -0.6889525      0.2563729      -2.573573    
  -0.3841336      0.4713502      0.9435316E-01
   0.1596652     -0.1170049     -0.9161872    
                                                      Cu1-1     	  IS=2
  -0.4980219     -0.3425458     -0.2802694    
  -0.3834170      0.6484472     -0.2711932    
   0.1754452      0.1655779      0.9703970E-02
   0.4234288      0.1121549     -0.3334085E-02
   0.5023949E-01  0.2598541E-01   2.341315    
  -0.6889466      0.2563732      -2.573562    
  -0.3841340      0.4713502      0.9435341E-01
   0.1596651     -0.1170049     -0.9161869    
     5                                                Cu1-1     	 
     1    0    0
   -648.9597      -648.9597    
     2    0    0
   -77.83114      -77.83114    
     2    1    0
   -67.23901      -67.23901    
     3    0    0
   -8.284298      -8.284298    
     3    1    0
   -5.184428      -5.184427    
