#  Interface results for: CuI11-2, IVXC=0, NK=   30
     3                                                      # NL
   0.3484850      0.5303000E-01  0.1071400E-01
    29.00000       2.621800       2.621800                  # AZ, WSR, WSR(avrg)
  -0.4939294E-01                                            # Fermi Energy
    0.0E+00                                                 # Pot.Shift
     0                                                      # SW
     2                                                      # NS
   400                                                      #     CuI11- IS=1
    0.000000      -2899782.      -1428823.      -938705.0    
   -693795.2      -546967.0      -449178.2      -379410.6    
   -327155.3      -286574.0      -254163.7      -227695.1    
   -205682.3      -187096.3      -171202.3      -157461.4    
   -145469.5      -134917.4      -125564.8      -117222.0    
   -109737.1      -102987.2      -96871.87      -91307.96    
   -86226.30      -81568.76      -77286.15      -73336.59    
   -69684.18      -66297.96      -63151.11      -60220.28    
   -57485.04      -54927.43      -52531.61      -50283.55    
   -48170.79      -46182.21      -44307.86      -42538.83    
   -40867.09      -39285.38      -37787.17      -36366.52    
   -35018.01      -33736.74      -32518.21      -31358.33    
   -30253.32      -29199.75      -28194.43      -27234.43    
   -26317.07      -25439.84      -24600.43      -23796.71    
   -23026.70      -22288.55      -21580.53      -20901.06    
   -20248.64      -19621.87      -19019.46      -18440.19    
   -17882.91      -17346.56      -16830.13      -16332.67    
   -15853.30      -15391.19      -14945.54      -14515.61    
   -14100.70      -13700.16      -13313.35      -12939.69    
   -12578.62      -12229.60      -11892.14      -11565.75    
   -11250.00      -10944.44      -10648.68      -10362.32    
   -10084.99      -9816.356      -9556.071      -9303.821    
   -9059.302      -8822.225      -8592.315      -8369.308    
   -8152.953      -7943.011      -7739.251      -7541.454    
   -7349.410      -7162.917      -6981.785      -6805.827    
   -6634.868      -6468.738      -6307.275      -6150.323    
   -5997.732      -5849.360      -5705.067      -5564.723    
   -5428.199      -5295.373      -5166.129      -5040.352    
   -4917.934      -4798.770      -4682.760      -4569.806    
   -4459.815      -4352.697      -4248.365      -4146.735    
   -4047.727      -3951.263      -3857.267      -3765.668    
   -3676.395      -3589.380      -3504.560      -3421.870    
   -3341.250      -3262.641      -3185.987      -3111.231    
   -3038.322      -2967.208      -2897.839      -2830.167    
   -2764.146      -2699.730      -2636.877      -2575.543    
   -2515.688      -2457.272      -2400.257      -2344.606    
   -2290.282      -2237.251      -2185.479      -2134.933    
   -2085.582      -2037.393      -1990.338      -1944.387    
   -1899.511      -1855.684      -1812.879      -1771.070    
   -1730.232      -1690.340      -1651.371      -1613.302    
   -1576.110      -1539.773      -1504.271      -1469.583    
   -1435.689      -1402.569      -1370.205      -1338.578    
   -1307.670      -1277.464      -1247.943      -1219.090    
   -1190.890      -1163.327      -1136.385      -1110.050    
   -1084.308      -1059.144      -1034.545      -1010.498    
   -986.9897      -964.0073      -941.5389      -919.5725    
   -898.0965      -877.0997      -856.5711      -836.4999    
   -816.8758      -797.6887      -778.9286      -760.5859    
   -742.6513      -725.1156      -707.9699      -691.2056    
   -674.8142      -658.7874      -643.1172      -627.7958    
   -612.8154      -598.1686      -583.8480      -569.8464    
   -556.1569      -542.7727      -529.6869      -516.8930    
   -504.3847      -492.1556      -480.1996      -468.5106    
   -457.0828      -445.9104      -434.9877      -424.3093    
   -413.8699      -403.6640      -393.6867      -383.9328    
   -374.3976      -365.0763      -355.9643      -347.0569    
   -338.3499      -329.8390      -321.5200      -313.3888    
   -305.4415      -297.6741      -290.0831      -282.6647    
   -275.4153      -268.3314      -261.4096      -254.6467    
   -248.0393      -241.5843      -235.2786      -229.1190    
   -223.1026      -217.2264      -211.4876      -205.8833    
   -200.4107      -195.0670      -189.8496      -184.7558    
   -179.7828      -174.9282      -170.1894      -165.5639    
   -161.0491      -156.6427      -152.3421      -148.1451    
   -144.0493      -140.0524      -136.1522      -132.3464    
   -128.6328      -125.0094      -121.4740      -118.0246    
   -114.6593      -111.3760      -108.1729      -105.0482    
   -102.0001      -99.02680      -96.12675      -93.29829    
   -90.53986      -87.84995      -85.22710      -82.66990    
   -80.17698      -77.74700      -75.37867      -73.07070    
   -70.82186      -68.63090      -66.49661      -64.41777    
   -62.39317      -60.42162      -58.50190      -56.63281    
   -54.81318      -53.04180      -51.31750      -49.63914    
   -48.00557      -46.41570      -44.86845      -43.36278    
   -41.89769      -40.47223      -39.08548      -37.73656    
   -36.42465      -35.14894      -33.90869      -32.70316    
   -31.53169      -30.39359      -29.28825      -28.21505    
   -27.17339      -26.16270      -25.18243      -24.23200    
   -23.31088      -22.41853      -21.55440      -20.71796    
   -19.90866      -19.12598      -18.36936      -17.63827    
   -16.93214      -16.25043      -15.59258      -14.95802    
   -14.34619      -13.75652      -13.18844      -12.64137    
   -12.11474      -11.60797      -11.12049      -10.65173    
   -10.20112      -9.768080      -9.352061      -8.952504    
   -8.568859      -8.200586      -7.847152      -7.508033    
   -7.182716      -6.870700      -6.571494      -6.284620    
   -6.009613      -5.746021      -5.493405      -5.251341    
   -5.019418      -4.797239      -4.584423      -4.380602    
   -4.185421      -3.998542      -3.819638      -3.648397    
   -3.484522      -3.327724      -3.177733      -3.034286    
   -2.897135      -2.766042      -2.640780      -2.521133    
   -2.406893      -2.297865      -2.193860      -2.094698    
   -2.000208      -1.910225      -1.824594      -1.743163    
   -1.665790      -1.592338      -1.522674      -1.456675    
   -1.394219      -1.335191      -1.279484      -1.226991    
   -1.177615      -1.131260      -1.087838      -1.047263    
   -1.009456     -0.9743423     -0.9418513     -0.9119175    
  -0.8844798     -0.8594818     -0.8368713     -0.8166005    
  -0.7986259     -0.7829078     -0.7694106     -0.7581026    
  -0.7489555     -0.7419446     -0.7370484     -0.7342484    
   400                                                      #     CuI11- IS=2
    0.000000      -2899782.      -1428823.      -938705.0    
   -693795.2      -546967.0      -449178.2      -379410.6    
   -327155.3      -286574.0      -254163.7      -227695.1    
   -205682.3      -187096.3      -171202.3      -157461.4    
   -145469.5      -134917.4      -125564.8      -117222.0    
   -109737.1      -102987.2      -96871.87      -91307.96    
   -86226.30      -81568.76      -77286.15      -73336.60    
   -69684.18      -66297.96      -63151.11      -60220.29    
   -57485.04      -54927.43      -52531.61      -50283.55    
   -48170.79      -46182.21      -44307.86      -42538.83    
   -40867.09      -39285.39      -37787.17      -36366.52    
   -35018.01      -33736.74      -32518.21      -31358.33    
   -30253.32      -29199.75      -28194.43      -27234.43    
   -26317.07      -25439.84      -24600.43      -23796.72    
   -23026.70      -22288.55      -21580.53      -20901.06    
   -20248.64      -19621.87      -19019.46      -18440.19    
   -17882.92      -17346.56      -16830.13      -16332.67    
   -15853.31      -15391.19      -14945.54      -14515.61    
   -14100.70      -13700.16      -13313.35      -12939.69    
   -12578.62      -12229.60      -11892.14      -11565.75    
   -11250.00      -10944.44      -10648.68      -10362.32    
   -10084.99      -9816.357      -9556.072      -9303.821    
   -9059.302      -8822.225      -8592.315      -8369.308    
   -8152.954      -7943.011      -7739.251      -7541.454    
   -7349.410      -7162.918      -6981.785      -6805.827    
   -6634.868      -6468.738      -6307.275      -6150.323    
   -5997.732      -5849.360      -5705.068      -5564.723    
   -5428.199      -5295.374      -5166.129      -5040.352    
   -4917.934      -4798.771      -4682.760      -4569.807    
   -4459.816      -4352.697      -4248.365      -4146.735    
   -4047.727      -3951.263      -3857.267      -3765.668    
   -3676.395      -3589.381      -3504.560      -3421.870    
   -3341.251      -3262.642      -3185.987      -3111.232    
   -3038.323      -2967.208      -2897.840      -2830.168    
   -2764.146      -2699.731      -2636.877      -2575.543    
   -2515.688      -2457.272      -2400.257      -2344.606    
   -2290.282      -2237.252      -2185.480      -2134.934    
   -2085.582      -2037.393      -1990.338      -1944.387    
   -1899.511      -1855.685      -1812.880      -1771.070    
   -1730.232      -1690.340      -1651.371      -1613.302    
   -1576.110      -1539.774      -1504.272      -1469.583    
   -1435.689      -1402.569      -1370.205      -1338.578    
   -1307.670      -1277.464      -1247.943      -1219.091    
   -1190.890      -1163.327      -1136.385      -1110.051    
   -1084.308      -1059.145      -1034.546      -1010.498    
   -986.9899      -964.0076      -941.5391      -919.5727    
   -898.0968      -877.1000      -856.5714      -836.5002    
   -816.8761      -797.6890      -778.9289      -760.5862    
   -742.6516      -725.1159      -707.9702      -691.2059    
   -674.8145      -658.7878      -643.1176      -627.7962    
   -612.8158      -598.1689      -583.8483      -569.8468    
   -556.1573      -542.7730      -529.6872      -516.8934    
   -504.3851      -492.1559      -480.1999      -468.5109    
   -457.0831      -445.9107      -434.9880      -424.3096    
   -413.8701      -403.6642      -393.6868      -383.9330    
   -374.3978      -365.0764      -355.9643      -347.0569    
   -338.3499      -329.8389      -321.5199      -313.3886    
   -305.4412      -297.6739      -290.0828      -282.6643    
   -275.4148      -268.3308      -261.4090      -254.6460    
   -248.0386      -241.5835      -235.2776      -229.1179    
   -223.1014      -217.2252      -211.4862      -205.8818    
   -200.4091      -195.0653      -189.8477      -184.7537    
   -179.7806      -174.9259      -170.1869      -165.5612    
   -161.0462      -156.6396      -152.3388      -148.1416    
   -144.0456      -140.0485      -136.1480      -132.3419    
   -128.6281      -125.0044      -121.4687      -118.0190    
   -114.6533      -111.3697      -108.1662      -105.0411    
   -101.9926      -99.01898      -96.11852      -93.28964    
   -90.53077      -87.84042      -85.21713      -82.65947    
   -80.16610      -77.73567      -75.36688      -73.05848    
   -70.80921      -68.61785      -66.48317      -64.40397    
   -62.37904      -60.40718      -58.48719      -56.61787    
   -54.79804      -53.02649      -51.30208      -49.62362    
   -47.99000      -46.40011      -44.85287      -43.34724    
   -41.88221      -40.45684      -39.07019      -37.72139    
   -36.40961      -35.13405      -33.89396      -32.68860    
   -31.51730      -30.37938      -29.27422      -28.20119    
   -27.15972      -26.14922      -25.16913      -24.21888    
   -23.29794      -22.40577      -21.54182      -20.70555    
   -19.89643      -19.11392      -18.35747      -17.62654    
   -16.92058      -16.23903      -15.58134      -14.94694    
   -14.33526      -13.74575      -13.17783      -12.63091    
   -12.10444      -11.59783      -11.11051      -10.64190    
   -10.19145      -9.758571      -9.342716      -8.943327    
   -8.559853      -8.191755      -7.838501      -7.499567    
   -7.174442      -6.862624      -6.563624      -6.276964    
   -6.002180      -5.738820      -5.486446      -5.244635    
   -5.012977      -4.791075      -4.578550      -4.375032    
   -4.180170      -3.993624      -3.815069      -3.644193    
   -3.480698      -3.324297      -3.174720      -3.031703    
   -2.894998      -2.764367      -2.639582      -2.520427    
   -2.406692      -2.298182      -2.194705      -2.096080    
   -2.002134      -1.912700      -1.827620      -1.746741    
   -1.669916      -1.597007      -1.527878      -1.462400    
   -1.400452      -1.341915      -1.286676      -1.234629    
   -1.185672      -1.139707      -1.096643      -1.056392    
   -1.018874     -0.9840110     -0.9517314     -0.9219682    
  -0.8946594     -0.8697474     -0.8471795     -0.8269074    
  -0.8088871     -0.7930791     -0.7794478     -0.7679615    
  -0.7585924     -0.7513163     -0.7461123     -0.7429627    
 XXXXXXXXXXXX CORE STATES XXXXXXXXXXXXXXXXXXXXXX
                                                      CuI11-2    	 IS=1
  -0.4879447     -0.3281171     -0.2857965    
  -0.3720238      0.6593871     -0.2783709    
   0.1752400      0.1653518      0.9469573E-02
   0.4233876      0.1120813     -0.3158452E-02
   0.5038429E-01  0.2610289E-01   2.381770    
  -0.6852046      0.2519532      -2.637266    
  -0.3841510      0.4709344      0.9186768E-01
   0.1598445     -0.1172430     -0.9258803    
                                                      CuI11-2    	 IS=2
  -0.4754624     -0.2885068     -0.2836058    
  -0.3785517      0.6495222     -0.2712140    
   0.1754485      0.1644128      0.9640515E-02
   0.4229647      0.1115130     -0.3075661E-02
   0.5086867E-01  0.2680740E-01   2.342960    
  -0.7350923      0.1698709      -2.432495    
  -0.3814060      0.4655859      0.9711820E-01
   0.1606313     -0.1188016     -0.9168984    
     5                                                CuI11-2    	
     1    0    0
   -648.9666      -648.9669    
     2    0    0
   -77.84569      -77.83969    
     2    1    0
   -67.25234      -67.24784    
     3    0    0
   -8.296880      -8.286754    
     3    1    0
   -5.195997      -5.186349    
