#--------  atom file: ag.ag  -  start   --------
       3                                                       #NL
     0.3484850       0.053030       0.010714  
      47            3.016948      3.016948
     -0.1379                                                !EF
      0.0                                            !Potential Shift
      0                                              !Swap spin
      2                                              !NS   
   377
       420.9833       -4699562       -2312293       -1516929
       -1119538      -881331.9      -722715.4      -609576.2
        -524858      -459085.4      -406572.9      -363702.6
      -328062.6      -297983.1      -272271.5      -250053.1
        -230672      -213626.5      -198526.6      -185064.4
      -172993.3      -162114.1      -152263.5      -143306.8
      -135131.7      -127643.9      -120763.4      -114422.5
      -108562.8        -103134      -98092.79      -93401.15
      -89025.95      -84938.08      -81111.83      -77524.47
      -74155.77       -70987.7      -68004.13      -65190.61
      -62534.11      -60022.89      -57646.33       -55394.8
      -53259.55      -51232.62      -49306.74      -47475.24
      -45732.05      -44071.57      -42488.65      -40978.56
      -39536.93      -38159.74      -36843.23      -35583.95
      -34378.69      -33224.46       -32118.5       -31058.2
      -30041.18      -29065.16      -28128.05      -27227.89
      -26362.82      -25531.12      -24731.17      -23961.45
      -23220.52      -22507.03      -21819.72       -21157.4
      -20518.92      -19903.23      -19309.33      -18736.26
      -18183.12      -17649.06      -17133.27      -16634.99
       -16153.5       -15688.1      -15238.15      -14803.01
      -14382.11      -13974.87      -13580.77      -13199.29
      -12829.96       -12472.3      -12125.87      -11790.26
      -11465.07       -11149.9       -10844.4      -10548.21
      -10261.01      -9982.455      -9712.257      -9450.116
      -9195.753      -8948.896      -8709.289      -8476.684
      -8250.843      -8031.539      -7818.552      -7611.672
      -7410.699      -7215.438      -7025.702      -6841.314
        -6662.1      -6487.896      -6318.541      -6153.882
      -5993.772      -5838.068      -5686.633      -5539.336
      -5396.048      -5256.648      -5121.017       -4989.04
      -4860.608      -4735.614      -4613.956      -4495.534
      -4380.254      -4268.022      -4158.749       -4052.35
       -3948.74      -3847.839       -3749.57      -3653.856
      -3560.626      -3469.808      -3381.334      -3295.138
      -3211.157      -3129.328      -3049.593      -2971.892
      -2896.169      -2822.372      -2750.446      -2680.341
      -2612.007      -2545.397      -2480.465      -2417.165
      -2355.454       -2295.29      -2236.632      -2179.441
      -2123.677      -2069.303      -2016.284      -1964.584
      -1914.169      -1865.005      -1817.062      -1770.306
      -1724.708      -1680.239      -1636.869      -1594.571
      -1553.316      -1513.079      -1473.834      -1435.556
       -1398.22      -1361.802      -1326.279       -1291.63
      -1257.831      -1224.861      -1192.701      -1161.329
      -1130.727      -1100.875      -1071.755      -1043.349
      -1015.639      -988.6093      -962.2429      -936.5239
      -911.4369      -886.9668      -863.0989       -839.819
      -817.1132      -794.9681      -773.3705      -752.3074
      -731.7665      -711.7354      -692.2023      -673.1555
      -654.5836      -636.4754      -618.8201      -601.6069
      -584.8255      -568.4656      -552.5172      -536.9707
      -521.8163      -507.0447      -492.6469      -478.6139
       -464.937      -451.6076      -438.6176      -425.9588
      -413.6233      -401.6036      -389.8922      -378.4818
      -367.3655      -356.5364      -345.9879      -335.7135
       -325.707      -315.9622      -306.4731       -297.234
      -288.2391      -279.4827      -270.9595      -262.6639
      -254.5907      -246.7347      -239.0906      -231.6535
      -224.4184      -217.3804      -210.5349      -203.8772
       -197.403      -191.1077      -184.9872      -179.0376
      -173.2548       -167.635      -162.1746        -156.87
      -151.7178      -146.7145      -141.8569      -137.1418
       -132.566      -128.1265        -123.82      -119.6437
      -115.5943       -111.669      -107.8648      -104.1785
      -100.6072      -97.14792      -93.79758      -90.55321
       -87.4118      -84.37034      -81.42588      -78.57547
      -75.81616       -73.1451      -70.55945      -68.05643
      -65.63335      -63.28756      -61.01654      -58.81782
      -56.68906      -54.62801      -52.63254      -50.70063
      -48.83035      -47.01992      -45.26761      -43.57181
      -41.93101      -40.34371      -38.80847      -37.32393
      -35.88866       -34.5013      -33.16046      -31.86468
      -30.61257      -29.40268      -28.23356      -27.10383
      -26.01207      -24.95696      -23.93724      -22.95168
      -21.99916      -21.07866      -20.18918      -19.32981
      -18.49977      -17.69825      -16.92455      -16.17801
      -15.45798      -14.76388      -14.09512       -13.4511
      -12.83134      -12.23524      -11.66224      -11.11185
      -10.58346      -10.07654      -9.590552       -9.12488
      -8.678993      -8.252301      -7.844203      -7.454158
      -7.081546      -6.725779      -6.386313      -6.062524
      -5.753854      -5.459746      -5.179612      -4.912926
      -4.659138      -4.417702       -4.18814      -3.969918
      -3.762551      -3.565594      -3.378556      -3.201018
      -3.032559      -2.872751      -2.721233      -2.577612
      -2.441524      -2.312663      -2.190668      -2.075242
      -1.966105      -1.862951      -1.765543      -1.673618
      -1.586924      -1.505277      -1.428429       -1.35619
      -1.288392      -1.224827      -1.165357      -1.109817
      -1.058046      -1.009945     -0.9653532     -0.9241598
     -0.8862729     -0.8515602     -0.8199511     -0.7913483
     -0.7656548     -0.7428311     -0.7227734     -0.7054277
     -0.6907506     -0.6786623     -0.6691398     -0.6621012
     -0.6575791
   377
       420.9833       -4699562       -2312293       -1516929
       -1119538      -881331.9      -722715.4      -609576.2
        -524858      -459085.4      -406572.9      -363702.6
      -328062.6      -297983.1      -272271.5      -250053.1
        -230672      -213626.5      -198526.6      -185064.4
      -172993.3      -162114.1      -152263.5      -143306.8
      -135131.7      -127643.9      -120763.4      -114422.5
      -108562.8        -103134      -98092.79      -93401.15
      -89025.95      -84938.08      -81111.83      -77524.47
      -74155.77       -70987.7      -68004.13      -65190.61
      -62534.11      -60022.89      -57646.33       -55394.8
      -53259.55      -51232.62      -49306.74      -47475.24
      -45732.05      -44071.57      -42488.65      -40978.56
      -39536.93      -38159.74      -36843.23      -35583.95
      -34378.69      -33224.46       -32118.5       -31058.2
      -30041.18      -29065.16      -28128.05      -27227.89
      -26362.82      -25531.12      -24731.17      -23961.45
      -23220.52      -22507.03      -21819.72       -21157.4
      -20518.92      -19903.23      -19309.33      -18736.26
      -18183.12      -17649.06      -17133.27      -16634.99
       -16153.5       -15688.1      -15238.15      -14803.01
      -14382.11      -13974.87      -13580.77      -13199.29
      -12829.96       -12472.3      -12125.87      -11790.26
      -11465.07       -11149.9       -10844.4      -10548.21
      -10261.01      -9982.455      -9712.257      -9450.116
      -9195.753      -8948.896      -8709.289      -8476.684
      -8250.843      -8031.539      -7818.552      -7611.672
      -7410.699      -7215.438      -7025.702      -6841.314
        -6662.1      -6487.896      -6318.541      -6153.882
      -5993.772      -5838.068      -5686.633      -5539.336
      -5396.048      -5256.648      -5121.017       -4989.04
      -4860.608      -4735.614      -4613.956      -4495.534
      -4380.254      -4268.022      -4158.749       -4052.35
       -3948.74      -3847.839       -3749.57      -3653.856
      -3560.626      -3469.808      -3381.334      -3295.138
      -3211.157      -3129.328      -3049.593      -2971.892
      -2896.169      -2822.372      -2750.446      -2680.341
      -2612.007      -2545.397      -2480.465      -2417.165
      -2355.454       -2295.29      -2236.632      -2179.441
      -2123.677      -2069.303      -2016.284      -1964.584
      -1914.169      -1865.005      -1817.062      -1770.306
      -1724.708      -1680.239      -1636.869      -1594.571
      -1553.316      -1513.079      -1473.834      -1435.556
       -1398.22      -1361.802      -1326.279       -1291.63
      -1257.831      -1224.861      -1192.701      -1161.329
      -1130.727      -1100.875      -1071.755      -1043.349
      -1015.639      -988.6093      -962.2429      -936.5239
      -911.4369      -886.9668      -863.0989       -839.819
      -817.1132      -794.9681      -773.3705      -752.3074
      -731.7665      -711.7354      -692.2023      -673.1555
      -654.5836      -636.4754      -618.8201      -601.6069
      -584.8255      -568.4656      -552.5172      -536.9707
      -521.8163      -507.0447      -492.6469      -478.6139
       -464.937      -451.6076      -438.6176      -425.9588
      -413.6233      -401.6036      -389.8922      -378.4818
      -367.3655      -356.5364      -345.9879      -335.7135
       -325.707      -315.9622      -306.4731       -297.234
      -288.2391      -279.4827      -270.9595      -262.6639
      -254.5907      -246.7347      -239.0906      -231.6535
      -224.4184      -217.3804      -210.5349      -203.8772
       -197.403      -191.1077      -184.9872      -179.0376
      -173.2548       -167.635      -162.1746        -156.87
      -151.7178      -146.7145      -141.8569      -137.1418
       -132.566      -128.1265        -123.82      -119.6437
      -115.5943       -111.669      -107.8648      -104.1785
      -100.6072      -97.14792      -93.79758      -90.55321
       -87.4118      -84.37034      -81.42588      -78.57547
      -75.81616       -73.1451      -70.55945      -68.05643
      -65.63335      -63.28756      -61.01654      -58.81782
      -56.68906      -54.62801      -52.63254      -50.70063
      -48.83035      -47.01992      -45.26761      -43.57181
      -41.93101      -40.34371      -38.80847      -37.32393
      -35.88866       -34.5013      -33.16046      -31.86468
      -30.61257      -29.40268      -28.23356      -27.10383
      -26.01207      -24.95696      -23.93724      -22.95168
      -21.99916      -21.07866      -20.18918      -19.32981
      -18.49977      -17.69825      -16.92455      -16.17801
      -15.45798      -14.76388      -14.09512       -13.4511
      -12.83134      -12.23524      -11.66224      -11.11185
      -10.58346      -10.07654      -9.590552       -9.12488
      -8.678993      -8.252301      -7.844203      -7.454158
      -7.081546      -6.725779      -6.386313      -6.062524
      -5.753854      -5.459746      -5.179612      -4.912926
      -4.659138      -4.417702       -4.18814      -3.969918
      -3.762551      -3.565594      -3.378556      -3.201018
      -3.032559      -2.872751      -2.721233      -2.577612
      -2.441524      -2.312663      -2.190668      -2.075242
      -1.966105      -1.862951      -1.765543      -1.673618
      -1.586924      -1.505277      -1.428429       -1.35619
      -1.288392      -1.224827      -1.165357      -1.109817
      -1.058046      -1.009945     -0.9653532     -0.9241598
     -0.8862729     -0.8515602     -0.8199511     -0.7913483
     -0.7656548     -0.7428311     -0.7227734     -0.7054277
     -0.6907506     -0.6786623     -0.6691398     -0.6621012
     -0.6575791
