#  Interface results for: Co13-2, IVXC=0, NK=   30
     3                                                      # NL
   0.3484850      0.5303000E-01  0.1071400E-01
    27.00000       2.621800       2.621800                  # AZ, WSR, WSR(avrg)
  -0.4939294E-01                                            # Fermi Energy
    0.0E+00                                                 # Pot.Shift
     0                                                      # SW
     2                                                      # NS
   400                                                      #     Co13-2 IS=1
    0.000000      -2699804.      -1330291.      -873974.3    
   -645954.9      -509252.8      -418208.1      -353252.1    
   -304600.6      -266818.1      -236642.9      -211999.8    
   -191505.1      -174200.9      -159403.0      -146609.8    
   -135444.9      -125620.6      -116913.0      -109145.6    
   -102176.9      -95892.55      -90198.95      -85018.77    
   -80287.57      -75951.25      -71964.00      -68286.84    
   -64886.32      -61733.64      -58803.82      -56075.13    
   -53528.53      -51147.31      -48916.72      -46823.71    
   -44856.66      -43005.23      -41260.16      -39613.14    
   -38056.69      -36584.08      -35189.20      -33866.52    
   -32611.02      -31418.12      -30283.64      -29203.75    
   -28174.96      -27194.05      -26258.07      -25364.28    
   -24510.19      -23693.46      -22911.95      -22163.67    
   -21446.76      -20759.52      -20100.34      -19467.73    
   -18860.31      -18276.77      -17715.91      -17176.59    
   -16657.75      -16158.39      -15677.58      -15214.43    
   -14768.13      -14337.88      -13922.97      -13522.69    
   -13136.40      -12763.48      -12403.35      -12055.46    
   -11719.29      -11394.34      -11080.15      -10776.28    
   -10482.30      -10197.81      -9922.447      -9655.834    
   -9397.635      -9147.522      -8905.185      -8670.328    
   -8442.669      -8221.938      -8007.880      -7800.248    
   -7598.809      -7403.340      -7213.626      -7029.464    
   -6850.657      -6677.018      -6508.370      -6344.538    
   -6185.360      -6030.678      -5880.340      -5734.201    
   -5592.122      -5453.970      -5319.616      -5188.937    
   -5061.815      -4938.135      -4817.789      -4700.670    
   -4586.678      -4475.715      -4367.688      -4262.505    
   -4160.080      -4060.330      -3963.172      -3868.530    
   -3776.327      -3686.493      -3598.956      -3513.649    
   -3430.508      -3349.469      -3270.471      -3193.457    
   -3118.369      -3045.153      -2973.755      -2904.125    
   -2836.214      -2769.972      -2705.355      -2642.318    
   -2580.816      -2520.809      -2462.255      -2405.116    
   -2349.353      -2294.929      -2241.809      -2189.959    
   -2139.344      -2089.932      -2041.691      -1994.592    
   -1948.604      -1903.699      -1859.849      -1817.026    
   -1775.205      -1734.359      -1694.465      -1655.498    
   -1617.434      -1580.252      -1543.928      -1508.442    
   -1473.774      -1439.901      -1406.806      -1374.468    
   -1342.869      -1311.992      -1281.818      -1252.331    
   -1223.514      -1195.350      -1167.824      -1140.920    
   -1114.625      -1088.922      -1063.799      -1039.240    
   -1015.234      -991.7662      -968.8247      -946.3970    
   -924.4711      -903.0352      -882.0779      -861.5882    
   -841.5551      -821.9683      -802.8173      -784.0923    
   -765.7835      -747.8815      -730.3770      -713.2610    
   -696.5248      -680.1599      -664.1579      -648.5109    
   -633.2108      -618.2501      -603.6212      -589.3168    
   -575.3299      -561.6534      -548.2806      -535.2049    
   -522.4197      -509.9189      -497.6961      -485.7453    
   -474.0606      -462.6363      -451.4667      -440.5461    
   -429.8692      -419.4307      -409.2253      -399.2479    
   -389.4935      -379.9573      -370.6345      -361.5203    
   -352.6103      -343.8999      -335.3848      -327.0607    
   -318.9236      -310.9692      -303.1938      -295.5934    
   -288.1644      -280.9030      -273.8057      -266.8692    
   -260.0899      -253.4647      -246.9902      -240.6636    
   -234.4816      -228.4413      -222.5398      -216.7743    
   -211.1420      -205.6403      -200.2663      -195.0177    
   -189.8917      -184.8860      -179.9979      -175.2252    
   -170.5653      -166.0161      -161.5751      -157.2400    
   -153.0087      -148.8789      -144.8484      -140.9150    
   -137.0766      -133.3312      -129.6765      -126.1107    
   -122.6316      -119.2373      -115.9259      -112.6953    
   -109.5438      -106.4694      -103.4704      -100.5449    
   -97.69137      -94.90796      -92.19306      -89.54506    
   -86.96243      -84.44364      -81.98723      -79.59180    
   -77.25597      -74.97843      -72.75790      -70.59316    
   -68.48301      -66.42629      -64.42189      -62.46872    
   -60.56570      -58.71178      -56.90594      -55.14712    
   -53.43433      -51.76652      -50.14269      -48.56180    
   -47.02283      -45.52477      -44.06659      -42.64729    
   -41.26588      -39.92138      -38.61283      -37.33932    
   -36.09995      -34.89387      -33.72024      -32.57829    
   -31.46727      -30.38648      -29.33523      -28.31291    
   -27.31889      -26.35261      -25.41353      -24.50111    
   -23.61486      -22.75430      -21.91895      -21.10835    
   -20.32207      -19.55966      -18.82069      -18.10472    
   -17.41133      -16.74008      -16.09055      -15.46229    
   -14.85488      -14.26787      -13.70082      -13.15328    
   -12.62481      -12.11494      -11.62322      -11.14919    
   -10.69238      -10.25234      -9.828604      -9.420698    
   -9.028164      -8.650541      -8.287370      -7.938197    
   -7.602572      -7.280049      -6.970191      -6.672566    
   -6.386750      -6.112328      -5.848895      -5.596055    
   -5.353420      -5.120617      -4.897282      -4.683061    
   -4.477614      -4.280612      -4.091739      -3.910688    
   -3.737168      -3.570898      -3.411609      -3.259043    
   -3.112955      -2.973110      -2.839283      -2.711263    
   -2.588845      -2.471834      -2.360048      -2.253309    
   -2.151449      -2.054308      -1.961734      -1.873579    
   -1.789704      -1.709975      -1.634263      -1.562444    
   -1.494401      -1.430020      -1.369190      -1.311809    
   -1.257774      -1.206990      -1.159364      -1.114809    
   -1.073241      -1.034581     -0.9987539     -0.9656885    
  -0.9353187     -0.9075825     -0.8824221     -0.8597842    
  -0.8396195     -0.8218828     -0.8065328     -0.7935322    
  -0.7828472     -0.7744475     -0.7683059     -0.7643982    
   400                                                      #     Co13-2 IS=2
    0.000000      -2699804.      -1330291.      -873974.3    
   -645954.9      -509252.8      -418208.1      -353252.1    
   -304600.7      -266818.1      -236642.9      -211999.8    
   -191505.1      -174200.9      -159403.1      -146609.8    
   -135444.9      -125620.6      -116913.1      -109145.6    
   -102176.9      -95892.55      -90198.95      -85018.77    
   -80287.57      -75951.25      -71964.00      -68286.84    
   -64886.32      -61733.64      -58803.82      -56075.13    
   -53528.53      -51147.31      -48916.73      -46823.71    
   -44856.66      -43005.23      -41260.16      -39613.14    
   -38056.69      -36584.08      -35189.20      -33866.52    
   -32611.02      -31418.12      -30283.64      -29203.75    
   -28174.96      -27194.05      -26258.07      -25364.28    
   -24510.19      -23693.46      -22911.95      -22163.67    
   -21446.76      -20759.52      -20100.34      -19467.73    
   -18860.31      -18276.77      -17715.91      -17176.59    
   -16657.75      -16158.39      -15677.58      -15214.43    
   -14768.13      -14337.88      -13922.97      -13522.69    
   -13136.40      -12763.48      -12403.35      -12055.46    
   -11719.29      -11394.34      -11080.15      -10776.28    
   -10482.30      -10197.82      -9922.448      -9655.835    
   -9397.636      -9147.523      -8905.186      -8670.329    
   -8442.670      -8221.939      -8007.880      -7800.249    
   -7598.810      -7403.341      -7213.627      -7029.464    
   -6850.658      -6677.019      -6508.370      -6344.539    
   -6185.361      -6030.679      -5880.341      -5734.202    
   -5592.123      -5453.971      -5319.617      -5188.938    
   -5061.816      -4938.136      -4817.790      -4700.671    
   -4586.679      -4475.716      -4367.689      -4262.506    
   -4160.081      -4060.330      -3963.173      -3868.530    
   -3776.328      -3686.493      -3598.957      -3513.650    
   -3430.509      -3349.470      -3270.472      -3193.458    
   -3118.370      -3045.153      -2973.756      -2904.126    
   -2836.214      -2769.973      -2705.356      -2642.318    
   -2580.817      -2520.809      -2462.256      -2405.116    
   -2349.353      -2294.930      -2241.810      -2189.959    
   -2139.344      -2089.932      -2041.692      -1994.593    
   -1948.605      -1903.700      -1859.849      -1817.026    
   -1775.205      -1734.360      -1694.465      -1655.498    
   -1617.435      -1580.252      -1543.929      -1508.443    
   -1473.774      -1439.902      -1406.806      -1374.469    
   -1342.870      -1311.993      -1281.819      -1252.332    
   -1223.514      -1195.350      -1167.824      -1140.921    
   -1114.625      -1088.923      -1063.799      -1039.241    
   -1015.234      -991.7667      -968.8252      -946.3976    
   -924.4716      -903.0357      -882.0784      -861.5887    
   -841.5556      -821.9688      -802.8178      -784.0928    
   -765.7840      -747.8820      -730.3774      -713.2614    
   -696.5252      -680.1603      -664.1583      -648.5112    
   -633.2111      -618.2504      -603.6214      -589.3170    
   -575.3300      -561.6535      -548.2806      -535.2048    
   -522.4196      -509.9186      -497.6957      -485.7448    
   -474.0601      -462.6356      -451.4658      -440.5451    
   -429.8680      -419.4293      -409.2237      -399.2461    
   -389.4916      -379.9551      -370.6320      -361.5176    
   -352.6073      -343.8966      -335.3812      -327.0568    
   -318.9192      -310.9645      -303.1887      -295.5879    
   -288.1584      -280.8966      -273.7988      -266.8617    
   -260.0819      -253.4561      -246.9811      -240.6538    
   -234.4711      -228.4302      -222.5279      -216.7617    
   -211.1286      -205.6260      -200.2512      -195.0016    
   -189.8746      -184.8678      -179.9786      -175.2047    
   -170.5436      -165.9931      -161.5507      -157.2142    
   -152.9813      -148.8498      -144.8176      -140.8824    
   -137.0421      -133.2946      -129.6378      -126.0696    
   -122.5881      -119.1913      -115.8771      -112.6436    
   -109.4891      -106.4115      -103.4091      -100.4800    
   -97.62268      -94.83527      -92.11616      -89.46374    
   -86.87646      -84.35280      -81.89131      -79.49057    
   -77.14923      -74.86598      -72.63956      -70.46876    
   -68.35242      -66.28942      -64.27867      -62.31913    
   -60.40978      -58.54961      -56.73766      -54.97295    
   -53.25451      -51.58138      -49.95260      -48.36718    
   -46.82414      -45.32249      -43.86123      -42.43937    
   -41.05591      -39.70986      -38.40025      -37.12613    
   -35.88659      -34.68072      -33.50766      -32.36661    
   -31.25676      -30.17739      -29.12778      -28.10726    
   -27.11520      -26.15101      -25.21410      -24.30395    
   -23.42002      -22.56181      -21.72886      -20.92067    
   -20.13681      -19.37682      -18.64026      -17.92669    
   -17.23568      -16.56680      -15.91960      -15.29367    
   -14.68854      -14.10380      -13.53898      -12.99366    
   -12.46737      -11.95966      -11.47007      -10.99815    
   -10.54344      -10.10547      -9.683781      -9.277912    
   -8.887402      -8.511792      -8.150626      -7.803453    
   -7.469825      -7.149301      -6.841447      -6.545833    
   -6.262041      -5.989660      -5.728286      -5.477530    
   -5.237010      -5.006354      -4.785204      -4.573213    
   -4.370044      -4.175373      -3.988890      -3.810292    
   -3.639294      -3.475618      -3.319000      -3.169186    
   -3.025934      -2.889011      -2.758196      -2.633275    
   -2.514045      -2.400310      -2.291883      -2.188582    
   -2.090235      -1.996672      -1.907733      -1.823259    
   -1.743100      -1.667107      -1.595137      -1.527051    
   -1.462715      -1.401999      -1.344777      -1.290927    
   -1.240334      -1.192885      -1.148475      -1.107004    
   -1.068374      -1.032498     -0.9992905     -0.9686740    
  -0.9405760     -0.9149297     -0.8916742     -0.8707538    
  -0.8521180     -0.8357216     -0.8215241     -0.8094893    
  -0.7995856     -0.7917851     -0.7860636     -0.7824002    
 XXXXXXXXXXXX CORE STATES XXXXXXXXXXXXXXXXXXXXXX
                                                      Co13-2     	 IS=1
  -0.4664709     -0.3193963     -0.2326166    
  -0.2956640      0.7476174     -0.2183964    
   0.1874662      0.1745510      0.1232113E-01
   0.4281226      0.1143649     -0.2427807E-02
   0.4015226E-01  0.2274047E-01   1.807689    
  -0.5724342      0.3159935      -2.483941    
  -0.4029267      0.4815670      0.1084091    
   0.1449927     -0.1093378     -0.8059494    
                                                      Co13-2     	 IS=2
  -0.4385646     -0.2617022     -0.1838745    
  -0.2770279      0.7660175     -0.9607244E-01
   0.1901696      0.1756888      0.1451558E-01
   0.4284830      0.1142279      0.7237615E-03
   0.3907622E-01  0.2276275E-01   1.483481    
  -0.5996064      0.2382488      -1.110340    
  -0.4040159      0.4783871      0.1684182    
   0.1432366     -0.1092687     -0.7196866    
     5                                                Co13-2     	
     1    0    0
   -556.2396      -556.2392    
     2    0    0
   -65.44560      -65.36880    
     2    1    0
   -56.04982      -55.99071    
     3    0    0
   -7.055298      -6.908097    
     3    1    0
   -4.385689      -4.243552    
