#  Interface results for: Co15-1, IVXC=0, NK=   30
     3                                                      # NL
   0.3484850      0.5303000E-01  0.1071400E-01
    27.00000       2.621800       2.621800                  # AZ, WSR, WSR(avrg)
  -0.4939294E-01                                            # Fermi Energy
    0.0E+00                                                 # Pot.Shift
     0                                                      # SW
     2                                                      # NS
   400                                                      #     Co15-1 IS=1
    0.000000      -2699804.      -1330291.      -873974.3    
   -645954.9      -509252.8      -418208.1      -353252.1    
   -304600.6      -266818.1      -236642.9      -211999.8    
   -191505.1      -174200.9      -159403.0      -146609.8    
   -135444.9      -125620.6      -116913.0      -109145.6    
   -102176.9      -95892.55      -90198.95      -85018.77    
   -80287.57      -75951.25      -71964.00      -68286.84    
   -64886.32      -61733.64      -58803.82      -56075.13    
   -53528.53      -51147.31      -48916.72      -46823.71    
   -44856.66      -43005.23      -41260.16      -39613.14    
   -38056.69      -36584.08      -35189.20      -33866.52    
   -32611.02      -31418.12      -30283.64      -29203.75    
   -28174.96      -27194.05      -26258.07      -25364.28    
   -24510.19      -23693.46      -22911.95      -22163.67    
   -21446.76      -20759.52      -20100.34      -19467.73    
   -18860.31      -18276.77      -17715.91      -17176.59    
   -16657.75      -16158.39      -15677.58      -15214.43    
   -14768.13      -14337.88      -13922.97      -13522.69    
   -13136.40      -12763.48      -12403.35      -12055.46    
   -11719.29      -11394.34      -11080.15      -10776.28    
   -10482.30      -10197.81      -9922.447      -9655.835    
   -9397.635      -9147.522      -8905.185      -8670.328    
   -8442.669      -8221.938      -8007.880      -7800.248    
   -7598.809      -7403.340      -7213.626      -7029.464    
   -6850.657      -6677.019      -6508.370      -6344.539    
   -6185.361      -6030.678      -5880.340      -5734.201    
   -5592.123      -5453.970      -5319.617      -5188.938    
   -5061.815      -4938.136      -4817.789      -4700.670    
   -4586.679      -4475.716      -4367.688      -4262.506    
   -4160.081      -4060.330      -3963.172      -3868.530    
   -3776.328      -3686.493      -3598.956      -3513.649    
   -3430.508      -3349.469      -3270.472      -3193.457    
   -3118.369      -3045.153      -2973.755      -2904.125    
   -2836.214      -2769.973      -2705.355      -2642.318    
   -2580.816      -2520.809      -2462.255      -2405.116    
   -2349.353      -2294.929      -2241.810      -2189.959    
   -2139.344      -2089.932      -2041.692      -1994.592    
   -1948.605      -1903.699      -1859.849      -1817.026    
   -1775.205      -1734.359      -1694.465      -1655.498    
   -1617.434      -1580.252      -1543.929      -1508.443    
   -1473.774      -1439.901      -1406.806      -1374.468    
   -1342.870      -1311.992      -1281.819      -1252.331    
   -1223.514      -1195.350      -1167.824      -1140.921    
   -1114.625      -1088.922      -1063.799      -1039.240    
   -1015.234      -991.7664      -968.8250      -946.3973    
   -924.4713      -903.0354      -882.0782      -861.5884    
   -841.5554      -821.9685      -802.8176      -784.0926    
   -765.7838      -747.8818      -730.3772      -713.2613    
   -696.5251      -680.1602      -664.1582      -648.5111    
   -633.2111      -618.2504      -603.6215      -589.3171    
   -575.3302      -561.6537      -548.2809      -535.2052    
   -522.4200      -509.9191      -497.6963      -485.7456    
   -474.0609      -462.6366      -451.4669      -440.5464    
   -429.8695      -419.4309      -409.2255      -399.2482    
   -389.4938      -379.9576      -370.6348      -361.5206    
   -352.6106      -343.9002      -335.3851      -327.0610    
   -318.9238      -310.9695      -303.1941      -295.5937    
   -288.1646      -280.9033      -273.8060      -266.8694    
   -260.0902      -253.4649      -246.9905      -240.6638    
   -234.4818      -228.4415      -222.5401      -216.7746    
   -211.1423      -205.6405      -200.2666      -195.0180    
   -189.8920      -184.8863      -179.9982      -175.2255    
   -170.5656      -166.0164      -161.5754      -157.2403    
   -153.0090      -148.8792      -144.8487      -140.9153    
   -137.0769      -133.3315      -129.6769      -126.1110    
   -122.6319      -119.2376      -115.9262      -112.6956    
   -109.5441      -106.4697      -103.4707      -100.5453    
   -97.69171      -94.90830      -92.19340      -89.54541    
   -86.96278      -84.44399      -81.98759      -79.59215    
   -77.25633      -74.97879      -72.75827      -70.59353    
   -68.48338      -66.42667      -64.42227      -62.46910    
   -60.56609      -58.71218      -56.90633      -55.14752    
   -53.43473      -51.76693      -50.14309      -48.56221    
   -47.02324      -45.52518      -44.06701      -42.64771    
   -41.26630      -39.92180      -38.61325      -37.33974    
   -36.10037      -34.89429      -33.72066      -32.57871    
   -31.46769      -30.38689      -29.33565      -28.31332    
   -27.31930      -26.35302      -25.41394      -24.50152    
   -23.61527      -22.75470      -21.91935      -21.10875    
   -20.32247      -19.56006      -18.82108      -18.10511    
   -17.41172      -16.74047      -16.09093      -15.46267    
   -14.85526      -14.26824      -13.70119      -13.15365    
   -12.62517      -12.11530      -11.62358      -11.14955    
   -10.69274      -10.25270      -9.828951      -9.421042    
   -9.028505      -8.650878      -8.287703      -7.938526    
   -7.602896      -7.280369      -6.970507      -6.672877    
   -6.387056      -6.112630      -5.849192      -5.596346    
   -5.353707      -5.120898      -4.897557      -4.683331    
   -4.477878      -4.280870      -4.091991      -3.910934    
   -3.737408      -3.571131      -3.411836      -3.259263    
   -3.113168      -2.973316      -2.839483      -2.711456    
   -2.589031      -2.472014      -2.360220      -2.253474    
   -2.151607      -2.054459      -1.961877      -1.873716    
   -1.789834      -1.710097      -1.634378      -1.562552    
   -1.494502      -1.430114      -1.369277      -1.311889    
   -1.257847      -1.207056      -1.159423      -1.114861    
   -1.073287      -1.034620     -0.9987854     -0.9657131    
  -0.9353365     -0.9075935     -0.8824264     -0.8597817    
  -0.8396102     -0.8218667     -0.8065099     -0.7935025    
  -0.7828106     -0.7744040     -0.7682556     -0.7643409    
   400                                                      #     Co15-1 IS=2
    0.000000      -2699804.      -1330291.      -873974.3    
   -645954.9      -509252.8      -418208.1      -353252.1    
   -304600.7      -266818.1      -236642.9      -211999.8    
   -191505.1      -174200.9      -159403.1      -146609.8    
   -135444.9      -125620.6      -116913.1      -109145.6    
   -102176.9      -95892.55      -90198.95      -85018.77    
   -80287.57      -75951.25      -71964.00      -68286.84    
   -64886.32      -61733.64      -58803.82      -56075.13    
   -53528.53      -51147.31      -48916.73      -46823.71    
   -44856.66      -43005.23      -41260.16      -39613.14    
   -38056.69      -36584.08      -35189.20      -33866.52    
   -32611.02      -31418.12      -30283.64      -29203.75    
   -28174.96      -27194.05      -26258.07      -25364.28    
   -24510.19      -23693.46      -22911.95      -22163.67    
   -21446.76      -20759.52      -20100.34      -19467.73    
   -18860.31      -18276.77      -17715.91      -17176.59    
   -16657.75      -16158.39      -15677.58      -15214.43    
   -14768.13      -14337.88      -13922.97      -13522.69    
   -13136.40      -12763.48      -12403.35      -12055.46    
   -11719.29      -11394.34      -11080.15      -10776.28    
   -10482.30      -10197.82      -9922.448      -9655.836    
   -9397.636      -9147.523      -8905.186      -8670.329    
   -8442.670      -8221.939      -8007.881      -7800.249    
   -7598.810      -7403.341      -7213.627      -7029.465    
   -6850.658      -6677.020      -6508.371      -6344.539    
   -6185.361      -6030.679      -5880.341      -5734.202    
   -5592.123      -5453.971      -5319.617      -5188.938    
   -5061.816      -4938.136      -4817.790      -4700.671    
   -4586.679      -4475.717      -4367.689      -4262.506    
   -4160.082      -4060.331      -3963.173      -3868.531    
   -3776.328      -3686.494      -3598.957      -3513.650    
   -3430.509      -3349.470      -3270.472      -3193.458    
   -3118.370      -3045.154      -2973.756      -2904.126    
   -2836.215      -2769.973      -2705.356      -2642.318    
   -2580.817      -2520.810      -2462.256      -2405.117    
   -2349.354      -2294.930      -2241.810      -2189.960    
   -2139.345      -2089.933      -2041.692      -1994.593    
   -1948.605      -1903.700      -1859.850      -1817.027    
   -1775.205      -1734.360      -1694.466      -1655.498    
   -1617.435      -1580.253      -1543.929      -1508.443    
   -1473.774      -1439.902      -1406.806      -1374.469    
   -1342.870      -1311.993      -1281.819      -1252.332    
   -1223.514      -1195.351      -1167.825      -1140.921    
   -1114.626      -1088.923      -1063.799      -1039.241    
   -1015.235      -991.7670      -968.8255      -946.3978    
   -924.4719      -903.0360      -882.0787      -861.5889    
   -841.5559      -821.9690      -802.8181      -784.0931    
   -765.7843      -747.8822      -730.3777      -713.2617    
   -696.5255      -680.1605      -664.1586      -648.5115    
   -633.2114      -618.2506      -603.6217      -589.3173    
   -575.3303      -561.6537      -548.2809      -535.2051    
   -522.4198      -509.9189      -497.6960      -485.7451    
   -474.0603      -462.6359      -451.4661      -440.5454    
   -429.8683      -419.4296      -409.2240      -399.2464    
   -389.4918      -379.9554      -370.6323      -361.5179    
   -352.6076      -343.8969      -335.3814      -327.0570    
   -318.9195      -310.9648      -303.1890      -295.5882    
   -288.1587      -280.8968      -273.7991      -266.8620    
   -260.0822      -253.4564      -246.9814      -240.6541    
   -234.4714      -228.4304      -222.5282      -216.7620    
   -211.1289      -205.6263      -200.2514      -195.0018    
   -189.8749      -184.8681      -179.9789      -175.2050    
   -170.5439      -165.9933      -161.5509      -157.2144    
   -152.9816      -148.8501      -144.8179      -140.8827    
   -137.0424      -133.2948      -129.6381      -126.0699    
   -122.5884      -119.1915      -115.8773      -112.6439    
   -109.4893      -106.4117      -103.4093      -100.4803    
   -97.62293      -94.83552      -92.11641      -89.46399    
   -86.87670      -84.35304      -81.89155      -79.49081    
   -77.14946      -74.86621      -72.63978      -70.46898    
   -68.35264      -66.28963      -64.27888      -62.31933    
   -60.40997      -58.54981      -56.73785      -54.97313    
   -53.25469      -51.58156      -49.95277      -48.36735    
   -46.82431      -45.32265      -43.86140      -42.43953    
   -41.05606      -39.71001      -38.40040      -37.12629    
   -35.88674      -34.68087      -33.50782      -32.36676    
   -31.25692      -30.17754      -29.12793      -28.10742    
   -27.11536      -26.15117      -25.21427      -24.30411    
   -23.42018      -22.56198      -21.72902      -20.92084    
   -20.13698      -19.37699      -18.64043      -17.92686    
   -17.23585      -16.56697      -15.91978      -15.29384    
   -14.68872      -14.10397      -13.53916      -12.99383    
   -12.46754      -11.95983      -11.47024      -10.99833    
   -10.54361      -10.10564      -9.683952      -9.278082    
   -8.887571      -8.511960      -8.150793      -7.803618    
   -7.469989      -7.149463      -6.841607      -6.545991    
   -6.262197      -5.989813      -5.728438      -5.477679    
   -5.237156      -5.006498      -4.785345      -4.573351    
   -4.370179      -4.175505      -3.989018      -3.810418    
   -3.639416      -3.475737      -3.319115      -3.169298    
   -3.026042      -2.889116      -2.758297      -2.633373    
   -2.514139      -2.400401      -2.291970      -2.188666    
   -2.090315      -1.996749      -1.907806      -1.823329    
   -1.743166      -1.667170      -1.595196      -1.527107    
   -1.462767      -1.402047      -1.344821      -1.290968    
   -1.240370      -1.192918      -1.148504      -1.107027    
   -1.068394      -1.032512     -0.9993001     -0.9686785    
  -0.9405752     -0.9149235     -0.8916624     -0.8707361    
  -0.8520943     -0.8356917     -0.8214878     -0.8094465    
  -0.7995360     -0.7917286     -0.7859999     -0.7823292    
 XXXXXXXXXXXX CORE STATES XXXXXXXXXXXXXXXXXXXXXX
                                                      Co15-1     	 IS=1
  -0.4664125     -0.3192456     -0.2328729    
  -0.2957267      0.7475326     -0.2186845    
   0.1874583      0.1745402      0.1231762E-01
   0.4281186      0.1143616     -0.2425811E-02
   0.4015870E-01  0.2274441E-01   1.808048    
  -0.5727031      0.3156793      -2.484839    
  -0.4029031      0.4815409      0.1083711    
   0.1450038     -0.1093480     -0.8060487    
                                                      Co15-1     	 IS=2
  -0.4385056     -0.2616004     -0.1840724    
  -0.2770467      0.7659870     -0.9620267E-01
   0.1901647      0.1756824      0.1451430E-01
   0.4284805      0.1142260      0.7299563E-03
   0.3908006E-01  0.2276499E-01   1.483408    
  -0.5997788      0.2380717      -1.109282    
  -0.4040009      0.4783721      0.1684611    
   0.1432434     -0.1092746     -0.7196733    
     5                                                Co15-1     	
     1    0    0
   -556.2399      -556.2394    
     2    0    0
   -65.44593      -65.36904    
     2    1    0
   -56.05014      -55.99096    
     3    0    0
   -7.055644      -6.908262    
     3    1    0
   -4.386024      -4.243712    
