#  Interface results for: Co15-2, IVXC=0, NK=   30
     3                                                      # NL
   0.3484850      0.5303000E-01  0.1071400E-01
    27.00000       2.621800       2.621800                  # AZ, WSR, WSR(avrg)
  -0.4939294E-01                                            # Fermi Energy
    0.0E+00                                                 # Pot.Shift
     0                                                      # SW
     2                                                      # NS
   400                                                      #     Co15-2 IS=1
    0.000000      -2699804.      -1330291.      -873974.3    
   -645954.9      -509252.8      -418208.1      -353252.1    
   -304600.6      -266818.1      -236642.9      -211999.8    
   -191505.1      -174200.9      -159403.0      -146609.8    
   -135444.9      -125620.6      -116913.0      -109145.6    
   -102176.9      -95892.55      -90198.95      -85018.77    
   -80287.57      -75951.25      -71964.00      -68286.84    
   -64886.32      -61733.64      -58803.82      -56075.13    
   -53528.53      -51147.31      -48916.72      -46823.71    
   -44856.66      -43005.23      -41260.16      -39613.14    
   -38056.69      -36584.08      -35189.20      -33866.52    
   -32611.02      -31418.12      -30283.64      -29203.75    
   -28174.96      -27194.05      -26258.07      -25364.28    
   -24510.19      -23693.46      -22911.95      -22163.67    
   -21446.76      -20759.52      -20100.34      -19467.73    
   -18860.31      -18276.77      -17715.91      -17176.59    
   -16657.75      -16158.39      -15677.58      -15214.43    
   -14768.13      -14337.88      -13922.97      -13522.69    
   -13136.40      -12763.48      -12403.35      -12055.46    
   -11719.29      -11394.34      -11080.15      -10776.28    
   -10482.30      -10197.81      -9922.447      -9655.835    
   -9397.635      -9147.522      -8905.185      -8670.328    
   -8442.669      -8221.938      -8007.880      -7800.248    
   -7598.809      -7403.340      -7213.626      -7029.464    
   -6850.657      -6677.019      -6508.370      -6344.538    
   -6185.360      -6030.678      -5880.340      -5734.201    
   -5592.123      -5453.970      -5319.617      -5188.938    
   -5061.815      -4938.136      -4817.789      -4700.670    
   -4586.678      -4475.716      -4367.688      -4262.505    
   -4160.081      -4060.330      -3963.172      -3868.530    
   -3776.328      -3686.493      -3598.956      -3513.649    
   -3430.508      -3349.469      -3270.472      -3193.457    
   -3118.369      -3045.153      -2973.755      -2904.125    
   -2836.214      -2769.972      -2705.355      -2642.318    
   -2580.816      -2520.809      -2462.255      -2405.116    
   -2349.353      -2294.929      -2241.809      -2189.959    
   -2139.344      -2089.932      -2041.692      -1994.592    
   -1948.604      -1903.699      -1859.849      -1817.026    
   -1775.205      -1734.359      -1694.465      -1655.498    
   -1617.434      -1580.252      -1543.928      -1508.443    
   -1473.774      -1439.901      -1406.806      -1374.468    
   -1342.870      -1311.992      -1281.819      -1252.331    
   -1223.514      -1195.350      -1167.824      -1140.921    
   -1114.625      -1088.922      -1063.799      -1039.240    
   -1015.234      -991.7664      -968.8249      -946.3972    
   -924.4713      -903.0354      -882.0781      -861.5884    
   -841.5553      -821.9685      -802.8176      -784.0926    
   -765.7838      -747.8817      -730.3772      -713.2612    
   -696.5250      -680.1601      -664.1582      -648.5111    
   -633.2110      -618.2503      -603.6214      -589.3171    
   -575.3301      -561.6536      -548.2808      -535.2051    
   -522.4200      -509.9191      -497.6963      -485.7455    
   -474.0609      -462.6365      -451.4669      -440.5463    
   -429.8694      -419.4309      -409.2255      -399.2481    
   -389.4938      -379.9576      -370.6347      -361.5206    
   -352.6105      -343.9001      -335.3850      -327.0610    
   -318.9238      -310.9694      -303.1940      -295.5936    
   -288.1646      -280.9032      -273.8060      -266.8694    
   -260.0901      -253.4649      -246.9905      -240.6638    
   -234.4818      -228.4415      -222.5400      -216.7745    
   -211.1423      -205.6405      -200.2666      -195.0179    
   -189.8920      -184.8862      -179.9982      -175.2254    
   -170.5656      -166.0163      -161.5753      -157.2403    
   -153.0090      -148.8791      -144.8486      -140.9153    
   -137.0769      -133.3314      -129.6768      -126.1110    
   -122.6319      -119.2376      -115.9261      -112.6956    
   -109.5440      -106.4697      -103.4707      -100.5452    
   -97.69166      -94.90824      -92.19334      -89.54536    
   -86.96272      -84.44393      -81.98753      -79.59210    
   -77.25628      -74.97874      -72.75821      -70.59347    
   -68.48332      -66.42661      -64.42221      -62.46904    
   -60.56603      -58.71211      -56.90627      -55.14746    
   -53.43467      -51.76686      -50.14303      -48.56214    
   -47.02318      -45.52512      -44.06694      -42.64765    
   -41.26623      -39.92173      -38.61319      -37.33968    
   -36.10031      -34.89422      -33.72059      -32.57864    
   -31.46762      -30.38683      -29.33558      -28.31325    
   -27.31924      -26.35296      -25.41387      -24.50145    
   -23.61520      -22.75464      -21.91928      -21.10869    
   -20.32241      -19.56000      -18.82102      -18.10505    
   -17.41166      -16.74041      -16.09087      -15.46261    
   -14.85520      -14.26818      -13.70113      -13.15359    
   -12.62512      -12.11524      -11.62352      -11.14949    
   -10.69268      -10.25264      -9.828897      -9.420988    
   -9.028451      -8.650824      -8.287650      -7.938474    
   -7.602845      -7.280318      -6.970456      -6.672827    
   -6.387007      -6.112582      -5.849145      -5.596300    
   -5.353661      -5.120853      -4.897513      -4.683287    
   -4.477836      -4.280829      -4.091950      -3.910894    
   -3.737369      -3.571093      -3.411798      -3.259227    
   -3.113133      -2.973282      -2.839450      -2.711423    
   -2.588999      -2.471983      -2.360190      -2.253445    
   -2.151579      -2.054432      -1.961852      -1.873691    
   -1.789810      -1.710074      -1.634356      -1.562532    
   -1.494482      -1.430095      -1.369259      -1.311871    
   -1.257831      -1.207040      -1.159409      -1.114848    
   -1.073274      -1.034608     -0.9987750     -0.9657037    
  -0.9353281     -0.9075861     -0.8824199     -0.8597763    
  -0.8396057     -0.8218632     -0.8065075     -0.7935011    
  -0.7828103     -0.7744048     -0.7682574     -0.7643439    
   400                                                      #     Co15-2 IS=2
    0.000000      -2699804.      -1330291.      -873974.3    
   -645954.9      -509252.8      -418208.1      -353252.1    
   -304600.7      -266818.1      -236642.9      -211999.8    
   -191505.1      -174200.9      -159403.1      -146609.8    
   -135444.9      -125620.6      -116913.1      -109145.6    
   -102176.9      -95892.55      -90198.95      -85018.77    
   -80287.57      -75951.25      -71964.00      -68286.84    
   -64886.32      -61733.64      -58803.82      -56075.13    
   -53528.53      -51147.31      -48916.73      -46823.71    
   -44856.66      -43005.23      -41260.16      -39613.14    
   -38056.69      -36584.08      -35189.20      -33866.52    
   -32611.02      -31418.12      -30283.64      -29203.75    
   -28174.96      -27194.05      -26258.07      -25364.28    
   -24510.19      -23693.46      -22911.95      -22163.67    
   -21446.76      -20759.52      -20100.34      -19467.73    
   -18860.31      -18276.77      -17715.91      -17176.59    
   -16657.75      -16158.39      -15677.58      -15214.43    
   -14768.13      -14337.88      -13922.97      -13522.69    
   -13136.40      -12763.48      -12403.35      -12055.46    
   -11719.29      -11394.34      -11080.15      -10776.28    
   -10482.30      -10197.82      -9922.448      -9655.836    
   -9397.636      -9147.523      -8905.186      -8670.329    
   -8442.670      -8221.939      -8007.881      -7800.249    
   -7598.810      -7403.341      -7213.627      -7029.465    
   -6850.658      -6677.020      -6508.371      -6344.539    
   -6185.361      -6030.679      -5880.341      -5734.202    
   -5592.123      -5453.971      -5319.617      -5188.938    
   -5061.816      -4938.136      -4817.790      -4700.671    
   -4586.679      -4475.716      -4367.689      -4262.506    
   -4160.081      -4060.331      -3963.173      -3868.531    
   -3776.328      -3686.494      -3598.957      -3513.650    
   -3430.509      -3349.470      -3270.472      -3193.458    
   -3118.370      -3045.154      -2973.756      -2904.126    
   -2836.214      -2769.973      -2705.356      -2642.318    
   -2580.817      -2520.810      -2462.256      -2405.117    
   -2349.354      -2294.930      -2241.810      -2189.959    
   -2139.344      -2089.933      -2041.692      -1994.593    
   -1948.605      -1903.700      -1859.849      -1817.027    
   -1775.205      -1734.360      -1694.466      -1655.498    
   -1617.435      -1580.252      -1543.929      -1508.443    
   -1473.774      -1439.902      -1406.806      -1374.469    
   -1342.870      -1311.993      -1281.819      -1252.332    
   -1223.514      -1195.351      -1167.825      -1140.921    
   -1114.625      -1088.923      -1063.799      -1039.241    
   -1015.235      -991.7669      -968.8255      -946.3978    
   -924.4718      -903.0359      -882.0787      -861.5889    
   -841.5559      -821.9690      -802.8181      -784.0930    
   -765.7843      -747.8822      -730.3777      -713.2617    
   -696.5254      -680.1605      -664.1585      -648.5114    
   -633.2114      -618.2506      -603.6216      -589.3172    
   -575.3302      -561.6537      -548.2808      -535.2050    
   -522.4198      -509.9188      -497.6959      -485.7451    
   -474.0603      -462.6358      -451.4660      -440.5453    
   -429.8683      -419.4296      -409.2240      -399.2464    
   -389.4918      -379.9554      -370.6323      -361.5178    
   -352.6075      -343.8968      -335.3814      -327.0570    
   -318.9195      -310.9647      -303.1889      -295.5881    
   -288.1586      -280.8968      -273.7991      -266.8620    
   -260.0822      -253.4564      -246.9814      -240.6540    
   -234.4714      -228.4304      -222.5282      -216.7619    
   -211.1288      -205.6262      -200.2514      -195.0018    
   -189.8748      -184.8680      -179.9789      -175.2049    
   -170.5439      -165.9933      -161.5509      -157.2144    
   -152.9815      -148.8501      -144.8178      -140.8826    
   -137.0423      -133.2948      -129.6380      -126.0699    
   -122.5884      -119.1915      -115.8773      -112.6439    
   -109.4893      -106.4117      -103.4093      -100.4803    
   -97.62290      -94.83548      -92.11637      -89.46395    
   -86.87667      -84.35301      -81.89151      -79.49077    
   -77.14943      -74.86617      -72.63975      -70.46895    
   -68.35260      -66.28960      -64.27885      -62.31930    
   -60.40994      -58.54978      -56.73782      -54.97310    
   -53.25466      -51.58153      -49.95275      -48.36732    
   -46.82428      -45.32263      -43.86137      -42.43951    
   -41.05604      -39.70999      -38.40038      -37.12627    
   -35.88672      -34.68085      -33.50780      -32.36674    
   -31.25690      -30.17752      -29.12791      -28.10739    
   -27.11534      -26.15114      -25.21424      -24.30409    
   -23.42016      -22.56195      -21.72900      -20.92082    
   -20.13695      -19.37696      -18.64040      -17.92684    
   -17.23583      -16.56694      -15.91975      -15.29381    
   -14.68869      -14.10394      -13.53913      -12.99380    
   -12.46751      -11.95980      -11.47022      -10.99830    
   -10.54358      -10.10561      -9.683925      -9.278056    
   -8.887544      -8.511933      -8.150766      -7.803592    
   -7.469963      -7.149438      -6.841581      -6.545966    
   -6.262172      -5.989789      -5.728414      -5.477655    
   -5.237133      -5.006475      -4.785323      -4.573329    
   -4.370157      -4.175484      -3.988998      -3.810398    
   -3.639397      -3.475718      -3.319097      -3.169280    
   -3.026025      -2.889100      -2.758282      -2.633358    
   -2.514125      -2.400387      -2.291957      -2.188654    
   -2.090303      -1.996738      -1.907796      -1.823320    
   -1.743158      -1.667162      -1.595189      -1.527101    
   -1.462762      -1.402043      -1.344818      -1.290965    
   -1.240369      -1.192917      -1.148504      -1.107028    
   -1.068396      -1.032515     -0.9993040     -0.9686833    
  -0.9405810     -0.9149303     -0.8916702     -0.8707449    
  -0.8521042     -0.8357027     -0.8214998     -0.8094595    
  -0.7995501     -0.7917438     -0.7860162     -0.7823466    
 XXXXXXXXXXXX CORE STATES XXXXXXXXXXXXXXXXXXXXXX
                                                      Co15-2     	 IS=1
  -0.4664207     -0.3192758     -0.2328312    
  -0.2957121      0.7475515     -0.2186379    
   0.1874595      0.1745421      0.1231812E-01
   0.4281193      0.1143623     -0.2426069E-02
   0.4015764E-01  0.2274366E-01   1.807996    
  -0.5726519      0.3157477      -2.484700    
  -0.4029073      0.4815462      0.1083768    
   0.1450020     -0.1093461     -0.8060343    
                                                      Co15-2     	 IS=2
  -0.4385042     -0.2615932     -0.1840432    
  -0.2770482      0.7659854     -0.9618319E-01
   0.1901655      0.1756829      0.1451456E-01
   0.4284806      0.1142260      0.7289758E-03
   0.3907979E-01  0.2276496E-01   1.483415    
  -0.5997873      0.2380526      -1.109441    
  -0.4040012      0.4783715      0.1684551    
   0.1432429     -0.1092745     -0.7196738    
     5                                                Co15-2     	
     1    0    0
   -556.2398      -556.2394    
     2    0    0
   -65.44588      -65.36901    
     2    1    0
   -56.05009      -55.99092    
     3    0    0
   -7.055589      -6.908237    
     3    1    0
   -4.385971      -4.243687    
