#  Interface results for: Co18-2, IVXC=0, NK=   30
     3                                                      # NL
   0.3484850      0.5303000E-01  0.1071400E-01
    27.00000       2.621800       2.621800                  # AZ, WSR, WSR(avrg)
  -0.4939294E-01                                            # Fermi Energy
    0.0E+00                                                 # Pot.Shift
     0                                                      # SW
     2                                                      # NS
   400                                                      #     Co18-2 IS=1
    0.000000      -2699804.      -1330291.      -873974.3    
   -645954.9      -509252.8      -418208.1      -353252.1    
   -304600.6      -266818.1      -236642.9      -211999.8    
   -191505.1      -174200.9      -159403.0      -146609.8    
   -135444.9      -125620.6      -116913.0      -109145.6    
   -102176.9      -95892.55      -90198.95      -85018.77    
   -80287.57      -75951.25      -71964.00      -68286.84    
   -64886.32      -61733.64      -58803.82      -56075.13    
   -53528.53      -51147.31      -48916.72      -46823.71    
   -44856.66      -43005.23      -41260.16      -39613.14    
   -38056.69      -36584.08      -35189.20      -33866.52    
   -32611.02      -31418.12      -30283.64      -29203.75    
   -28174.96      -27194.05      -26258.07      -25364.28    
   -24510.19      -23693.46      -22911.95      -22163.67    
   -21446.76      -20759.52      -20100.34      -19467.73    
   -18860.31      -18276.77      -17715.91      -17176.59    
   -16657.75      -16158.39      -15677.58      -15214.43    
   -14768.13      -14337.88      -13922.97      -13522.69    
   -13136.40      -12763.48      -12403.35      -12055.46    
   -11719.29      -11394.34      -11080.15      -10776.28    
   -10482.30      -10197.81      -9922.447      -9655.835    
   -9397.635      -9147.522      -8905.185      -8670.328    
   -8442.669      -8221.938      -8007.880      -7800.248    
   -7598.809      -7403.340      -7213.626      -7029.464    
   -6850.657      -6677.019      -6508.370      -6344.539    
   -6185.360      -6030.678      -5880.340      -5734.201    
   -5592.123      -5453.970      -5319.617      -5188.938    
   -5061.815      -4938.136      -4817.789      -4700.670    
   -4586.678      -4475.716      -4367.688      -4262.505    
   -4160.081      -4060.330      -3963.172      -3868.530    
   -3776.328      -3686.493      -3598.956      -3513.649    
   -3430.508      -3349.469      -3270.472      -3193.457    
   -3118.369      -3045.153      -2973.755      -2904.125    
   -2836.214      -2769.973      -2705.355      -2642.318    
   -2580.816      -2520.809      -2462.255      -2405.116    
   -2349.353      -2294.929      -2241.809      -2189.959    
   -2139.344      -2089.932      -2041.692      -1994.592    
   -1948.605      -1903.699      -1859.849      -1817.026    
   -1775.205      -1734.359      -1694.465      -1655.498    
   -1617.434      -1580.252      -1543.929      -1508.443    
   -1473.774      -1439.901      -1406.806      -1374.468    
   -1342.870      -1311.992      -1281.819      -1252.331    
   -1223.514      -1195.350      -1167.824      -1140.921    
   -1114.625      -1088.922      -1063.799      -1039.240    
   -1015.234      -991.7664      -968.8249      -946.3972    
   -924.4713      -903.0354      -882.0781      -861.5884    
   -841.5554      -821.9685      -802.8176      -784.0926    
   -765.7838      -747.8817      -730.3772      -713.2612    
   -696.5251      -680.1601      -664.1582      -648.5111    
   -633.2111      -618.2503      -603.6214      -589.3171    
   -575.3301      -561.6537      -548.2809      -535.2051    
   -522.4200      -509.9191      -497.6963      -485.7455    
   -474.0609      -462.6366      -451.4669      -440.5463    
   -429.8695      -419.4309      -409.2255      -399.2481    
   -389.4938      -379.9576      -370.6347      -361.5206    
   -352.6105      -343.9002      -335.3850      -327.0610    
   -318.9238      -310.9695      -303.1940      -295.5937    
   -288.1646      -280.9032      -273.8060      -266.8694    
   -260.0902      -253.4649      -246.9905      -240.6638    
   -234.4818      -228.4415      -222.5400      -216.7746    
   -211.1423      -205.6405      -200.2666      -195.0180    
   -189.8920      -184.8862      -179.9982      -175.2254    
   -170.5656      -166.0164      -161.5754      -157.2403    
   -153.0090      -148.8792      -144.8486      -140.9153    
   -137.0769      -133.3315      -129.6768      -126.1110    
   -122.6319      -119.2376      -115.9261      -112.6956    
   -109.5441      -106.4697      -103.4707      -100.5453    
   -97.69168      -94.90827      -92.19337      -89.54538    
   -86.96275      -84.44396      -81.98756      -79.59213    
   -77.25630      -74.97877      -72.75824      -70.59350    
   -68.48335      -66.42664      -64.42224      -62.46907    
   -60.56606      -58.71215      -56.90630      -55.14749    
   -53.43470      -51.76690      -50.14306      -48.56217    
   -47.02321      -45.52515      -44.06697      -42.64768    
   -41.26627      -39.92176      -38.61322      -37.33971    
   -36.10034      -34.89425      -33.72063      -32.57868    
   -31.46766      -30.38686      -29.33561      -28.31329    
   -27.31927      -26.35299      -25.41390      -24.50149    
   -23.61524      -22.75467      -21.91932      -21.10872    
   -20.32244      -19.56003      -18.82105      -18.10508    
   -17.41169      -16.74044      -16.09090      -15.46264    
   -14.85523      -14.26821      -13.70116      -13.15362    
   -12.62514      -12.11527      -11.62355      -11.14952    
   -10.69271      -10.25267      -9.828923      -9.421014    
   -9.028477      -8.650850      -8.287676      -7.938499    
   -7.602870      -7.280343      -6.970481      -6.672851    
   -6.387031      -6.112605      -5.849167      -5.596322    
   -5.353682      -5.120874      -4.897534      -4.683307    
   -4.477855      -4.280848      -4.091968      -3.910912    
   -3.737386      -3.571110      -3.411814      -3.259242    
   -3.113148      -2.973296      -2.839463      -2.711436    
   -2.589011      -2.471994      -2.360201      -2.253455    
   -2.151588      -2.054441      -1.961860      -1.873698    
   -1.789816      -1.710080      -1.634361      -1.562536    
   -1.494486      -1.430098      -1.369262      -1.311873    
   -1.257832      -1.207041      -1.159409      -1.114847    
   -1.073273      -1.034606     -0.9987726     -0.9657008    
  -0.9353247     -0.9075822     -0.8824156     -0.8597714    
  -0.8396005     -0.8218575     -0.8065014     -0.7934947    
  -0.7828035     -0.7743977     -0.7682500     -0.7643362    
   400                                                      #     Co18-2 IS=2
    0.000000      -2699804.      -1330291.      -873974.3    
   -645954.9      -509252.8      -418208.1      -353252.1    
   -304600.7      -266818.1      -236642.9      -211999.8    
   -191505.1      -174200.9      -159403.1      -146609.8    
   -135444.9      -125620.6      -116913.1      -109145.6    
   -102176.9      -95892.55      -90198.95      -85018.77    
   -80287.57      -75951.25      -71964.00      -68286.84    
   -64886.32      -61733.64      -58803.82      -56075.13    
   -53528.53      -51147.31      -48916.73      -46823.71    
   -44856.66      -43005.23      -41260.16      -39613.14    
   -38056.69      -36584.08      -35189.20      -33866.52    
   -32611.02      -31418.12      -30283.64      -29203.75    
   -28174.96      -27194.05      -26258.07      -25364.28    
   -24510.19      -23693.46      -22911.95      -22163.67    
   -21446.76      -20759.52      -20100.34      -19467.73    
   -18860.31      -18276.77      -17715.91      -17176.59    
   -16657.75      -16158.39      -15677.58      -15214.43    
   -14768.13      -14337.88      -13922.97      -13522.69    
   -13136.40      -12763.48      -12403.35      -12055.46    
   -11719.29      -11394.34      -11080.15      -10776.28    
   -10482.30      -10197.82      -9922.448      -9655.836    
   -9397.636      -9147.523      -8905.186      -8670.329    
   -8442.670      -8221.939      -8007.881      -7800.249    
   -7598.810      -7403.341      -7213.627      -7029.465    
   -6850.658      -6677.020      -6508.371      -6344.539    
   -6185.361      -6030.679      -5880.341      -5734.202    
   -5592.123      -5453.971      -5319.617      -5188.938    
   -5061.816      -4938.136      -4817.790      -4700.671    
   -4586.679      -4475.716      -4367.689      -4262.506    
   -4160.082      -4060.331      -3963.173      -3868.531    
   -3776.328      -3686.494      -3598.957      -3513.650    
   -3430.509      -3349.470      -3270.472      -3193.458    
   -3118.370      -3045.154      -2973.756      -2904.126    
   -2836.214      -2769.973      -2705.356      -2642.318    
   -2580.817      -2520.810      -2462.256      -2405.117    
   -2349.354      -2294.930      -2241.810      -2189.960    
   -2139.344      -2089.933      -2041.692      -1994.593    
   -1948.605      -1903.700      -1859.849      -1817.027    
   -1775.205      -1734.360      -1694.466      -1655.498    
   -1617.435      -1580.253      -1543.929      -1508.443    
   -1473.774      -1439.902      -1406.806      -1374.469    
   -1342.870      -1311.993      -1281.819      -1252.332    
   -1223.514      -1195.351      -1167.825      -1140.921    
   -1114.625      -1088.923      -1063.799      -1039.241    
   -1015.235      -991.7670      -968.8255      -946.3978    
   -924.4719      -903.0359      -882.0787      -861.5889    
   -841.5559      -821.9690      -802.8181      -784.0931    
   -765.7843      -747.8822      -730.3777      -713.2617    
   -696.5255      -680.1605      -664.1586      -648.5115    
   -633.2114      -618.2506      -603.6217      -589.3173    
   -575.3303      -561.6537      -548.2809      -535.2051    
   -522.4198      -509.9189      -497.6960      -485.7451    
   -474.0603      -462.6359      -451.4661      -440.5453    
   -429.8683      -419.4296      -409.2240      -399.2464    
   -389.4918      -379.9554      -370.6323      -361.5179    
   -352.6075      -343.8968      -335.3814      -327.0570    
   -318.9195      -310.9648      -303.1889      -295.5881    
   -288.1587      -280.8968      -273.7991      -266.8620    
   -260.0822      -253.4564      -246.9814      -240.6541    
   -234.4714      -228.4304      -222.5282      -216.7619    
   -211.1289      -205.6262      -200.2514      -195.0018    
   -189.8749      -184.8680      -179.9789      -175.2050    
   -170.5439      -165.9933      -161.5509      -157.2144    
   -152.9815      -148.8501      -144.8178      -140.8826    
   -137.0423      -133.2948      -129.6380      -126.0699    
   -122.5884      -119.1915      -115.8773      -112.6439    
   -109.4893      -106.4117      -103.4093      -100.4803    
   -97.62291      -94.83550      -92.11639      -89.46397    
   -86.87668      -84.35302      -81.89153      -79.49079    
   -77.14944      -74.86619      -72.63977      -70.46896    
   -68.35262      -66.28961      -64.27886      -62.31932    
   -60.40996      -58.54979      -56.73783      -54.97312    
   -53.25468      -51.58155      -49.95276      -48.36734    
   -46.82429      -45.32264      -43.86138      -42.43952    
   -41.05605      -39.71000      -38.40039      -37.12628    
   -35.88673      -34.68086      -33.50781      -32.36675    
   -31.25691      -30.17753      -29.12792      -28.10740    
   -27.11535      -26.15116      -25.21425      -24.30410    
   -23.42017      -22.56197      -21.72901      -20.92083    
   -20.13697      -19.37698      -18.64042      -17.92685    
   -17.23584      -16.56696      -15.91976      -15.29382    
   -14.68870      -14.10396      -13.53914      -12.99382    
   -12.46753      -11.95981      -11.47023      -10.99831    
   -10.54360      -10.10563      -9.683937      -9.278067    
   -8.887556      -8.511945      -8.150778      -7.803603    
   -7.469974      -7.149449      -6.841592      -6.545977    
   -6.262183      -5.989799      -5.728424      -5.477665    
   -5.237142      -5.006484      -4.785331      -4.573337    
   -4.370165      -4.175492      -3.989005      -3.810405    
   -3.639404      -3.475725      -3.319104      -3.169287    
   -3.026031      -2.889106      -2.758287      -2.633363    
   -2.514130      -2.400392      -2.291962      -2.188658    
   -2.090308      -1.996742      -1.907800      -1.823324    
   -1.743162      -1.667166      -1.595193      -1.527104    
   -1.462766      -1.402046      -1.344821      -1.290968    
   -1.240371      -1.192920      -1.148506      -1.107031    
   -1.068398      -1.032518     -0.9993060     -0.9686852    
  -0.9405828     -0.9149319     -0.8916716     -0.8707461    
  -0.8521052     -0.8357035     -0.8215004     -0.8094599    
  -0.7995503     -0.7917437     -0.7860160     -0.7823461    
 XXXXXXXXXXXX CORE STATES XXXXXXXXXXXXXXXXXXXXXX
                                                      Co18-2     	 IS=1
  -0.4664177     -0.3192764     -0.2328501    
  -0.2957131      0.7475500     -0.2186592    
   0.1874589      0.1745417      0.1231781E-01
   0.4281191      0.1143622     -0.2425871E-02
   0.4015802E-01  0.2274376E-01   1.808027    
  -0.5726600      0.3157500      -2.484766    
  -0.4029062      0.4815459      0.1083738    
   0.1450026     -0.1093464     -0.8060430    
                                                      Co18-2     	 IS=2
  -0.4385050     -0.2615733     -0.1840576    
  -0.2770509      0.7659808     -0.9619215E-01
   0.1901653      0.1756822      0.1451450E-01
   0.4284805      0.1142257      0.7294028E-03
   0.3907991E-01  0.2276528E-01   1.483407    
  -0.5997912      0.2380156      -1.109361    
  -0.4040008      0.4783689      0.1684587    
   0.1432431     -0.1092753     -0.7196722    
     5                                                Co18-2     	
     1    0    0
   -556.2399      -556.2394    
     2    0    0
   -65.44591      -65.36902    
     2    1    0
   -56.05011      -55.99094    
     3    0    0
   -7.055616      -6.908248    
     3    1    0
   -4.385996      -4.243699    
