#  Interface results for: Co19-1, IVXC=0, NK=   30
     3                                                      # NL
   0.3484850      0.5303000E-01  0.1071400E-01
    27.00000       2.621800       2.621800                  # AZ, WSR, WSR(avrg)
  -0.4939294E-01                                            # Fermi Energy
    0.0E+00                                                 # Pot.Shift
     0                                                      # SW
     2                                                      # NS
   400                                                      #     Co19-1 IS=1
    0.000000      -2699804.      -1330291.      -873974.3    
   -645954.9      -509252.8      -418208.1      -353252.1    
   -304600.6      -266818.1      -236642.9      -211999.8    
   -191505.1      -174200.9      -159403.0      -146609.8    
   -135444.9      -125620.6      -116913.0      -109145.6    
   -102176.9      -95892.55      -90198.95      -85018.77    
   -80287.57      -75951.25      -71964.00      -68286.84    
   -64886.32      -61733.64      -58803.82      -56075.13    
   -53528.53      -51147.31      -48916.72      -46823.71    
   -44856.66      -43005.23      -41260.16      -39613.14    
   -38056.69      -36584.08      -35189.20      -33866.52    
   -32611.02      -31418.12      -30283.64      -29203.75    
   -28174.96      -27194.05      -26258.07      -25364.28    
   -24510.19      -23693.46      -22911.95      -22163.67    
   -21446.76      -20759.52      -20100.34      -19467.73    
   -18860.31      -18276.77      -17715.91      -17176.59    
   -16657.75      -16158.39      -15677.58      -15214.43    
   -14768.13      -14337.88      -13922.97      -13522.69    
   -13136.40      -12763.48      -12403.35      -12055.46    
   -11719.29      -11394.34      -11080.15      -10776.28    
   -10482.30      -10197.81      -9922.447      -9655.835    
   -9397.635      -9147.522      -8905.185      -8670.328    
   -8442.669      -8221.938      -8007.880      -7800.248    
   -7598.809      -7403.340      -7213.626      -7029.464    
   -6850.657      -6677.019      -6508.370      -6344.539    
   -6185.360      -6030.678      -5880.340      -5734.201    
   -5592.123      -5453.970      -5319.617      -5188.938    
   -5061.815      -4938.136      -4817.789      -4700.670    
   -4586.679      -4475.716      -4367.688      -4262.505    
   -4160.081      -4060.330      -3963.172      -3868.530    
   -3776.328      -3686.493      -3598.956      -3513.649    
   -3430.508      -3349.469      -3270.472      -3193.457    
   -3118.369      -3045.153      -2973.755      -2904.125    
   -2836.214      -2769.973      -2705.355      -2642.318    
   -2580.816      -2520.809      -2462.255      -2405.116    
   -2349.353      -2294.929      -2241.809      -2189.959    
   -2139.344      -2089.932      -2041.692      -1994.592    
   -1948.605      -1903.699      -1859.849      -1817.026    
   -1775.205      -1734.359      -1694.465      -1655.498    
   -1617.434      -1580.252      -1543.929      -1508.443    
   -1473.774      -1439.901      -1406.806      -1374.468    
   -1342.870      -1311.992      -1281.819      -1252.331    
   -1223.514      -1195.350      -1167.824      -1140.921    
   -1114.625      -1088.922      -1063.799      -1039.240    
   -1015.234      -991.7664      -968.8249      -946.3973    
   -924.4713      -903.0354      -882.0781      -861.5884    
   -841.5554      -821.9685      -802.8176      -784.0926    
   -765.7838      -747.8818      -730.3772      -713.2612    
   -696.5251      -680.1601      -664.1582      -648.5111    
   -633.2111      -618.2503      -603.6214      -589.3171    
   -575.3301      -561.6537      -548.2809      -535.2051    
   -522.4200      -509.9191      -497.6963      -485.7455    
   -474.0609      -462.6366      -451.4669      -440.5464    
   -429.8695      -419.4309      -409.2255      -399.2481    
   -389.4938      -379.9576      -370.6348      -361.5206    
   -352.6106      -343.9002      -335.3851      -327.0610    
   -318.9238      -310.9695      -303.1940      -295.5937    
   -288.1646      -280.9032      -273.8060      -266.8694    
   -260.0902      -253.4649      -246.9905      -240.6638    
   -234.4818      -228.4415      -222.5401      -216.7746    
   -211.1423      -205.6405      -200.2666      -195.0180    
   -189.8920      -184.8862      -179.9982      -175.2255    
   -170.5656      -166.0164      -161.5754      -157.2403    
   -153.0090      -148.8792      -144.8487      -140.9153    
   -137.0769      -133.3315      -129.6768      -126.1110    
   -122.6319      -119.2376      -115.9262      -112.6956    
   -109.5441      -106.4697      -103.4707      -100.5453    
   -97.69169      -94.90828      -92.19338      -89.54539    
   -86.96276      -84.44397      -81.98757      -79.59214    
   -77.25631      -74.97877      -72.75825      -70.59351    
   -68.48336      -66.42665      -64.42225      -62.46908    
   -60.56607      -58.71215      -56.90631      -55.14750    
   -53.43471      -51.76690      -50.14307      -48.56218    
   -47.02322      -45.52516      -44.06698      -42.64769    
   -41.26628      -39.92177      -38.61323      -37.33972    
   -36.10035      -34.89426      -33.72064      -32.57869    
   -31.46767      -30.38687      -29.33562      -28.31330    
   -27.31928      -26.35300      -25.41391      -24.50150    
   -23.61524      -22.75468      -21.91932      -21.10873    
   -20.32245      -19.56004      -18.82106      -18.10509    
   -17.41170      -16.74045      -16.09091      -15.46265    
   -14.85523      -14.26822      -13.70117      -13.15363    
   -12.62515      -12.11528      -11.62356      -11.14953    
   -10.69272      -10.25268      -9.828932      -9.421022    
   -9.028485      -8.650858      -8.287684      -7.938507    
   -7.602877      -7.280351      -6.970488      -6.672858    
   -6.387038      -6.112612      -5.849174      -5.596328    
   -5.353689      -5.120881      -4.897540      -4.683314    
   -4.477861      -4.280854      -4.091974      -3.910918    
   -3.737392      -3.571115      -3.411819      -3.259247    
   -3.113152      -2.973301      -2.839468      -2.711441    
   -2.589015      -2.471998      -2.360205      -2.253459    
   -2.151592      -2.054444      -1.961863      -1.873701    
   -1.789819      -1.710083      -1.634364      -1.562538    
   -1.494488      -1.430100      -1.369263      -1.311875    
   -1.257833      -1.207042      -1.159410      -1.114848    
   -1.073274      -1.034607     -0.9987730     -0.9657011    
  -0.9353248     -0.9075822     -0.8824155     -0.8597712    
  -0.8396001     -0.8218571     -0.8065009     -0.7934940    
  -0.7828028     -0.7743969     -0.7682491     -0.7643352    
   400                                                      #     Co19-1 IS=2
    0.000000      -2699804.      -1330291.      -873974.3    
   -645954.9      -509252.8      -418208.1      -353252.1    
   -304600.7      -266818.1      -236642.9      -211999.8    
   -191505.1      -174200.9      -159403.1      -146609.8    
   -135444.9      -125620.6      -116913.1      -109145.6    
   -102176.9      -95892.55      -90198.95      -85018.77    
   -80287.57      -75951.25      -71964.00      -68286.84    
   -64886.32      -61733.64      -58803.82      -56075.13    
   -53528.53      -51147.31      -48916.73      -46823.71    
   -44856.66      -43005.23      -41260.16      -39613.14    
   -38056.69      -36584.08      -35189.20      -33866.52    
   -32611.02      -31418.12      -30283.64      -29203.75    
   -28174.96      -27194.05      -26258.07      -25364.28    
   -24510.19      -23693.46      -22911.95      -22163.67    
   -21446.76      -20759.52      -20100.34      -19467.73    
   -18860.31      -18276.77      -17715.91      -17176.59    
   -16657.75      -16158.39      -15677.58      -15214.43    
   -14768.13      -14337.88      -13922.97      -13522.69    
   -13136.40      -12763.48      -12403.35      -12055.46    
   -11719.29      -11394.34      -11080.15      -10776.28    
   -10482.30      -10197.82      -9922.448      -9655.836    
   -9397.636      -9147.523      -8905.186      -8670.329    
   -8442.670      -8221.939      -8007.881      -7800.249    
   -7598.810      -7403.341      -7213.627      -7029.465    
   -6850.658      -6677.020      -6508.371      -6344.539    
   -6185.361      -6030.679      -5880.341      -5734.202    
   -5592.123      -5453.971      -5319.617      -5188.938    
   -5061.816      -4938.136      -4817.790      -4700.671    
   -4586.679      -4475.716      -4367.689      -4262.506    
   -4160.082      -4060.331      -3963.173      -3868.531    
   -3776.328      -3686.494      -3598.957      -3513.650    
   -3430.509      -3349.470      -3270.472      -3193.458    
   -3118.370      -3045.154      -2973.756      -2904.126    
   -2836.214      -2769.973      -2705.356      -2642.318    
   -2580.817      -2520.810      -2462.256      -2405.117    
   -2349.354      -2294.930      -2241.810      -2189.960    
   -2139.344      -2089.933      -2041.692      -1994.593    
   -1948.605      -1903.700      -1859.850      -1817.027    
   -1775.205      -1734.360      -1694.466      -1655.498    
   -1617.435      -1580.253      -1543.929      -1508.443    
   -1473.774      -1439.902      -1406.806      -1374.469    
   -1342.870      -1311.993      -1281.819      -1252.332    
   -1223.514      -1195.351      -1167.825      -1140.921    
   -1114.626      -1088.923      -1063.799      -1039.241    
   -1015.235      -991.7670      -968.8255      -946.3978    
   -924.4719      -903.0360      -882.0787      -861.5889    
   -841.5559      -821.9690      -802.8181      -784.0931    
   -765.7843      -747.8822      -730.3777      -713.2617    
   -696.5255      -680.1605      -664.1586      -648.5115    
   -633.2114      -618.2506      -603.6217      -589.3173    
   -575.3303      -561.6537      -548.2809      -535.2051    
   -522.4198      -509.9189      -497.6960      -485.7451    
   -474.0603      -462.6359      -451.4661      -440.5453    
   -429.8683      -419.4296      -409.2240      -399.2464    
   -389.4918      -379.9554      -370.6323      -361.5179    
   -352.6075      -343.8968      -335.3814      -327.0570    
   -318.9195      -310.9648      -303.1889      -295.5882    
   -288.1587      -280.8968      -273.7991      -266.8620    
   -260.0822      -253.4564      -246.9814      -240.6541    
   -234.4714      -228.4304      -222.5282      -216.7619    
   -211.1289      -205.6262      -200.2514      -195.0018    
   -189.8749      -184.8680      -179.9789      -175.2050    
   -170.5439      -165.9933      -161.5509      -157.2144    
   -152.9816      -148.8501      -144.8178      -140.8826    
   -137.0423      -133.2948      -129.6380      -126.0699    
   -122.5884      -119.1915      -115.8773      -112.6439    
   -109.4893      -106.4117      -103.4093      -100.4803    
   -97.62292      -94.83551      -92.11639      -89.46397    
   -86.87669      -84.35303      -81.89153      -79.49079    
   -77.14945      -74.86619      -72.63977      -70.46897    
   -68.35263      -66.28962      -64.27887      -62.31932    
   -60.40996      -58.54979      -56.73784      -54.97312    
   -53.25468      -51.58155      -49.95276      -48.36734    
   -46.82430      -45.32265      -43.86139      -42.43952    
   -41.05606      -39.71000      -38.40039      -37.12628    
   -35.88673      -34.68086      -33.50781      -32.36675    
   -31.25691      -30.17754      -29.12792      -28.10741    
   -27.11535      -26.15116      -25.21426      -24.30410    
   -23.42017      -22.56197      -21.72901      -20.92083    
   -20.13697      -19.37698      -18.64042      -17.92685    
   -17.23584      -16.56696      -15.91977      -15.29383    
   -14.68871      -14.10396      -13.53915      -12.99382    
   -12.46753      -11.95982      -11.47023      -10.99831    
   -10.54360      -10.10563      -9.683941      -9.278071    
   -8.887560      -8.511949      -8.150782      -7.803607    
   -7.469978      -7.149452      -6.841596      -6.545980    
   -6.262186      -5.989802      -5.728427      -5.477668    
   -5.237145      -5.006487      -4.785335      -4.573340    
   -4.370168      -4.175495      -3.989008      -3.810408    
   -3.639406      -3.475727      -3.319106      -3.169289    
   -3.026034      -2.889108      -2.758289      -2.633365    
   -2.514132      -2.400394      -2.291963      -2.188660    
   -2.090309      -1.996744      -1.907801      -1.823325    
   -1.743163      -1.667167      -1.595194      -1.527105    
   -1.462766      -1.402047      -1.344822      -1.290969    
   -1.240372      -1.192920      -1.148507      -1.107031    
   -1.068398      -1.032518     -0.9993062     -0.9686853    
  -0.9405828     -0.9149318     -0.8916714     -0.8707459    
  -0.8521050     -0.8357031     -0.8215000     -0.8094594    
  -0.7995497     -0.7917431     -0.7860153     -0.7823454    
 XXXXXXXXXXXX CORE STATES XXXXXXXXXXXXXXXXXXXXXX
                                                      Co19-1     	 IS=1
  -0.4664173     -0.3192725     -0.2328560    
  -0.2957144      0.7475481     -0.2186659    
   0.1874587      0.1745414      0.1231772E-01
   0.4281190      0.1143621     -0.2425828E-02
   0.4015814E-01  0.2274386E-01   1.808036    
  -0.5726638      0.3157423      -2.484788    
  -0.4029058      0.4815453      0.1083728    
   0.1450028     -0.1093466     -0.8060455    
                                                      Co19-1     	 IS=2
  -0.4385075     -0.2615684     -0.1840618    
  -0.2770513      0.7659799     -0.9619502E-01
   0.1901653      0.1756820      0.1451448E-01
   0.4284806      0.1142256      0.7295281E-03
   0.3907989E-01  0.2276536E-01   1.483406    
  -0.5997863      0.2380071      -1.109338    
  -0.4040010      0.4783683      0.1684596    
   0.1432431     -0.1092755     -0.7196720    
     5                                                Co19-1     	
     1    0    0
   -556.2399      -556.2394    
     2    0    0
   -65.44592      -65.36903    
     2    1    0
   -56.05012      -55.99094    
     3    0    0
   -7.055624      -6.908252    
     3    1    0
   -4.386004      -4.243702    
