#  Interface results for: Co20-1, IVXC=0, NK=   30
     3                                                      # NL
   0.3484850      0.5303000E-01  0.1071400E-01
    27.00000       2.621800       2.621800                  # AZ, WSR, WSR(avrg)
  -0.4939294E-01                                            # Fermi Energy
    0.0E+00                                                 # Pot.Shift
     0                                                      # SW
     2                                                      # NS
   400                                                      #     Co20-1 IS=1
    0.000000      -2699804.      -1330291.      -873974.3    
   -645954.9      -509252.8      -418208.1      -353252.1    
   -304600.6      -266818.1      -236642.9      -211999.8    
   -191505.1      -174200.9      -159403.0      -146609.8    
   -135444.9      -125620.6      -116913.0      -109145.6    
   -102176.9      -95892.55      -90198.95      -85018.77    
   -80287.57      -75951.25      -71964.00      -68286.84    
   -64886.32      -61733.64      -58803.82      -56075.13    
   -53528.53      -51147.31      -48916.72      -46823.71    
   -44856.66      -43005.23      -41260.16      -39613.14    
   -38056.69      -36584.08      -35189.20      -33866.52    
   -32611.02      -31418.12      -30283.64      -29203.75    
   -28174.96      -27194.05      -26258.07      -25364.28    
   -24510.19      -23693.46      -22911.95      -22163.67    
   -21446.76      -20759.52      -20100.34      -19467.73    
   -18860.31      -18276.77      -17715.91      -17176.59    
   -16657.75      -16158.39      -15677.58      -15214.43    
   -14768.13      -14337.88      -13922.97      -13522.69    
   -13136.40      -12763.48      -12403.35      -12055.46    
   -11719.29      -11394.34      -11080.15      -10776.28    
   -10482.30      -10197.81      -9922.447      -9655.835    
   -9397.635      -9147.522      -8905.185      -8670.328    
   -8442.669      -8221.938      -8007.880      -7800.248    
   -7598.809      -7403.340      -7213.626      -7029.464    
   -6850.657      -6677.019      -6508.370      -6344.539    
   -6185.360      -6030.678      -5880.340      -5734.201    
   -5592.123      -5453.970      -5319.617      -5188.938    
   -5061.815      -4938.136      -4817.789      -4700.670    
   -4586.678      -4475.716      -4367.688      -4262.505    
   -4160.081      -4060.330      -3963.172      -3868.530    
   -3776.328      -3686.493      -3598.956      -3513.649    
   -3430.508      -3349.469      -3270.472      -3193.457    
   -3118.369      -3045.153      -2973.755      -2904.125    
   -2836.214      -2769.973      -2705.355      -2642.318    
   -2580.816      -2520.809      -2462.255      -2405.116    
   -2349.353      -2294.929      -2241.809      -2189.959    
   -2139.344      -2089.932      -2041.692      -1994.592    
   -1948.605      -1903.699      -1859.849      -1817.026    
   -1775.205      -1734.359      -1694.465      -1655.498    
   -1617.434      -1580.252      -1543.929      -1508.443    
   -1473.774      -1439.901      -1406.806      -1374.468    
   -1342.870      -1311.992      -1281.819      -1252.331    
   -1223.514      -1195.350      -1167.824      -1140.921    
   -1114.625      -1088.922      -1063.799      -1039.240    
   -1015.234      -991.7664      -968.8249      -946.3972    
   -924.4713      -903.0354      -882.0781      -861.5884    
   -841.5554      -821.9685      -802.8176      -784.0926    
   -765.7838      -747.8817      -730.3772      -713.2612    
   -696.5251      -680.1601      -664.1582      -648.5111    
   -633.2111      -618.2503      -603.6214      -589.3171    
   -575.3301      -561.6537      -548.2809      -535.2051    
   -522.4200      -509.9191      -497.6963      -485.7455    
   -474.0609      -462.6366      -451.4669      -440.5463    
   -429.8695      -419.4309      -409.2255      -399.2481    
   -389.4938      -379.9576      -370.6347      -361.5206    
   -352.6105      -343.9002      -335.3850      -327.0610    
   -318.9238      -310.9695      -303.1940      -295.5937    
   -288.1646      -280.9032      -273.8060      -266.8694    
   -260.0902      -253.4649      -246.9905      -240.6638    
   -234.4818      -228.4415      -222.5400      -216.7746    
   -211.1423      -205.6405      -200.2666      -195.0180    
   -189.8920      -184.8862      -179.9982      -175.2254    
   -170.5656      -166.0164      -161.5754      -157.2403    
   -153.0090      -148.8792      -144.8486      -140.9153    
   -137.0769      -133.3315      -129.6768      -126.1110    
   -122.6319      -119.2376      -115.9261      -112.6956    
   -109.5441      -106.4697      -103.4707      -100.5453    
   -97.69168      -94.90827      -92.19337      -89.54538    
   -86.96275      -84.44396      -81.98756      -79.59213    
   -77.25630      -74.97877      -72.75824      -70.59350    
   -68.48335      -66.42664      -64.42225      -62.46908    
   -60.56606      -58.71215      -56.90630      -55.14750    
   -53.43470      -51.76690      -50.14307      -48.56218    
   -47.02322      -45.52516      -44.06698      -42.64768    
   -41.26627      -39.92177      -38.61323      -37.33972    
   -36.10035      -34.89426      -33.72063      -32.57868    
   -31.46766      -30.38686      -29.33562      -28.31329    
   -27.31927      -26.35300      -25.41391      -24.50149    
   -23.61524      -22.75467      -21.91932      -21.10873    
   -20.32244      -19.56003      -18.82106      -18.10509    
   -17.41169      -16.74044      -16.09090      -15.46265    
   -14.85523      -14.26822      -13.70117      -13.15363    
   -12.62515      -12.11528      -11.62355      -11.14952    
   -10.69272      -10.25267      -9.828928      -9.421019    
   -9.028482      -8.650855      -8.287681      -7.938504    
   -7.602874      -7.280348      -6.970485      -6.672856    
   -6.387035      -6.112609      -5.849172      -5.596326    
   -5.353687      -5.120879      -4.897538      -4.683312    
   -4.477860      -4.280852      -4.091973      -3.910917    
   -3.737391      -3.571114      -3.411819      -3.259247    
   -3.113152      -2.973301      -2.839468      -2.711441    
   -2.589016      -2.471999      -2.360206      -2.253460    
   -2.151593      -2.054445      -1.961864      -1.873703    
   -1.789821      -1.710085      -1.634366      -1.562540    
   -1.494490      -1.430102      -1.369266      -1.311877    
   -1.257836      -1.207045      -1.159413      -1.114851    
   -1.073277      -1.034611     -0.9987767     -0.9657049    
  -0.9353288     -0.9075863     -0.8824197     -0.8597755    
  -0.8396046     -0.8218617     -0.8065055     -0.7934988    
  -0.7828077     -0.7744019     -0.7682542     -0.7643404    
   400                                                      #     Co20-1 IS=2
    0.000000      -2699804.      -1330291.      -873974.3    
   -645954.9      -509252.8      -418208.1      -353252.1    
   -304600.7      -266818.1      -236642.9      -211999.8    
   -191505.1      -174200.9      -159403.1      -146609.8    
   -135444.9      -125620.6      -116913.1      -109145.6    
   -102176.9      -95892.55      -90198.95      -85018.77    
   -80287.57      -75951.25      -71964.00      -68286.84    
   -64886.32      -61733.64      -58803.82      -56075.13    
   -53528.53      -51147.31      -48916.73      -46823.71    
   -44856.66      -43005.23      -41260.16      -39613.14    
   -38056.69      -36584.08      -35189.20      -33866.52    
   -32611.02      -31418.12      -30283.64      -29203.75    
   -28174.96      -27194.05      -26258.07      -25364.28    
   -24510.19      -23693.46      -22911.95      -22163.67    
   -21446.76      -20759.52      -20100.34      -19467.73    
   -18860.31      -18276.77      -17715.91      -17176.59    
   -16657.75      -16158.39      -15677.58      -15214.43    
   -14768.13      -14337.88      -13922.97      -13522.69    
   -13136.40      -12763.48      -12403.35      -12055.46    
   -11719.29      -11394.34      -11080.15      -10776.28    
   -10482.30      -10197.82      -9922.448      -9655.836    
   -9397.636      -9147.523      -8905.186      -8670.329    
   -8442.670      -8221.939      -8007.881      -7800.249    
   -7598.810      -7403.341      -7213.627      -7029.465    
   -6850.658      -6677.020      -6508.371      -6344.539    
   -6185.361      -6030.679      -5880.341      -5734.202    
   -5592.123      -5453.971      -5319.617      -5188.938    
   -5061.816      -4938.136      -4817.790      -4700.671    
   -4586.679      -4475.716      -4367.689      -4262.506    
   -4160.082      -4060.331      -3963.173      -3868.531    
   -3776.328      -3686.494      -3598.957      -3513.650    
   -3430.509      -3349.470      -3270.472      -3193.458    
   -3118.370      -3045.154      -2973.756      -2904.126    
   -2836.214      -2769.973      -2705.356      -2642.318    
   -2580.817      -2520.810      -2462.256      -2405.117    
   -2349.354      -2294.930      -2241.810      -2189.960    
   -2139.344      -2089.933      -2041.692      -1994.593    
   -1948.605      -1903.700      -1859.849      -1817.027    
   -1775.205      -1734.360      -1694.466      -1655.498    
   -1617.435      -1580.253      -1543.929      -1508.443    
   -1473.774      -1439.902      -1406.806      -1374.469    
   -1342.870      -1311.993      -1281.819      -1252.332    
   -1223.514      -1195.351      -1167.825      -1140.921    
   -1114.625      -1088.923      -1063.799      -1039.241    
   -1015.235      -991.7670      -968.8255      -946.3978    
   -924.4718      -903.0359      -882.0787      -861.5889    
   -841.5559      -821.9690      -802.8181      -784.0931    
   -765.7843      -747.8822      -730.3777      -713.2617    
   -696.5255      -680.1605      -664.1586      -648.5115    
   -633.2114      -618.2506      -603.6217      -589.3173    
   -575.3303      -561.6537      -548.2809      -535.2051    
   -522.4198      -509.9189      -497.6960      -485.7451    
   -474.0603      -462.6359      -451.4661      -440.5453    
   -429.8683      -419.4296      -409.2240      -399.2464    
   -389.4918      -379.9554      -370.6323      -361.5179    
   -352.6075      -343.8968      -335.3814      -327.0570    
   -318.9195      -310.9648      -303.1889      -295.5881    
   -288.1587      -280.8968      -273.7991      -266.8620    
   -260.0822      -253.4564      -246.9814      -240.6541    
   -234.4714      -228.4304      -222.5282      -216.7619    
   -211.1288      -205.6262      -200.2514      -195.0018    
   -189.8749      -184.8680      -179.9789      -175.2050    
   -170.5439      -165.9933      -161.5509      -157.2144    
   -152.9815      -148.8501      -144.8178      -140.8826    
   -137.0423      -133.2948      -129.6380      -126.0699    
   -122.5884      -119.1915      -115.8773      -112.6439    
   -109.4893      -106.4117      -103.4093      -100.4803    
   -97.62291      -94.83550      -92.11638      -89.46396    
   -86.87668      -84.35302      -81.89152      -79.49078    
   -77.14944      -74.86618      -72.63976      -70.46896    
   -68.35261      -66.28961      -64.27886      -62.31931    
   -60.40995      -58.54978      -56.73783      -54.97311    
   -53.25467      -51.58154      -49.95275      -48.36733    
   -46.82429      -45.32263      -43.86137      -42.43951    
   -41.05604      -39.70999      -38.40038      -37.12627    
   -35.88672      -34.68085      -33.50780      -32.36674    
   -31.25690      -30.17752      -29.12791      -28.10740    
   -27.11534      -26.15115      -25.21425      -24.30409    
   -23.42016      -22.56196      -21.72900      -20.92082    
   -20.13696      -19.37697      -18.64041      -17.92684    
   -17.23583      -16.56695      -15.91976      -15.29382    
   -14.68870      -14.10395      -13.53914      -12.99381    
   -12.46752      -11.95981      -11.47022      -10.99831    
   -10.54359      -10.10562      -9.683933      -9.278063    
   -8.887552      -8.511941      -8.150774      -7.803599    
   -7.469970      -7.149445      -6.841589      -6.545974    
   -6.262180      -5.989796      -5.728421      -5.477662    
   -5.237139      -5.006481      -4.785329      -4.573335    
   -4.370163      -4.175490      -3.989003      -3.810403    
   -3.639402      -3.475723      -3.319102      -3.169285    
   -3.026030      -2.889105      -2.758286      -2.633362    
   -2.514129      -2.400391      -2.291961      -2.188658    
   -2.090307      -1.996742      -1.907800      -1.823324    
   -1.743162      -1.667166      -1.595193      -1.527104    
   -1.462766      -1.402046      -1.344821      -1.290968    
   -1.240372      -1.192920      -1.148507      -1.107031    
   -1.068398      -1.032518     -0.9993064     -0.9686856    
  -0.9405831     -0.9149322     -0.8916719     -0.8707464    
  -0.8521055     -0.8357037     -0.8215006     -0.8094601    
  -0.7995505     -0.7917439     -0.7860161     -0.7823462    
 XXXXXXXXXXXX CORE STATES XXXXXXXXXXXXXXXXXXXXXX
                                                      Co20-1     	 IS=1
  -0.4664206     -0.3192738     -0.2328524    
  -0.2957173      0.7475452     -0.2186638    
   0.1874589      0.1745415      0.1231780E-01
   0.4281190      0.1143621     -0.2426020E-02
   0.4015806E-01  0.2274385E-01   1.808034    
  -0.5726632      0.3157389      -2.484841    
  -0.4029060      0.4815452      0.1083719    
   0.1450027     -0.1093466     -0.8060445    
                                                      Co20-1     	 IS=2
  -0.4385052     -0.2615799     -0.1840571    
  -0.2770506      0.7659817     -0.9618837E-01
   0.1901654      0.1756824      0.1451461E-01
   0.4284806      0.1142258      0.7295750E-03
   0.3907987E-01  0.2276518E-01   1.483394    
  -0.5997904      0.2380271      -1.109323    
  -0.4040009      0.4783697      0.1684611    
   0.1432431     -0.1092751     -0.7196684    
     5                                                Co20-1     	
     1    0    0
   -556.2399      -556.2394    
     2    0    0
   -65.44591      -65.36902    
     2    1    0
   -56.05011      -55.99093    
     3    0    0
   -7.055620      -6.908243    
     3    1    0
   -4.386001      -4.243694    
