#  Interface results for: Cu2-1, IVXC=0, NK=   30
     3                                                      # NL
   0.3484850      0.5303000E-01  0.1071400E-01
    29.00000       2.621800       2.621800                  # AZ, WSR, WSR(avrg)
  -0.4939294E-01                                            # Fermi Energy
    0.0E+00                                                 # Pot.Shift
     0                                                      # SW
     2                                                      # NS
   400                                                      #     Cu2-1  IS=1
    0.000000      -2899782.      -1428823.      -938705.0    
   -693795.2      -546967.0      -449178.2      -379410.6    
   -327155.3      -286574.0      -254163.7      -227695.1    
   -205682.2      -187096.3      -171202.3      -157461.4    
   -145469.5      -134917.4      -125564.8      -117222.0    
   -109737.1      -102987.2      -96871.86      -91307.95    
   -86226.29      -81568.75      -77286.15      -73336.59    
   -69684.17      -66297.95      -63151.11      -60220.28    
   -57485.04      -54927.42      -52531.60      -50283.54    
   -48170.78      -46182.20      -44307.86      -42538.82    
   -40867.08      -39285.38      -37787.17      -36366.51    
   -35018.00      -33736.73      -32518.20      -31358.32    
   -30253.32      -29199.74      -28194.42      -27234.43    
   -26317.06      -25439.83      -24600.43      -23796.71    
   -23026.70      -22288.54      -21580.53      -20901.05    
   -20248.63      -19621.87      -19019.46      -18440.19    
   -17882.91      -17346.56      -16830.12      -16332.67    
   -15853.30      -15391.18      -14945.53      -14515.60    
   -14100.70      -13700.15      -13313.35      -12939.68    
   -12578.61      -12229.59      -11892.13      -11565.75    
   -11249.99      -10944.44      -10648.67      -10362.31    
   -10084.99      -9816.351      -9556.066      -9303.815    
   -9059.296      -8822.219      -8592.309      -8369.302    
   -8152.948      -7943.005      -7739.245      -7541.448    
   -7349.404      -7162.912      -6981.779      -6805.821    
   -6634.862      -6468.732      -6307.269      -6150.317    
   -5997.726      -5849.354      -5705.061      -5564.717    
   -5428.193      -5295.368      -5166.123      -5040.346    
   -4917.928      -4798.765      -4682.754      -4569.800    
   -4459.809      -4352.691      -4248.359      -4146.729    
   -4047.721      -3951.257      -3857.261      -3765.662    
   -3676.389      -3589.375      -3504.554      -3421.864    
   -3341.244      -3262.635      -3185.981      -3111.226    
   -3038.316      -2967.202      -2897.833      -2830.161    
   -2764.140      -2699.724      -2636.871      -2575.537    
   -2515.682      -2457.266      -2400.251      -2344.600    
   -2290.276      -2237.245      -2185.473      -2134.927    
   -2085.576      -2037.387      -1990.332      -1944.380    
   -1899.505      -1855.678      -1812.873      -1771.064    
   -1730.226      -1690.334      -1651.365      -1613.295    
   -1576.103      -1539.767      -1504.265      -1469.577    
   -1435.683      -1402.563      -1370.198      -1338.571    
   -1307.663      -1277.457      -1247.936      -1219.084    
   -1190.884      -1163.320      -1136.379      -1110.044    
   -1084.301      -1059.138      -1034.539      -1010.491    
   -986.9829      -964.0005      -941.5320      -919.5656    
   -898.0896      -877.0927      -856.5641      -836.4929    
   -816.8688      -797.6816      -778.9214      -760.5787    
   -742.6440      -725.1083      -707.9626      -691.1982    
   -674.8068      -658.7800      -643.1097      -627.7882    
   -612.8078      -598.1609      -583.8403      -569.8387    
   -556.1491      -542.7648      -529.6789      -516.8850    
   -504.3766      -492.1474      -480.1913      -468.5023    
   -457.0744      -445.9019      -434.9792      -424.3007    
   -413.8612      -403.6552      -393.6778      -383.9239    
   -374.3886      -365.0672      -355.9550      -347.0476    
   -338.3405      -329.8295      -321.5104      -313.3791    
   -305.4316      -297.6642      -290.0730      -282.6545    
   -275.4049      -268.3210      -261.3991      -254.6360    
   -248.0285      -241.5734      -235.2675      -229.1078    
   -223.0912      -217.2149      -211.4760      -205.8715    
   -200.3988      -195.0549      -189.8374      -184.7433    
   -179.7703      -174.9155      -170.1765      -165.5508    
   -161.0359      -156.6292      -152.3285      -148.1313    
   -144.0354      -140.0383      -136.1379      -132.3319    
   -128.6181      -124.9945      -121.4589      -118.0093    
   -114.6438      -111.3603      -108.1570      -105.0321    
   -101.9837      -99.01026      -96.11000      -93.28131    
   -90.52266      -87.83252      -85.20945      -82.65203    
   -80.15888      -77.72868      -75.36013      -73.05195    
   -70.80291      -68.61176      -66.47728      -64.39827    
   -62.37353      -60.40183      -58.48200      -56.61281    
   -54.79310      -53.02166      -51.29732      -49.61894    
   -47.98538      -46.39553      -44.84831      -43.34270    
   -41.87769      -40.45232      -39.06567      -37.71687    
   -36.40509      -35.12952      -33.88941      -32.68405    
   -31.51273      -30.37481      -29.26965      -28.19663    
   -27.15516      -26.14467      -25.16460      -24.21438    
   -23.29347      -22.40133      -21.53743      -20.70121    
   -19.89216      -19.10971      -18.35335      -17.62250    
   -16.91664      -16.23520      -15.57763      -14.94337    
   -14.33184      -13.74248      -13.17472      -12.62799    
   -12.10171      -11.59531      -11.10821      -10.63984    
   -10.18962      -9.757008      -9.341425      -8.942319    
   -8.559141      -8.191351      -7.838415      -7.499811    
   -7.175025      -6.863555      -6.564911      -6.278615    
   -6.004199      -5.741213      -5.489216      -5.247784    
   -5.016504      -4.794980      -4.582828      -4.379680    
   -4.185179      -3.998986      -3.820773      -3.650227    
   -3.487046      -3.330944      -3.181645      -3.038887    
   -2.902419      -2.772002      -2.647405      -2.528412    
   -2.414813      -2.306409      -2.203010      -2.104435    
   -2.010510      -1.921069      -1.835954      -1.755013    
   -1.678100      -1.605079      -1.535814      -1.470181    
   -1.408057      -1.349328      -1.293882      -1.241614    
   -1.192425      -1.146219      -1.102907      -1.062404    
   -1.024628     -0.9895059     -0.9569659     -0.9269425    
  -0.8993742     -0.8742044     -0.8513808     -0.8308554    
  -0.8125844     -0.7965282     -0.7826512     -0.7709214    
  -0.7613109     -0.7537949     -0.7483522     -0.7449648    
   400                                                      #     Cu2-1  IS=2
    0.000000      -2899782.      -1428823.      -938705.0    
   -693795.2      -546967.0      -449178.2      -379410.6    
   -327155.3      -286574.0      -254163.7      -227695.1    
   -205682.2      -187096.3      -171202.3      -157461.4    
   -145469.5      -134917.4      -125564.8      -117222.0    
   -109737.1      -102987.2      -96871.86      -91307.95    
   -86226.29      -81568.75      -77286.15      -73336.59    
   -69684.17      -66297.95      -63151.11      -60220.28    
   -57485.04      -54927.42      -52531.60      -50283.54    
   -48170.78      -46182.20      -44307.86      -42538.82    
   -40867.08      -39285.38      -37787.17      -36366.51    
   -35018.00      -33736.73      -32518.20      -31358.32    
   -30253.32      -29199.74      -28194.42      -27234.43    
   -26317.06      -25439.83      -24600.43      -23796.71    
   -23026.70      -22288.54      -21580.53      -20901.05    
   -20248.63      -19621.87      -19019.46      -18440.19    
   -17882.91      -17346.56      -16830.12      -16332.67    
   -15853.30      -15391.18      -14945.53      -14515.60    
   -14100.70      -13700.15      -13313.35      -12939.68    
   -12578.61      -12229.59      -11892.13      -11565.75    
   -11249.99      -10944.44      -10648.67      -10362.31    
   -10084.99      -9816.351      -9556.066      -9303.815    
   -9059.296      -8822.219      -8592.309      -8369.302    
   -8152.948      -7943.005      -7739.245      -7541.448    
   -7349.404      -7162.912      -6981.779      -6805.821    
   -6634.862      -6468.732      -6307.269      -6150.317    
   -5997.726      -5849.354      -5705.061      -5564.717    
   -5428.193      -5295.368      -5166.123      -5040.346    
   -4917.928      -4798.765      -4682.754      -4569.800    
   -4459.809      -4352.691      -4248.359      -4146.729    
   -4047.721      -3951.257      -3857.261      -3765.662    
   -3676.389      -3589.375      -3504.554      -3421.864    
   -3341.244      -3262.635      -3185.981      -3111.226    
   -3038.316      -2967.202      -2897.833      -2830.161    
   -2764.140      -2699.724      -2636.871      -2575.537    
   -2515.682      -2457.266      -2400.251      -2344.600    
   -2290.276      -2237.245      -2185.473      -2134.927    
   -2085.576      -2037.387      -1990.332      -1944.380    
   -1899.505      -1855.678      -1812.873      -1771.064    
   -1730.226      -1690.334      -1651.365      -1613.295    
   -1576.103      -1539.767      -1504.265      -1469.577    
   -1435.683      -1402.563      -1370.198      -1338.571    
   -1307.663      -1277.457      -1247.936      -1219.084    
   -1190.884      -1163.320      -1136.379      -1110.044    
   -1084.301      -1059.138      -1034.539      -1010.491    
   -986.9829      -964.0005      -941.5320      -919.5656    
   -898.0896      -877.0927      -856.5641      -836.4929    
   -816.8688      -797.6816      -778.9214      -760.5787    
   -742.6440      -725.1083      -707.9626      -691.1982    
   -674.8068      -658.7800      -643.1097      -627.7882    
   -612.8078      -598.1609      -583.8403      -569.8387    
   -556.1491      -542.7648      -529.6789      -516.8850    
   -504.3766      -492.1474      -480.1913      -468.5023    
   -457.0744      -445.9019      -434.9792      -424.3007    
   -413.8612      -403.6552      -393.6778      -383.9239    
   -374.3886      -365.0672      -355.9550      -347.0476    
   -338.3405      -329.8295      -321.5104      -313.3791    
   -305.4316      -297.6642      -290.0730      -282.6545    
   -275.4049      -268.3210      -261.3991      -254.6360    
   -248.0285      -241.5734      -235.2675      -229.1078    
   -223.0912      -217.2149      -211.4760      -205.8715    
   -200.3988      -195.0549      -189.8374      -184.7433    
   -179.7703      -174.9155      -170.1765      -165.5508    
   -161.0359      -156.6292      -152.3285      -148.1313    
   -144.0354      -140.0383      -136.1379      -132.3319    
   -128.6181      -124.9945      -121.4589      -118.0093    
   -114.6438      -111.3603      -108.1570      -105.0321    
   -101.9837      -99.01026      -96.11000      -93.28131    
   -90.52266      -87.83252      -85.20945      -82.65203    
   -80.15888      -77.72868      -75.36013      -73.05195    
   -70.80291      -68.61176      -66.47728      -64.39828    
   -62.37353      -60.40183      -58.48200      -56.61281    
   -54.79310      -53.02166      -51.29732      -49.61894    
   -47.98538      -46.39553      -44.84832      -43.34270    
   -41.87769      -40.45232      -39.06567      -37.71687    
   -36.40509      -35.12952      -33.88941      -32.68405    
   -31.51273      -30.37481      -29.26965      -28.19663    
   -27.15516      -26.14467      -25.16460      -24.21438    
   -23.29347      -22.40133      -21.53743      -20.70121    
   -19.89216      -19.10971      -18.35335      -17.62250    
   -16.91664      -16.23520      -15.57763      -14.94337    
   -14.33184      -13.74248      -13.17472      -12.62799    
   -12.10171      -11.59531      -11.10821      -10.63984    
   -10.18963      -9.757009      -9.341425      -8.942319    
   -8.559141      -8.191351      -7.838415      -7.499811    
   -7.175025      -6.863556      -6.564912      -6.278615    
   -6.004200      -5.741213      -5.489217      -5.247784    
   -5.016505      -4.794980      -4.582829      -4.379680    
   -4.185180      -3.998987      -3.820774      -3.650227    
   -3.487046      -3.330944      -3.181645      -3.038888    
   -2.902420      -2.772002      -2.647406      -2.528412    
   -2.414813      -2.306409      -2.203011      -2.104436    
   -2.010511      -1.921070      -1.835955      -1.755013    
   -1.678101      -1.605079      -1.535815      -1.470182    
   -1.408058      -1.349329      -1.293883      -1.241615    
   -1.192426      -1.146220      -1.102908      -1.062405    
   -1.024629     -0.9895071     -0.9569672     -0.9269438    
  -0.8993755     -0.8742058     -0.8513822     -0.8308567    
  -0.8125858     -0.7965296     -0.7826526     -0.7709228    
  -0.7613123     -0.7537963     -0.7483536     -0.7449661    
 XXXXXXXXXXXX CORE STATES XXXXXXXXXXXXXXXXXXXXXX
                                                      Cu2-1     	  IS=1
  -0.4979520     -0.3424693     -0.2802308    
  -0.3834008      0.6484589     -0.2711552    
   0.1754458      0.1655770      0.9704225E-02
   0.4234275      0.1121542     -0.3334642E-02
   0.5024095E-01  0.2598622E-01   2.341291    
  -0.6890865      0.2562636      -2.573598    
  -0.3841264      0.4713435      0.9435393E-01
   0.1596674     -0.1170067     -0.9161798    
                                                      Cu2-1     	  IS=2
  -0.4979507     -0.3424631     -0.2802312    
  -0.3834019      0.6484573     -0.2711558    
   0.1754458      0.1655769      0.9704231E-02
   0.4234275      0.1121541     -0.3334671E-02
   0.5024103E-01  0.2598634E-01   2.341291    
  -0.6890929      0.2562508      -2.573608    
  -0.3841260      0.4713426      0.9435374E-01
   0.1596675     -0.1170070     -0.9161798    
     5                                                Cu2-1     	 
     1    0    0
   -648.9596      -648.9596    
     2    0    0
   -77.83110      -77.83110    
     2    1    0
   -67.23897      -67.23897    
     3    0    0
   -8.284256      -8.284256    
     3    1    0
   -5.184386      -5.184386    
