#  Interface results for: Cu3-2, IVXC=0, NK=   30
     3                                                      # NL
   0.3484850      0.5303000E-01  0.1071400E-01
    29.00000       2.621800       2.621800                  # AZ, WSR, WSR(avrg)
  -0.4939294E-01                                            # Fermi Energy
    0.0E+00                                                 # Pot.Shift
     0                                                      # SW
     2                                                      # NS
   400                                                      #     Cu3-2  IS=1
    0.000000      -2899782.      -1428823.      -938705.0    
   -693795.2      -546967.0      -449178.2      -379410.6    
   -327155.3      -286574.0      -254163.7      -227695.1    
   -205682.2      -187096.3      -171202.3      -157461.4    
   -145469.5      -134917.4      -125564.8      -117222.0    
   -109737.1      -102987.2      -96871.86      -91307.95    
   -86226.29      -81568.75      -77286.15      -73336.59    
   -69684.17      -66297.95      -63151.11      -60220.28    
   -57485.04      -54927.42      -52531.60      -50283.54    
   -48170.78      -46182.20      -44307.86      -42538.82    
   -40867.08      -39285.38      -37787.17      -36366.51    
   -35018.00      -33736.73      -32518.20      -31358.32    
   -30253.32      -29199.74      -28194.42      -27234.43    
   -26317.06      -25439.83      -24600.43      -23796.71    
   -23026.70      -22288.54      -21580.53      -20901.05    
   -20248.63      -19621.87      -19019.46      -18440.19    
   -17882.91      -17346.56      -16830.12      -16332.67    
   -15853.30      -15391.18      -14945.53      -14515.60    
   -14100.70      -13700.15      -13313.35      -12939.68    
   -12578.61      -12229.59      -11892.13      -11565.75    
   -11249.99      -10944.44      -10648.67      -10362.31    
   -10084.99      -9816.351      -9556.066      -9303.815    
   -9059.296      -8822.219      -8592.309      -8369.302    
   -8152.948      -7943.005      -7739.245      -7541.448    
   -7349.404      -7162.912      -6981.779      -6805.821    
   -6634.862      -6468.732      -6307.269      -6150.317    
   -5997.726      -5849.354      -5705.061      -5564.717    
   -5428.193      -5295.368      -5166.123      -5040.346    
   -4917.928      -4798.765      -4682.754      -4569.800    
   -4459.809      -4352.691      -4248.359      -4146.729    
   -4047.721      -3951.257      -3857.261      -3765.662    
   -3676.389      -3589.375      -3504.554      -3421.864    
   -3341.244      -3262.635      -3185.981      -3111.226    
   -3038.316      -2967.202      -2897.833      -2830.161    
   -2764.140      -2699.724      -2636.871      -2575.537    
   -2515.682      -2457.266      -2400.251      -2344.600    
   -2290.276      -2237.245      -2185.473      -2134.927    
   -2085.576      -2037.387      -1990.332      -1944.380    
   -1899.505      -1855.678      -1812.873      -1771.064    
   -1730.226      -1690.334      -1651.365      -1613.295    
   -1576.103      -1539.767      -1504.265      -1469.577    
   -1435.683      -1402.563      -1370.198      -1338.571    
   -1307.663      -1277.457      -1247.936      -1219.084    
   -1190.884      -1163.320      -1136.379      -1110.044    
   -1084.301      -1059.138      -1034.539      -1010.491    
   -986.9829      -964.0005      -941.5320      -919.5656    
   -898.0896      -877.0928      -856.5641      -836.4929    
   -816.8688      -797.6816      -778.9214      -760.5787    
   -742.6440      -725.1083      -707.9626      -691.1982    
   -674.8068      -658.7800      -643.1097      -627.7883    
   -612.8078      -598.1609      -583.8403      -569.8387    
   -556.1491      -542.7648      -529.6789      -516.8850    
   -504.3766      -492.1475      -480.1914      -468.5023    
   -457.0744      -445.9019      -434.9792      -424.3007    
   -413.8612      -403.6552      -393.6778      -383.9239    
   -374.3886      -365.0672      -355.9550      -347.0476    
   -338.3405      -329.8295      -321.5104      -313.3791    
   -305.4316      -297.6642      -290.0730      -282.6545    
   -275.4050      -268.3210      -261.3991      -254.6360    
   -248.0285      -241.5734      -235.2675      -229.1078    
   -223.0912      -217.2149      -211.4760      -205.8715    
   -200.3988      -195.0550      -189.8374      -184.7434    
   -179.7703      -174.9155      -170.1765      -165.5508    
   -161.0359      -156.6292      -152.3285      -148.1314    
   -144.0354      -140.0383      -136.1379      -132.3319    
   -128.6181      -124.9945      -121.4589      -118.0093    
   -114.6438      -111.3603      -108.1570      -105.0321    
   -101.9837      -99.01027      -96.11000      -93.28132    
   -90.52266      -87.83253      -85.20945      -82.65203    
   -80.15888      -77.72868      -75.36013      -73.05196    
   -70.80291      -68.61176      -66.47729      -64.39828    
   -62.37353      -60.40184      -58.48200      -56.61282    
   -54.79310      -53.02166      -51.29733      -49.61894    
   -47.98538      -46.39553      -44.84832      -43.34271    
   -41.87769      -40.45232      -39.06568      -37.71688    
   -36.40509      -35.12952      -33.88941      -32.68405    
   -31.51274      -30.37481      -29.26965      -28.19663    
   -27.15517      -26.14468      -25.16460      -24.21438    
   -23.29347      -22.40134      -21.53743      -20.70122    
   -19.89216      -19.10972      -18.35335      -17.62251    
   -16.91664      -16.23521      -15.57763      -14.94337    
   -14.33184      -13.74248      -13.17473      -12.62800    
   -12.10172      -11.59531      -11.10821      -10.63984    
   -10.18963      -9.757011      -9.341428      -8.942322    
   -8.559144      -8.191354      -7.838418      -7.499814    
   -7.175028      -6.863559      -6.564915      -6.278618    
   -6.004203      -5.741216      -5.489220      -5.247787    
   -5.016508      -4.794984      -4.582832      -4.379683    
   -4.185183      -3.998990      -3.820777      -3.650230    
   -3.487050      -3.330948      -3.181649      -3.038891    
   -2.902423      -2.772006      -2.647409      -2.528416    
   -2.414817      -2.306413      -2.203014      -2.104439    
   -2.010514      -1.921074      -1.835958      -1.755017    
   -1.678105      -1.605083      -1.535819      -1.470186    
   -1.408062      -1.349333      -1.293886      -1.241619    
   -1.192430      -1.146224      -1.102912      -1.062408    
   -1.024633     -0.9895106     -0.9569707     -0.9269472    
  -0.8993789     -0.8742091     -0.8513854     -0.8308600    
  -0.8125889     -0.7965327     -0.7826556     -0.7709258    
  -0.7613152     -0.7537992     -0.7483564     -0.7449689    
   400                                                      #     Cu3-2  IS=2
    0.000000      -2899782.      -1428823.      -938705.0    
   -693795.2      -546967.0      -449178.2      -379410.6    
   -327155.3      -286574.0      -254163.7      -227695.1    
   -205682.2      -187096.3      -171202.3      -157461.4    
   -145469.5      -134917.4      -125564.8      -117222.0    
   -109737.1      -102987.2      -96871.86      -91307.95    
   -86226.29      -81568.75      -77286.15      -73336.59    
   -69684.17      -66297.95      -63151.11      -60220.28    
   -57485.04      -54927.42      -52531.60      -50283.54    
   -48170.78      -46182.20      -44307.86      -42538.82    
   -40867.08      -39285.38      -37787.17      -36366.51    
   -35018.00      -33736.73      -32518.20      -31358.32    
   -30253.32      -29199.74      -28194.42      -27234.43    
   -26317.06      -25439.83      -24600.43      -23796.71    
   -23026.70      -22288.54      -21580.53      -20901.05    
   -20248.63      -19621.87      -19019.46      -18440.19    
   -17882.91      -17346.56      -16830.12      -16332.67    
   -15853.30      -15391.18      -14945.53      -14515.60    
   -14100.70      -13700.15      -13313.35      -12939.68    
   -12578.61      -12229.59      -11892.13      -11565.75    
   -11249.99      -10944.44      -10648.67      -10362.31    
   -10084.99      -9816.351      -9556.066      -9303.815    
   -9059.296      -8822.219      -8592.309      -8369.302    
   -8152.948      -7943.005      -7739.245      -7541.448    
   -7349.404      -7162.912      -6981.779      -6805.821    
   -6634.862      -6468.732      -6307.269      -6150.317    
   -5997.726      -5849.354      -5705.061      -5564.717    
   -5428.193      -5295.368      -5166.123      -5040.346    
   -4917.928      -4798.765      -4682.754      -4569.800    
   -4459.809      -4352.691      -4248.359      -4146.729    
   -4047.721      -3951.257      -3857.261      -3765.662    
   -3676.389      -3589.375      -3504.554      -3421.864    
   -3341.244      -3262.635      -3185.981      -3111.226    
   -3038.316      -2967.202      -2897.833      -2830.161    
   -2764.140      -2699.724      -2636.871      -2575.537    
   -2515.682      -2457.266      -2400.251      -2344.600    
   -2290.276      -2237.245      -2185.473      -2134.927    
   -2085.576      -2037.387      -1990.332      -1944.380    
   -1899.505      -1855.678      -1812.873      -1771.064    
   -1730.226      -1690.334      -1651.365      -1613.295    
   -1576.103      -1539.767      -1504.265      -1469.577    
   -1435.683      -1402.563      -1370.198      -1338.571    
   -1307.663      -1277.457      -1247.936      -1219.084    
   -1190.884      -1163.320      -1136.379      -1110.044    
   -1084.301      -1059.138      -1034.539      -1010.491    
   -986.9829      -964.0005      -941.5320      -919.5656    
   -898.0896      -877.0928      -856.5641      -836.4929    
   -816.8688      -797.6816      -778.9214      -760.5787    
   -742.6440      -725.1083      -707.9626      -691.1982    
   -674.8068      -658.7800      -643.1097      -627.7883    
   -612.8078      -598.1609      -583.8403      -569.8387    
   -556.1491      -542.7648      -529.6789      -516.8850    
   -504.3766      -492.1475      -480.1914      -468.5023    
   -457.0744      -445.9019      -434.9792      -424.3007    
   -413.8612      -403.6552      -393.6778      -383.9239    
   -374.3886      -365.0672      -355.9550      -347.0476    
   -338.3405      -329.8295      -321.5104      -313.3791    
   -305.4316      -297.6642      -290.0730      -282.6545    
   -275.4050      -268.3210      -261.3991      -254.6360    
   -248.0285      -241.5734      -235.2675      -229.1078    
   -223.0912      -217.2149      -211.4760      -205.8715    
   -200.3988      -195.0550      -189.8374      -184.7434    
   -179.7703      -174.9155      -170.1765      -165.5508    
   -161.0359      -156.6292      -152.3285      -148.1314    
   -144.0354      -140.0383      -136.1379      -132.3319    
   -128.6181      -124.9945      -121.4589      -118.0093    
   -114.6438      -111.3603      -108.1570      -105.0321    
   -101.9837      -99.01027      -96.11000      -93.28132    
   -90.52266      -87.83253      -85.20945      -82.65203    
   -80.15888      -77.72868      -75.36013      -73.05196    
   -70.80291      -68.61176      -66.47729      -64.39828    
   -62.37353      -60.40184      -58.48200      -56.61282    
   -54.79310      -53.02166      -51.29733      -49.61894    
   -47.98538      -46.39553      -44.84832      -43.34271    
   -41.87769      -40.45232      -39.06568      -37.71688    
   -36.40509      -35.12952      -33.88942      -32.68405    
   -31.51274      -30.37481      -29.26965      -28.19663    
   -27.15517      -26.14468      -25.16460      -24.21438    
   -23.29347      -22.40134      -21.53743      -20.70122    
   -19.89216      -19.10972      -18.35335      -17.62251    
   -16.91664      -16.23521      -15.57763      -14.94337    
   -14.33184      -13.74248      -13.17473      -12.62800    
   -12.10172      -11.59531      -11.10821      -10.63984    
   -10.18963      -9.757011      -9.341428      -8.942322    
   -8.559144      -8.191354      -7.838418      -7.499814    
   -7.175028      -6.863559      -6.564915      -6.278618    
   -6.004203      -5.741216      -5.489220      -5.247787    
   -5.016508      -4.794984      -4.582832      -4.379683    
   -4.185183      -3.998990      -3.820777      -3.650230    
   -3.487050      -3.330948      -3.181649      -3.038891    
   -2.902423      -2.772006      -2.647409      -2.528416    
   -2.414817      -2.306413      -2.203014      -2.104439    
   -2.010514      -1.921073      -1.835958      -1.755017    
   -1.678105      -1.605083      -1.535819      -1.470185    
   -1.408062      -1.349332      -1.293886      -1.241618    
   -1.192429      -1.146224      -1.102911      -1.062408    
   -1.024632     -0.9895100     -0.9569700     -0.9269465    
  -0.8993782     -0.8742083     -0.8513846     -0.8308591    
  -0.8125881     -0.7965318     -0.7826547     -0.7709249    
  -0.7613143     -0.7537983     -0.7483555     -0.7449679    
 XXXXXXXXXXXX CORE STATES XXXXXXXXXXXXXXXXXXXXXX
                                                      Cu3-2     	  IS=1
  -0.4979548     -0.3424723     -0.2802339    
  -0.3834052      0.6484544     -0.2711585    
   0.1754458      0.1655770      0.9704240E-02
   0.4234275      0.1121542     -0.3334672E-02
   0.5024100E-01  0.2598624E-01   2.341289    
  -0.6890910      0.2562611      -2.573607    
  -0.3841261      0.4713433      0.9435381E-01
   0.1596675     -0.1170068     -0.9161794    
                                                      Cu3-2     	  IS=2
  -0.4979523     -0.3424770     -0.2802339    
  -0.3834047      0.6484554     -0.2711585    
   0.1754458      0.1655771      0.9704233E-02
   0.4234275      0.1121543     -0.3334661E-02
   0.5024109E-01  0.2598616E-01   2.341290    
  -0.6890958      0.2562702      -2.573608    
  -0.3841258      0.4713439      0.9435374E-01
   0.1596676     -0.1170066     -0.9161796    
     5                                                Cu3-2     	 
     1    0    0
   -648.9596      -648.9596    
     2    0    0
   -77.83110      -77.83110    
     2    1    0
   -67.23897      -67.23897    
     3    0    0
   -8.284259      -8.284259    
     3    1    0
   -5.184389      -5.184389    
