#  Interface results for: Cu6-1, IVXC=0, NK=   30
     3                                                      # NL
   0.3484850      0.5303000E-01  0.1071400E-01
    29.00000       2.621800       2.621800                  # AZ, WSR, WSR(avrg)
  -0.4939294E-01                                            # Fermi Energy
    0.0E+00                                                 # Pot.Shift
     0                                                      # SW
     2                                                      # NS
   400                                                      #     Cu6-1  IS=1
    0.000000      -2899782.      -1428823.      -938705.0    
   -693795.2      -546967.0      -449178.2      -379410.6    
   -327155.3      -286574.0      -254163.7      -227695.1    
   -205682.2      -187096.3      -171202.3      -157461.4    
   -145469.5      -134917.4      -125564.8      -117222.0    
   -109737.1      -102987.2      -96871.86      -91307.95    
   -86226.29      -81568.75      -77286.15      -73336.59    
   -69684.17      -66297.95      -63151.11      -60220.28    
   -57485.04      -54927.42      -52531.60      -50283.54    
   -48170.78      -46182.20      -44307.86      -42538.82    
   -40867.08      -39285.38      -37787.17      -36366.51    
   -35018.00      -33736.73      -32518.20      -31358.32    
   -30253.32      -29199.74      -28194.42      -27234.43    
   -26317.06      -25439.83      -24600.43      -23796.71    
   -23026.70      -22288.54      -21580.53      -20901.05    
   -20248.63      -19621.87      -19019.46      -18440.19    
   -17882.91      -17346.56      -16830.12      -16332.67    
   -15853.30      -15391.18      -14945.53      -14515.60    
   -14100.70      -13700.15      -13313.35      -12939.68    
   -12578.61      -12229.59      -11892.13      -11565.75    
   -11249.99      -10944.44      -10648.67      -10362.31    
   -10084.99      -9816.351      -9556.066      -9303.815    
   -9059.296      -8822.219      -8592.309      -8369.302    
   -8152.948      -7943.005      -7739.245      -7541.448    
   -7349.404      -7162.912      -6981.779      -6805.821    
   -6634.862      -6468.732      -6307.269      -6150.317    
   -5997.726      -5849.354      -5705.061      -5564.717    
   -5428.193      -5295.368      -5166.123      -5040.346    
   -4917.928      -4798.765      -4682.754      -4569.800    
   -4459.810      -4352.691      -4248.359      -4146.729    
   -4047.721      -3951.257      -3857.261      -3765.662    
   -3676.389      -3589.375      -3504.554      -3421.864    
   -3341.244      -3262.635      -3185.981      -3111.226    
   -3038.316      -2967.202      -2897.833      -2830.161    
   -2764.140      -2699.724      -2636.871      -2575.537    
   -2515.682      -2457.266      -2400.251      -2344.600    
   -2290.276      -2237.245      -2185.473      -2134.927    
   -2085.576      -2037.387      -1990.332      -1944.380    
   -1899.505      -1855.678      -1812.873      -1771.064    
   -1730.226      -1690.334      -1651.365      -1613.295    
   -1576.103      -1539.767      -1504.265      -1469.577    
   -1435.683      -1402.563      -1370.198      -1338.571    
   -1307.663      -1277.457      -1247.936      -1219.084    
   -1190.884      -1163.320      -1136.379      -1110.044    
   -1084.301      -1059.138      -1034.539      -1010.491    
   -986.9829      -964.0005      -941.5320      -919.5656    
   -898.0896      -877.0928      -856.5641      -836.4929    
   -816.8688      -797.6816      -778.9214      -760.5787    
   -742.6441      -725.1083      -707.9626      -691.1983    
   -674.8068      -658.7800      -643.1098      -627.7883    
   -612.8078      -598.1609      -583.8403      -569.8387    
   -556.1491      -542.7648      -529.6790      -516.8850    
   -504.3766      -492.1475      -480.1914      -468.5023    
   -457.0744      -445.9019      -434.9792      -424.3008    
   -413.8612      -403.6553      -393.6778      -383.9239    
   -374.3886      -365.0672      -355.9551      -347.0476    
   -338.3405      -329.8295      -321.5104      -313.3791    
   -305.4316      -297.6642      -290.0731      -282.6545    
   -275.4050      -268.3210      -261.3991      -254.6361    
   -248.0286      -241.5734      -235.2675      -229.1078    
   -223.0913      -217.2150      -211.4760      -205.8715    
   -200.3988      -195.0550      -189.8374      -184.7434    
   -179.7703      -174.9155      -170.1765      -165.5508    
   -161.0359      -156.6293      -152.3285      -148.1314    
   -144.0354      -140.0383      -136.1379      -132.3319    
   -128.6181      -124.9945      -121.4589      -118.0094    
   -114.6438      -111.3603      -108.1570      -105.0321    
   -101.9838      -99.01029      -96.11002      -93.28133    
   -90.52268      -87.83255      -85.20947      -82.65205    
   -80.15890      -77.72870      -75.36015      -73.05198    
   -70.80293      -68.61178      -66.47730      -64.39830    
   -62.37355      -60.40186      -58.48202      -56.61284    
   -54.79312      -53.02168      -51.29735      -49.61896    
   -47.98540      -46.39555      -44.84834      -43.34272    
   -41.87771      -40.45234      -39.06570      -37.71690    
   -36.40511      -35.12954      -33.88943      -32.68407    
   -31.51276      -30.37483      -29.26967      -28.19665    
   -27.15518      -26.14470      -25.16462      -24.21440    
   -23.29349      -22.40135      -21.53745      -20.70124    
   -19.89218      -19.10974      -18.35337      -17.62253    
   -16.91666      -16.23523      -15.57765      -14.94339    
   -14.33186      -13.74250      -13.17475      -12.62801    
   -12.10173      -11.59533      -11.10823      -10.63986    
   -10.18965      -9.757031      -9.341447      -8.942341    
   -8.559163      -8.191373      -7.838438      -7.499833    
   -7.175048      -6.863578      -6.564934      -6.278637    
   -6.004222      -5.741236      -5.489239      -5.247807    
   -5.016527      -4.795003      -4.582852      -4.379703    
   -4.185203      -3.999010      -3.820797      -3.650251    
   -3.487070      -3.330968      -3.181669      -3.038912    
   -2.902444      -2.772026      -2.647430      -2.528437    
   -2.414838      -2.306434      -2.203036      -2.104461    
   -2.010536      -1.921095      -1.835980      -1.755039    
   -1.678127      -1.605105      -1.535841      -1.470208    
   -1.408085      -1.349355      -1.293909      -1.241642    
   -1.192453      -1.146247      -1.102935      -1.062432    
   -1.024656     -0.9895342     -0.9569943     -0.9269709    
  -0.8994027     -0.8742329     -0.8514093     -0.8308839    
  -0.8126128     -0.7965566     -0.7826796     -0.7709498    
  -0.7613392     -0.7538231     -0.7483803     -0.7449927    
   400                                                      #     Cu6-1  IS=2
    0.000000      -2899782.      -1428823.      -938705.0    
   -693795.2      -546967.0      -449178.2      -379410.6    
   -327155.3      -286574.0      -254163.7      -227695.1    
   -205682.2      -187096.3      -171202.3      -157461.4    
   -145469.5      -134917.4      -125564.8      -117222.0    
   -109737.1      -102987.2      -96871.86      -91307.95    
   -86226.29      -81568.75      -77286.15      -73336.59    
   -69684.17      -66297.95      -63151.11      -60220.28    
   -57485.04      -54927.42      -52531.60      -50283.54    
   -48170.78      -46182.20      -44307.86      -42538.82    
   -40867.08      -39285.38      -37787.17      -36366.51    
   -35018.00      -33736.73      -32518.20      -31358.32    
   -30253.32      -29199.74      -28194.42      -27234.43    
   -26317.06      -25439.83      -24600.43      -23796.71    
   -23026.70      -22288.54      -21580.53      -20901.05    
   -20248.63      -19621.87      -19019.46      -18440.19    
   -17882.91      -17346.56      -16830.12      -16332.67    
   -15853.30      -15391.18      -14945.53      -14515.60    
   -14100.70      -13700.15      -13313.35      -12939.68    
   -12578.61      -12229.59      -11892.13      -11565.75    
   -11249.99      -10944.44      -10648.67      -10362.31    
   -10084.99      -9816.351      -9556.066      -9303.815    
   -9059.296      -8822.219      -8592.309      -8369.302    
   -8152.948      -7943.005      -7739.245      -7541.448    
   -7349.404      -7162.912      -6981.779      -6805.821    
   -6634.862      -6468.732      -6307.269      -6150.317    
   -5997.726      -5849.354      -5705.061      -5564.717    
   -5428.193      -5295.368      -5166.123      -5040.346    
   -4917.928      -4798.765      -4682.754      -4569.800    
   -4459.810      -4352.691      -4248.359      -4146.729    
   -4047.721      -3951.257      -3857.261      -3765.662    
   -3676.389      -3589.375      -3504.554      -3421.864    
   -3341.244      -3262.635      -3185.981      -3111.226    
   -3038.316      -2967.202      -2897.833      -2830.161    
   -2764.140      -2699.724      -2636.871      -2575.537    
   -2515.682      -2457.266      -2400.251      -2344.600    
   -2290.276      -2237.245      -2185.473      -2134.927    
   -2085.576      -2037.387      -1990.332      -1944.380    
   -1899.505      -1855.678      -1812.873      -1771.064    
   -1730.226      -1690.334      -1651.365      -1613.295    
   -1576.103      -1539.767      -1504.265      -1469.577    
   -1435.683      -1402.563      -1370.198      -1338.571    
   -1307.663      -1277.457      -1247.936      -1219.084    
   -1190.884      -1163.320      -1136.379      -1110.044    
   -1084.301      -1059.138      -1034.539      -1010.491    
   -986.9829      -964.0005      -941.5320      -919.5656    
   -898.0896      -877.0928      -856.5641      -836.4929    
   -816.8688      -797.6816      -778.9214      -760.5787    
   -742.6441      -725.1083      -707.9626      -691.1983    
   -674.8068      -658.7800      -643.1098      -627.7883    
   -612.8078      -598.1609      -583.8403      -569.8387    
   -556.1491      -542.7648      -529.6790      -516.8850    
   -504.3766      -492.1475      -480.1914      -468.5023    
   -457.0744      -445.9019      -434.9792      -424.3008    
   -413.8612      -403.6553      -393.6778      -383.9239    
   -374.3886      -365.0672      -355.9551      -347.0476    
   -338.3405      -329.8295      -321.5104      -313.3791    
   -305.4316      -297.6642      -290.0731      -282.6545    
   -275.4050      -268.3210      -261.3991      -254.6361    
   -248.0286      -241.5734      -235.2675      -229.1078    
   -223.0913      -217.2150      -211.4760      -205.8715    
   -200.3988      -195.0550      -189.8374      -184.7434    
   -179.7703      -174.9155      -170.1765      -165.5508    
   -161.0359      -156.6293      -152.3285      -148.1314    
   -144.0354      -140.0383      -136.1379      -132.3319    
   -128.6181      -124.9945      -121.4589      -118.0094    
   -114.6438      -111.3603      -108.1570      -105.0321    
   -101.9838      -99.01028      -96.11002      -93.28133    
   -90.52268      -87.83254      -85.20947      -82.65205    
   -80.15890      -77.72870      -75.36015      -73.05197    
   -70.80293      -68.61178      -66.47730      -64.39829    
   -62.37355      -60.40185      -58.48202      -56.61283    
   -54.79312      -53.02168      -51.29734      -49.61896    
   -47.98540      -46.39555      -44.84833      -43.34272    
   -41.87771      -40.45234      -39.06569      -37.71689    
   -36.40511      -35.12954      -33.88943      -32.68407    
   -31.51275      -30.37483      -29.26967      -28.19665    
   -27.15518      -26.14469      -25.16462      -24.21440    
   -23.29349      -22.40135      -21.53745      -20.70123    
   -19.89218      -19.10973      -18.35337      -17.62252    
   -16.91666      -16.23522      -15.57765      -14.94339    
   -14.33186      -13.74250      -13.17474      -12.62801    
   -12.10173      -11.59533      -11.10823      -10.63986    
   -10.18965      -9.757029      -9.341446      -8.942340    
   -8.559162      -8.191372      -7.838436      -7.499832    
   -7.175046      -6.863577      -6.564933      -6.278636    
   -6.004221      -5.741235      -5.489238      -5.247806    
   -5.016527      -4.795003      -4.582851      -4.379702    
   -4.185202      -3.999009      -3.820796      -3.650250    
   -3.487069      -3.330967      -3.181669      -3.038911    
   -2.902443      -2.772025      -2.647429      -2.528436    
   -2.414837      -2.306433      -2.203035      -2.104459    
   -2.010534      -1.921094      -1.835979      -1.755037    
   -1.678125      -1.605103      -1.535839      -1.470206    
   -1.408082      -1.349353      -1.293907      -1.241639    
   -1.192450      -1.146244      -1.102932      -1.062428    
   -1.024653     -0.9895306     -0.9569906     -0.9269671    
  -0.8993987     -0.8742288     -0.8514051     -0.8308795    
  -0.8126084     -0.7965521     -0.7826749     -0.7709451    
  -0.7613344     -0.7538182     -0.7483753     -0.7449877    
 XXXXXXXXXXXX CORE STATES XXXXXXXXXXXXXXXXXXXXXX
                                                      Cu6-1     	  IS=1
  -0.4979695     -0.3424862     -0.2802533    
  -0.3834281      0.6484308     -0.2711785    
   0.1754459      0.1655768      0.9704274E-02
   0.4234273      0.1121541     -0.3334772E-02
   0.5024125E-01  0.2598637E-01   2.341287    
  -0.6891122      0.2562450      -2.573634    
  -0.3841249      0.4713423      0.9435341E-01
   0.1596679     -0.1170070     -0.9161787    
                                                      Cu6-1     	  IS=2
  -0.4979590     -0.3425092     -0.2802524    
  -0.3834249      0.6484361     -0.2711768    
   0.1754457      0.1655774      0.9704258E-02
   0.4234271      0.1121544     -0.3334669E-02
   0.5024157E-01  0.2598595E-01   2.341286    
  -0.6891307      0.2562910      -2.573598    
  -0.3841236      0.4713453      0.9435409E-01
   0.1596684     -0.1170061     -0.9161785    
     5                                                Cu6-1     	 
     1    0    0
   -648.9597      -648.9597    
     2    0    0
   -77.83112      -77.83112    
     2    1    0
   -67.23899      -67.23899    
     3    0    0
   -8.284278      -8.284277    
     3    1    0
   -5.184408      -5.184406    
