#  Interface results for: Cu6-2, IVXC=0, NK=   30
     3                                                      # NL
   0.3484850      0.5303000E-01  0.1071400E-01
    29.00000       2.621800       2.621800                  # AZ, WSR, WSR(avrg)
  -0.4939294E-01                                            # Fermi Energy
    0.0E+00                                                 # Pot.Shift
     0                                                      # SW
     2                                                      # NS
   400                                                      #     Cu6-2  IS=1
    0.000000      -2899782.      -1428823.      -938705.0    
   -693795.2      -546967.0      -449178.2      -379410.6    
   -327155.3      -286574.0      -254163.7      -227695.1    
   -205682.2      -187096.3      -171202.3      -157461.4    
   -145469.5      -134917.4      -125564.8      -117222.0    
   -109737.1      -102987.2      -96871.86      -91307.95    
   -86226.29      -81568.75      -77286.15      -73336.59    
   -69684.17      -66297.95      -63151.11      -60220.28    
   -57485.04      -54927.42      -52531.60      -50283.54    
   -48170.78      -46182.20      -44307.86      -42538.82    
   -40867.08      -39285.38      -37787.17      -36366.51    
   -35018.00      -33736.73      -32518.20      -31358.32    
   -30253.32      -29199.74      -28194.42      -27234.43    
   -26317.06      -25439.83      -24600.43      -23796.71    
   -23026.70      -22288.54      -21580.53      -20901.05    
   -20248.63      -19621.87      -19019.46      -18440.19    
   -17882.91      -17346.56      -16830.12      -16332.67    
   -15853.30      -15391.18      -14945.53      -14515.60    
   -14100.70      -13700.15      -13313.35      -12939.68    
   -12578.61      -12229.59      -11892.13      -11565.75    
   -11249.99      -10944.44      -10648.67      -10362.31    
   -10084.99      -9816.351      -9556.066      -9303.815    
   -9059.296      -8822.219      -8592.309      -8369.302    
   -8152.948      -7943.005      -7739.245      -7541.448    
   -7349.404      -7162.912      -6981.779      -6805.821    
   -6634.862      -6468.732      -6307.269      -6150.317    
   -5997.726      -5849.354      -5705.061      -5564.717    
   -5428.193      -5295.368      -5166.123      -5040.346    
   -4917.928      -4798.765      -4682.754      -4569.800    
   -4459.809      -4352.691      -4248.359      -4146.729    
   -4047.721      -3951.257      -3857.261      -3765.662    
   -3676.389      -3589.375      -3504.554      -3421.864    
   -3341.244      -3262.635      -3185.981      -3111.226    
   -3038.316      -2967.202      -2897.833      -2830.161    
   -2764.140      -2699.724      -2636.871      -2575.537    
   -2515.682      -2457.266      -2400.251      -2344.600    
   -2290.276      -2237.245      -2185.473      -2134.927    
   -2085.576      -2037.387      -1990.332      -1944.380    
   -1899.505      -1855.678      -1812.873      -1771.064    
   -1730.226      -1690.334      -1651.365      -1613.295    
   -1576.103      -1539.767      -1504.265      -1469.577    
   -1435.683      -1402.563      -1370.198      -1338.571    
   -1307.663      -1277.457      -1247.936      -1219.084    
   -1190.884      -1163.320      -1136.379      -1110.044    
   -1084.301      -1059.138      -1034.539      -1010.491    
   -986.9829      -964.0005      -941.5320      -919.5656    
   -898.0896      -877.0928      -856.5641      -836.4929    
   -816.8688      -797.6816      -778.9214      -760.5787    
   -742.6440      -725.1083      -707.9626      -691.1982    
   -674.8068      -658.7800      -643.1098      -627.7883    
   -612.8078      -598.1609      -583.8403      -569.8387    
   -556.1491      -542.7648      -529.6789      -516.8850    
   -504.3766      -492.1475      -480.1914      -468.5023    
   -457.0744      -445.9019      -434.9792      -424.3007    
   -413.8612      -403.6552      -393.6778      -383.9239    
   -374.3886      -365.0672      -355.9550      -347.0476    
   -338.3405      -329.8295      -321.5104      -313.3791    
   -305.4316      -297.6642      -290.0730      -282.6545    
   -275.4050      -268.3210      -261.3991      -254.6360    
   -248.0285      -241.5734      -235.2675      -229.1078    
   -223.0912      -217.2149      -211.4760      -205.8715    
   -200.3988      -195.0550      -189.8374      -184.7434    
   -179.7703      -174.9155      -170.1765      -165.5508    
   -161.0359      -156.6292      -152.3285      -148.1314    
   -144.0354      -140.0383      -136.1379      -132.3319    
   -128.6181      -124.9945      -121.4589      -118.0093    
   -114.6438      -111.3603      -108.1570      -105.0321    
   -101.9837      -99.01027      -96.11000      -93.28132    
   -90.52266      -87.83253      -85.20945      -82.65203    
   -80.15888      -77.72868      -75.36013      -73.05196    
   -70.80291      -68.61176      -66.47729      -64.39828    
   -62.37353      -60.40184      -58.48200      -56.61282    
   -54.79310      -53.02166      -51.29733      -49.61895    
   -47.98538      -46.39553      -44.84832      -43.34271    
   -41.87770      -40.45233      -39.06568      -37.71688    
   -36.40509      -35.12952      -33.88942      -32.68405    
   -31.51274      -30.37482      -29.26965      -28.19663    
   -27.15517      -26.14468      -25.16460      -24.21438    
   -23.29348      -22.40134      -21.53743      -20.70122    
   -19.89216      -19.10972      -18.35335      -17.62251    
   -16.91665      -16.23521      -15.57764      -14.94337    
   -14.33184      -13.74249      -13.17473      -12.62800    
   -12.10172      -11.59531      -11.10821      -10.63984    
   -10.18963      -9.757015      -9.341432      -8.942326    
   -8.559148      -8.191358      -7.838423      -7.499819    
   -7.175033      -6.863564      -6.564920      -6.278623    
   -6.004208      -5.741222      -5.489226      -5.247794    
   -5.016514      -4.794991      -4.582839      -4.379691    
   -4.185191      -3.998998      -3.820785      -3.650239    
   -3.487058      -3.330956      -3.181658      -3.038901    
   -2.902433      -2.772015      -2.647419      -2.528426    
   -2.414827      -2.306424      -2.203025      -2.104451    
   -2.010526      -1.921085      -1.835970      -1.755029    
   -1.678117      -1.605096      -1.535832      -1.470199    
   -1.408075      -1.349346      -1.293900      -1.241632    
   -1.192443      -1.146238      -1.102925      -1.062422    
   -1.024647     -0.9895242     -0.9569842     -0.9269607    
  -0.8993924     -0.8742225     -0.8513988     -0.8308732    
  -0.8126020     -0.7965456     -0.7826684     -0.7709384    
  -0.7613276     -0.7538113     -0.7483683     -0.7449805    
   400                                                      #     Cu6-2  IS=2
    0.000000      -2899782.      -1428823.      -938705.0    
   -693795.2      -546967.0      -449178.2      -379410.6    
   -327155.3      -286574.0      -254163.7      -227695.1    
   -205682.2      -187096.3      -171202.3      -157461.4    
   -145469.5      -134917.4      -125564.8      -117222.0    
   -109737.1      -102987.2      -96871.86      -91307.95    
   -86226.29      -81568.75      -77286.15      -73336.59    
   -69684.17      -66297.95      -63151.11      -60220.28    
   -57485.04      -54927.42      -52531.60      -50283.54    
   -48170.78      -46182.20      -44307.86      -42538.82    
   -40867.08      -39285.38      -37787.17      -36366.51    
   -35018.00      -33736.73      -32518.20      -31358.32    
   -30253.32      -29199.74      -28194.42      -27234.43    
   -26317.06      -25439.83      -24600.43      -23796.71    
   -23026.70      -22288.54      -21580.53      -20901.05    
   -20248.63      -19621.87      -19019.46      -18440.19    
   -17882.91      -17346.56      -16830.12      -16332.67    
   -15853.30      -15391.18      -14945.53      -14515.60    
   -14100.70      -13700.15      -13313.35      -12939.68    
   -12578.61      -12229.59      -11892.13      -11565.75    
   -11249.99      -10944.44      -10648.67      -10362.31    
   -10084.99      -9816.351      -9556.066      -9303.815    
   -9059.296      -8822.219      -8592.309      -8369.302    
   -8152.948      -7943.005      -7739.245      -7541.448    
   -7349.404      -7162.912      -6981.779      -6805.821    
   -6634.862      -6468.732      -6307.269      -6150.317    
   -5997.726      -5849.354      -5705.061      -5564.717    
   -5428.193      -5295.368      -5166.123      -5040.346    
   -4917.928      -4798.765      -4682.754      -4569.800    
   -4459.809      -4352.691      -4248.359      -4146.729    
   -4047.721      -3951.257      -3857.261      -3765.662    
   -3676.389      -3589.375      -3504.554      -3421.864    
   -3341.244      -3262.635      -3185.981      -3111.226    
   -3038.316      -2967.202      -2897.833      -2830.161    
   -2764.140      -2699.724      -2636.871      -2575.537    
   -2515.682      -2457.266      -2400.251      -2344.600    
   -2290.276      -2237.245      -2185.473      -2134.927    
   -2085.576      -2037.387      -1990.332      -1944.380    
   -1899.505      -1855.678      -1812.873      -1771.064    
   -1730.226      -1690.334      -1651.365      -1613.295    
   -1576.103      -1539.767      -1504.265      -1469.577    
   -1435.683      -1402.563      -1370.198      -1338.571    
   -1307.663      -1277.457      -1247.936      -1219.084    
   -1190.884      -1163.320      -1136.379      -1110.044    
   -1084.301      -1059.138      -1034.539      -1010.491    
   -986.9829      -964.0005      -941.5320      -919.5656    
   -898.0896      -877.0928      -856.5641      -836.4929    
   -816.8688      -797.6816      -778.9214      -760.5787    
   -742.6440      -725.1083      -707.9626      -691.1982    
   -674.8068      -658.7800      -643.1097      -627.7883    
   -612.8078      -598.1609      -583.8403      -569.8387    
   -556.1491      -542.7648      -529.6789      -516.8850    
   -504.3766      -492.1475      -480.1914      -468.5023    
   -457.0744      -445.9019      -434.9792      -424.3007    
   -413.8612      -403.6552      -393.6778      -383.9239    
   -374.3886      -365.0672      -355.9550      -347.0476    
   -338.3405      -329.8295      -321.5104      -313.3791    
   -305.4316      -297.6642      -290.0730      -282.6545    
   -275.4050      -268.3210      -261.3991      -254.6360    
   -248.0285      -241.5734      -235.2675      -229.1078    
   -223.0912      -217.2149      -211.4760      -205.8715    
   -200.3988      -195.0550      -189.8374      -184.7434    
   -179.7703      -174.9155      -170.1765      -165.5508    
   -161.0359      -156.6292      -152.3285      -148.1314    
   -144.0354      -140.0383      -136.1379      -132.3319    
   -128.6181      -124.9945      -121.4589      -118.0093    
   -114.6438      -111.3603      -108.1570      -105.0321    
   -101.9837      -99.01027      -96.11000      -93.28132    
   -90.52266      -87.83253      -85.20945      -82.65203    
   -80.15888      -77.72868      -75.36013      -73.05196    
   -70.80291      -68.61176      -66.47729      -64.39828    
   -62.37353      -60.40184      -58.48200      -56.61282    
   -54.79310      -53.02166      -51.29733      -49.61895    
   -47.98538      -46.39553      -44.84832      -43.34271    
   -41.87770      -40.45233      -39.06568      -37.71688    
   -36.40509      -35.12952      -33.88942      -32.68405    
   -31.51274      -30.37482      -29.26965      -28.19663    
   -27.15517      -26.14468      -25.16460      -24.21438    
   -23.29348      -22.40134      -21.53743      -20.70122    
   -19.89216      -19.10972      -18.35335      -17.62251    
   -16.91665      -16.23521      -15.57764      -14.94337    
   -14.33184      -13.74249      -13.17473      -12.62800    
   -12.10172      -11.59532      -11.10821      -10.63984    
   -10.18963      -9.757016      -9.341432      -8.942326    
   -8.559149      -8.191359      -7.838423      -7.499819    
   -7.175034      -6.863564      -6.564920      -6.278624    
   -6.004209      -5.741223      -5.489226      -5.247794    
   -5.016514      -4.794991      -4.582839      -4.379690    
   -4.185190      -3.998997      -3.820785      -3.650238    
   -3.487058      -3.330955      -3.181657      -3.038899    
   -2.902432      -2.772014      -2.647418      -2.528424    
   -2.414825      -2.306421      -2.203023      -2.104447    
   -2.010522      -1.921081      -1.835966      -1.755025    
   -1.678112      -1.605091      -1.535826      -1.470193    
   -1.408069      -1.349339      -1.293893      -1.241625    
   -1.192435      -1.146230      -1.102917      -1.062413    
   -1.024638     -0.9895150     -0.9569747     -0.9269510    
  -0.8993824     -0.8742123     -0.8513884     -0.8308627    
  -0.8125914     -0.7965349     -0.7826575     -0.7709275    
  -0.7613167     -0.7538004     -0.7483574     -0.7449697    
 XXXXXXXXXXXX CORE STATES XXXXXXXXXXXXXXXXXXXXXX
                                                      Cu6-2     	  IS=1
  -0.4979620     -0.3424747     -0.2802390    
  -0.3834173      0.6484416     -0.2711641    
   0.1754459      0.1655768      0.9704321E-02
   0.4234274      0.1121541     -0.3334804E-02
   0.5024111E-01  0.2598638E-01   2.341279    
  -0.6891037      0.2562441      -2.573630    
  -0.3841254      0.4713422      0.9435373E-01
   0.1596677     -0.1170071     -0.9161767    
                                                      Cu6-2     	  IS=2
  -0.4979568     -0.3425227     -0.2802378    
  -0.3834096      0.6484537     -0.2711629    
   0.1754456      0.1655781      0.9704244E-02
   0.4234274      0.1121548     -0.3334662E-02
   0.5024117E-01  0.2598550E-01   2.341288    
  -0.6890966      0.2563415      -2.573630    
  -0.3841256      0.4713487      0.9435332E-01
   0.1596677     -0.1170051     -0.9161791    
     5                                                Cu6-2     	 
     1    0    0
   -648.9596      -648.9596    
     2    0    0
   -77.83110      -77.83110    
     2    1    0
   -67.23897      -67.23897    
     3    0    0
   -8.284263      -8.284262    
     3    1    0
   -5.184393      -5.184392    
