#  Interface results for: Cu7-1, IVXC=0, NK=   30
     3                                                      # NL
   0.3484850      0.5303000E-01  0.1071400E-01
    29.00000       2.621800       2.621800                  # AZ, WSR, WSR(avrg)
  -0.4939294E-01                                            # Fermi Energy
    0.0E+00                                                 # Pot.Shift
     0                                                      # SW
     2                                                      # NS
   400                                                      #     Cu7-1  IS=1
    0.000000      -2899782.      -1428823.      -938705.0    
   -693795.2      -546967.0      -449178.2      -379410.6    
   -327155.3      -286574.0      -254163.7      -227695.1    
   -205682.2      -187096.3      -171202.3      -157461.4    
   -145469.5      -134917.4      -125564.8      -117222.0    
   -109737.1      -102987.2      -96871.86      -91307.95    
   -86226.29      -81568.75      -77286.15      -73336.59    
   -69684.17      -66297.95      -63151.11      -60220.28    
   -57485.04      -54927.42      -52531.60      -50283.54    
   -48170.78      -46182.20      -44307.86      -42538.82    
   -40867.08      -39285.38      -37787.17      -36366.51    
   -35018.00      -33736.73      -32518.20      -31358.32    
   -30253.32      -29199.74      -28194.42      -27234.43    
   -26317.06      -25439.83      -24600.43      -23796.71    
   -23026.70      -22288.54      -21580.53      -20901.05    
   -20248.63      -19621.87      -19019.46      -18440.19    
   -17882.91      -17346.56      -16830.12      -16332.67    
   -15853.30      -15391.18      -14945.53      -14515.60    
   -14100.70      -13700.15      -13313.35      -12939.68    
   -12578.61      -12229.59      -11892.13      -11565.75    
   -11249.99      -10944.44      -10648.67      -10362.31    
   -10084.99      -9816.351      -9556.066      -9303.815    
   -9059.296      -8822.219      -8592.309      -8369.302    
   -8152.948      -7943.005      -7739.245      -7541.448    
   -7349.404      -7162.912      -6981.779      -6805.821    
   -6634.862      -6468.732      -6307.269      -6150.317    
   -5997.726      -5849.354      -5705.061      -5564.717    
   -5428.193      -5295.368      -5166.123      -5040.346    
   -4917.928      -4798.765      -4682.754      -4569.800    
   -4459.809      -4352.691      -4248.359      -4146.729    
   -4047.721      -3951.257      -3857.261      -3765.662    
   -3676.389      -3589.375      -3504.554      -3421.864    
   -3341.244      -3262.635      -3185.981      -3111.226    
   -3038.316      -2967.202      -2897.833      -2830.161    
   -2764.140      -2699.724      -2636.871      -2575.537    
   -2515.682      -2457.266      -2400.251      -2344.600    
   -2290.276      -2237.245      -2185.473      -2134.927    
   -2085.575      -2037.387      -1990.332      -1944.380    
   -1899.505      -1855.678      -1812.873      -1771.064    
   -1730.226      -1690.334      -1651.365      -1613.295    
   -1576.103      -1539.767      -1504.265      -1469.577    
   -1435.683      -1402.563      -1370.198      -1338.571    
   -1307.663      -1277.457      -1247.936      -1219.084    
   -1190.884      -1163.320      -1136.379      -1110.044    
   -1084.301      -1059.138      -1034.539      -1010.491    
   -986.9829      -964.0005      -941.5320      -919.5656    
   -898.0896      -877.0927      -856.5641      -836.4929    
   -816.8688      -797.6816      -778.9214      -760.5787    
   -742.6440      -725.1083      -707.9626      -691.1982    
   -674.8068      -658.7800      -643.1097      -627.7882    
   -612.8078      -598.1609      -583.8402      -569.8386    
   -556.1491      -542.7648      -529.6789      -516.8850    
   -504.3766      -492.1474      -480.1913      -468.5023    
   -457.0744      -445.9019      -434.9792      -424.3007    
   -413.8612      -403.6552      -393.6778      -383.9239    
   -374.3886      -365.0672      -355.9550      -347.0476    
   -338.3405      -329.8295      -321.5104      -313.3790    
   -305.4316      -297.6642      -290.0730      -282.6545    
   -275.4049      -268.3209      -261.3991      -254.6360    
   -248.0285      -241.5734      -235.2675      -229.1078    
   -223.0912      -217.2149      -211.4760      -205.8715    
   -200.3988      -195.0549      -189.8374      -184.7433    
   -179.7702      -174.9155      -170.1765      -165.5508    
   -161.0358      -156.6292      -152.3285      -148.1313    
   -144.0354      -140.0383      -136.1379      -132.3319    
   -128.6181      -124.9945      -121.4589      -118.0093    
   -114.6438      -111.3603      -108.1570      -105.0321    
   -101.9837      -99.01026      -96.10999      -93.28130    
   -90.52265      -87.83252      -85.20944      -82.65202    
   -80.15887      -77.72867      -75.36012      -73.05195    
   -70.80290      -68.61175      -66.47727      -64.39827    
   -62.37352      -60.40182      -58.48199      -56.61281    
   -54.79309      -53.02165      -51.29731      -49.61893    
   -47.98537      -46.39552      -44.84831      -43.34269    
   -41.87768      -40.45231      -39.06566      -37.71686    
   -36.40508      -35.12951      -33.88940      -32.68404    
   -31.51272      -30.37480      -29.26964      -28.19662    
   -27.15515      -26.14466      -25.16459      -24.21437    
   -23.29346      -22.40132      -21.53742      -20.70120    
   -19.89215      -19.10970      -18.35334      -17.62249    
   -16.91663      -16.23519      -15.57762      -14.94336    
   -14.33183      -13.74247      -13.17471      -12.62798    
   -12.10170      -11.59530      -11.10820      -10.63983    
   -10.18961      -9.756998      -9.341414      -8.942308    
   -8.559131      -8.191340      -7.838404      -7.499800    
   -7.175014      -6.863545      -6.564901      -6.278604    
   -6.004188      -5.741202      -5.489205      -5.247773    
   -5.016493      -4.794969      -4.582817      -4.379668    
   -4.185168      -3.998975      -3.820762      -3.650215    
   -3.487034      -3.330932      -3.181634      -3.038876    
   -2.902408      -2.771990      -2.647394      -2.528400    
   -2.414801      -2.306398      -2.202999      -2.104424    
   -2.010499      -1.921058      -1.835943      -1.755002    
   -1.678090      -1.605069      -1.535805      -1.470172    
   -1.408048      -1.349319      -1.293873      -1.241606    
   -1.192417      -1.146212      -1.102900      -1.062397    
   -1.024622     -0.9895001     -0.9569606     -0.9269376    
  -0.8993699     -0.8742006     -0.8513774     -0.8308525    
  -0.8125820     -0.7965264     -0.7826499     -0.7709207    
  -0.7613108     -0.7537953     -0.7483532     -0.7449663    
   400                                                      #     Cu7-1  IS=2
    0.000000      -2899782.      -1428823.      -938705.0    
   -693795.2      -546967.0      -449178.2      -379410.6    
   -327155.3      -286574.0      -254163.7      -227695.1    
   -205682.2      -187096.3      -171202.3      -157461.4    
   -145469.5      -134917.4      -125564.8      -117222.0    
   -109737.1      -102987.2      -96871.86      -91307.95    
   -86226.29      -81568.75      -77286.15      -73336.59    
   -69684.17      -66297.95      -63151.11      -60220.28    
   -57485.04      -54927.42      -52531.60      -50283.54    
   -48170.78      -46182.20      -44307.86      -42538.82    
   -40867.08      -39285.38      -37787.17      -36366.51    
   -35018.00      -33736.73      -32518.20      -31358.32    
   -30253.32      -29199.74      -28194.42      -27234.43    
   -26317.06      -25439.83      -24600.43      -23796.71    
   -23026.70      -22288.54      -21580.53      -20901.05    
   -20248.63      -19621.87      -19019.46      -18440.19    
   -17882.91      -17346.56      -16830.12      -16332.67    
   -15853.30      -15391.18      -14945.53      -14515.60    
   -14100.70      -13700.15      -13313.35      -12939.68    
   -12578.61      -12229.59      -11892.13      -11565.75    
   -11249.99      -10944.44      -10648.67      -10362.31    
   -10084.99      -9816.351      -9556.066      -9303.815    
   -9059.296      -8822.219      -8592.309      -8369.302    
   -8152.948      -7943.005      -7739.245      -7541.448    
   -7349.404      -7162.912      -6981.779      -6805.821    
   -6634.862      -6468.732      -6307.269      -6150.317    
   -5997.726      -5849.354      -5705.061      -5564.717    
   -5428.193      -5295.368      -5166.123      -5040.346    
   -4917.928      -4798.765      -4682.754      -4569.800    
   -4459.809      -4352.691      -4248.359      -4146.729    
   -4047.721      -3951.257      -3857.261      -3765.662    
   -3676.389      -3589.375      -3504.554      -3421.864    
   -3341.244      -3262.635      -3185.981      -3111.226    
   -3038.316      -2967.202      -2897.833      -2830.161    
   -2764.140      -2699.724      -2636.871      -2575.537    
   -2515.682      -2457.266      -2400.251      -2344.600    
   -2290.276      -2237.245      -2185.473      -2134.927    
   -2085.575      -2037.387      -1990.332      -1944.380    
   -1899.505      -1855.678      -1812.873      -1771.064    
   -1730.226      -1690.334      -1651.365      -1613.295    
   -1576.103      -1539.767      -1504.265      -1469.577    
   -1435.683      -1402.563      -1370.198      -1338.571    
   -1307.663      -1277.457      -1247.936      -1219.084    
   -1190.884      -1163.320      -1136.379      -1110.044    
   -1084.301      -1059.138      -1034.539      -1010.491    
   -986.9829      -964.0005      -941.5320      -919.5656    
   -898.0896      -877.0927      -856.5641      -836.4929    
   -816.8688      -797.6816      -778.9214      -760.5787    
   -742.6440      -725.1083      -707.9626      -691.1982    
   -674.8068      -658.7800      -643.1097      -627.7882    
   -612.8078      -598.1609      -583.8402      -569.8386    
   -556.1491      -542.7648      -529.6789      -516.8850    
   -504.3766      -492.1474      -480.1913      -468.5023    
   -457.0744      -445.9019      -434.9792      -424.3007    
   -413.8612      -403.6552      -393.6778      -383.9239    
   -374.3886      -365.0672      -355.9550      -347.0476    
   -338.3405      -329.8295      -321.5104      -313.3790    
   -305.4316      -297.6642      -290.0730      -282.6545    
   -275.4049      -268.3209      -261.3991      -254.6360    
   -248.0285      -241.5734      -235.2675      -229.1078    
   -223.0912      -217.2149      -211.4760      -205.8715    
   -200.3988      -195.0549      -189.8374      -184.7433    
   -179.7702      -174.9155      -170.1765      -165.5508    
   -161.0359      -156.6292      -152.3285      -148.1313    
   -144.0354      -140.0383      -136.1379      -132.3319    
   -128.6181      -124.9945      -121.4589      -118.0093    
   -114.6438      -111.3603      -108.1570      -105.0321    
   -101.9837      -99.01026      -96.10999      -93.28130    
   -90.52265      -87.83252      -85.20944      -82.65202    
   -80.15887      -77.72867      -75.36012      -73.05195    
   -70.80290      -68.61175      -66.47727      -64.39827    
   -62.37352      -60.40183      -58.48199      -56.61281    
   -54.79309      -53.02165      -51.29731      -49.61893    
   -47.98537      -46.39552      -44.84831      -43.34269    
   -41.87768      -40.45231      -39.06566      -37.71686    
   -36.40508      -35.12951      -33.88940      -32.68404    
   -31.51273      -30.37480      -29.26964      -28.19662    
   -27.15515      -26.14467      -25.16459      -24.21437    
   -23.29346      -22.40132      -21.53742      -20.70120    
   -19.89215      -19.10970      -18.35334      -17.62250    
   -16.91663      -16.23519      -15.57762      -14.94336    
   -14.33183      -13.74247      -13.17471      -12.62798    
   -12.10170      -11.59530      -11.10820      -10.63983    
   -10.18961      -9.756998      -9.341415      -8.942308    
   -8.559131      -8.191340      -7.838405      -7.499800    
   -7.175014      -6.863545      -6.564901      -6.278604    
   -6.004189      -5.741202      -5.489206      -5.247773    
   -5.016494      -4.794970      -4.582818      -4.379669    
   -4.185169      -3.998976      -3.820763      -3.650217    
   -3.487036      -3.330934      -3.181636      -3.038878    
   -2.902411      -2.771993      -2.647397      -2.528404    
   -2.414805      -2.306402      -2.203004      -2.104429    
   -2.010504      -1.921064      -1.835949      -1.755009    
   -1.678097      -1.605076      -1.535812      -1.470179    
   -1.408056      -1.349327      -1.293882      -1.241615    
   -1.192426      -1.146221      -1.102910      -1.062407    
   -1.024632     -0.9895105     -0.9569711     -0.9269483    
  -0.8993806     -0.8742113     -0.8513882     -0.8308633    
  -0.8125928     -0.7965371     -0.7826606     -0.7709313    
  -0.7613212     -0.7538057     -0.7483634     -0.7449763    
 XXXXXXXXXXXX CORE STATES XXXXXXXXXXXXXXXXXXXXXX
                                                      Cu7-1     	  IS=1
  -0.4979379     -0.3424631     -0.2802211    
  -0.3833952      0.6484645     -0.2711455    
   0.1754461      0.1655773      0.9704271E-02
   0.4234274      0.1121542     -0.3334781E-02
   0.5024111E-01  0.2598617E-01   2.341289    
  -0.6891090      0.2562603      -2.573600    
  -0.3841253      0.4713436      0.9435410E-01
   0.1596676     -0.1170066     -0.9161789    
                                                      Cu7-1     	  IS=2
  -0.4979094     -0.3424255     -0.2802229    
  -0.3834037      0.6484524     -0.2711475    
   0.1754461      0.1655762      0.9704347E-02
   0.4234264      0.1121537     -0.3334926E-02
   0.5024234E-01  0.2598689E-01   2.341281    
  -0.6892049      0.2561799      -2.573611    
  -0.3841196      0.4713382      0.9435426E-01
   0.1596696     -0.1170082     -0.9161766    
     5                                                Cu7-1     	 
     1    0    0
   -648.9596      -648.9596    
     2    0    0
   -77.83109      -77.83109    
     2    1    0
   -67.23896      -67.23896    
     3    0    0
   -8.284246      -8.284247    
     3    1    0
   -5.184376      -5.184376    
