#  Interface results for: Cu8-1, IVXC=0, NK=   30
     3                                                      # NL
   0.3484850      0.5303000E-01  0.1071400E-01
    29.00000       2.621800       2.621800                  # AZ, WSR, WSR(avrg)
  -0.4939294E-01                                            # Fermi Energy
    0.0E+00                                                 # Pot.Shift
     0                                                      # SW
     2                                                      # NS
   400                                                      #     Cu8-1  IS=1
    0.000000      -2899782.      -1428823.      -938705.0    
   -693795.2      -546967.0      -449178.2      -379410.6    
   -327155.3      -286574.0      -254163.7      -227695.1    
   -205682.2      -187096.3      -171202.3      -157461.4    
   -145469.5      -134917.4      -125564.8      -117222.0    
   -109737.1      -102987.2      -96871.86      -91307.95    
   -86226.29      -81568.75      -77286.15      -73336.59    
   -69684.17      -66297.95      -63151.11      -60220.28    
   -57485.04      -54927.42      -52531.60      -50283.54    
   -48170.78      -46182.20      -44307.85      -42538.82    
   -40867.08      -39285.38      -37787.17      -36366.51    
   -35018.00      -33736.73      -32518.20      -31358.32    
   -30253.32      -29199.74      -28194.42      -27234.43    
   -26317.06      -25439.83      -24600.43      -23796.71    
   -23026.70      -22288.54      -21580.53      -20901.05    
   -20248.63      -19621.87      -19019.46      -18440.19    
   -17882.91      -17346.56      -16830.12      -16332.67    
   -15853.30      -15391.18      -14945.53      -14515.60    
   -14100.70      -13700.15      -13313.35      -12939.68    
   -12578.61      -12229.59      -11892.13      -11565.75    
   -11249.99      -10944.44      -10648.67      -10362.31    
   -10084.99      -9816.351      -9556.066      -9303.815    
   -9059.296      -8822.219      -8592.309      -8369.302    
   -8152.948      -7943.005      -7739.245      -7541.448    
   -7349.404      -7162.912      -6981.779      -6805.821    
   -6634.862      -6468.732      -6307.269      -6150.317    
   -5997.726      -5849.354      -5705.061      -5564.717    
   -5428.193      -5295.368      -5166.123      -5040.346    
   -4917.928      -4798.765      -4682.754      -4569.800    
   -4459.809      -4352.691      -4248.359      -4146.729    
   -4047.721      -3951.257      -3857.261      -3765.662    
   -3676.389      -3589.375      -3504.554      -3421.864    
   -3341.244      -3262.635      -3185.981      -3111.225    
   -3038.316      -2967.202      -2897.833      -2830.161    
   -2764.140      -2699.724      -2636.871      -2575.537    
   -2515.682      -2457.266      -2400.251      -2344.600    
   -2290.276      -2237.245      -2185.473      -2134.927    
   -2085.575      -2037.387      -1990.332      -1944.380    
   -1899.505      -1855.678      -1812.873      -1771.064    
   -1730.226      -1690.334      -1651.365      -1613.295    
   -1576.103      -1539.767      -1504.265      -1469.577    
   -1435.682      -1402.563      -1370.198      -1338.571    
   -1307.663      -1277.457      -1247.936      -1219.084    
   -1190.884      -1163.320      -1136.378      -1110.044    
   -1084.301      -1059.138      -1034.539      -1010.491    
   -986.9828      -964.0004      -941.5320      -919.5655    
   -898.0895      -877.0927      -856.5640      -836.4928    
   -816.8687      -797.6815      -778.9214      -760.5786    
   -742.6440      -725.1082      -707.9625      -691.1982    
   -674.8067      -658.7799      -643.1097      -627.7882    
   -612.8077      -598.1609      -583.8402      -569.8386    
   -556.1491      -542.7647      -529.6789      -516.8850    
   -504.3766      -492.1474      -480.1913      -468.5022    
   -457.0744      -445.9019      -434.9791      -424.3007    
   -413.8611      -403.6552      -393.6777      -383.9238    
   -374.3885      -365.0671      -355.9550      -347.0476    
   -338.3405      -329.8294      -321.5103      -313.3790    
   -305.4316      -297.6641      -290.0730      -282.6544    
   -275.4049      -268.3209      -261.3990      -254.6360    
   -248.0285      -241.5733      -235.2674      -229.1077    
   -223.0912      -217.2149      -211.4759      -205.8715    
   -200.3987      -195.0549      -189.8373      -184.7433    
   -179.7702      -174.9154      -170.1765      -165.5507    
   -161.0358      -156.6292      -152.3285      -148.1313    
   -144.0353      -140.0382      -136.1378      -132.3318    
   -128.6181      -124.9944      -121.4589      -118.0093    
   -114.6437      -111.3602      -108.1569      -105.0320    
   -101.9837      -99.01020      -96.10993      -93.28125    
   -90.52259      -87.83246      -85.20939      -82.65196    
   -80.15881      -77.72861      -75.36006      -73.05189    
   -70.80284      -68.61169      -66.47721      -64.39821    
   -62.37346      -60.40176      -58.48193      -56.61274    
   -54.79303      -53.02159      -51.29725      -49.61887    
   -47.98531      -46.39546      -44.84824      -43.34263    
   -41.87762      -40.45225      -39.06560      -37.71680    
   -36.40502      -35.12945      -33.88934      -32.68398    
   -31.51266      -30.37474      -29.26958      -28.19656    
   -27.15510      -26.14461      -25.16453      -24.21431    
   -23.29340      -22.40127      -21.53736      -20.70115    
   -19.89209      -19.10965      -18.35328      -17.62244    
   -16.91658      -16.23514      -15.57757      -14.94330    
   -14.33178      -13.74242      -13.17466      -12.62793    
   -12.10165      -11.59525      -11.10815      -10.63978    
   -10.18957      -9.756950      -9.341367      -8.942262    
   -8.559085      -8.191295      -7.838360      -7.499756    
   -7.174971      -6.863502      -6.564859      -6.278563    
   -6.004148      -5.741162      -5.489166      -5.247735    
   -5.016456      -4.794932      -4.582781      -4.379633    
   -4.185133      -3.998941      -3.820728      -3.650182    
   -3.487002      -3.330900      -3.181602      -3.038845    
   -2.902378      -2.771960      -2.647364      -2.528371    
   -2.414772      -2.306369      -2.202970      -2.104396    
   -2.010471      -1.921030      -1.835915      -1.754974    
   -1.678062      -1.605040      -1.535776      -1.470142    
   -1.408018      -1.349289      -1.293842      -1.241575    
   -1.192385      -1.146179      -1.102867      -1.062363    
   -1.024587     -0.9894646     -0.9569243     -0.9269004    
  -0.8993317     -0.8741614     -0.8513373     -0.8308113    
  -0.8125398     -0.7964830     -0.7826054     -0.7708750    
  -0.7612638     -0.7537471     -0.7483037     -0.7449154    
   400                                                      #     Cu8-1  IS=2
    0.000000      -2899782.      -1428823.      -938705.0    
   -693795.2      -546967.0      -449178.2      -379410.6    
   -327155.3      -286574.0      -254163.7      -227695.1    
   -205682.2      -187096.3      -171202.3      -157461.4    
   -145469.5      -134917.4      -125564.8      -117222.0    
   -109737.1      -102987.2      -96871.86      -91307.95    
   -86226.29      -81568.75      -77286.15      -73336.59    
   -69684.17      -66297.95      -63151.11      -60220.28    
   -57485.04      -54927.42      -52531.60      -50283.54    
   -48170.78      -46182.20      -44307.85      -42538.82    
   -40867.08      -39285.38      -37787.17      -36366.51    
   -35018.00      -33736.73      -32518.20      -31358.32    
   -30253.32      -29199.74      -28194.42      -27234.43    
   -26317.06      -25439.83      -24600.43      -23796.71    
   -23026.70      -22288.54      -21580.53      -20901.05    
   -20248.63      -19621.87      -19019.46      -18440.19    
   -17882.91      -17346.56      -16830.12      -16332.67    
   -15853.30      -15391.18      -14945.53      -14515.60    
   -14100.70      -13700.15      -13313.35      -12939.68    
   -12578.61      -12229.59      -11892.13      -11565.75    
   -11249.99      -10944.44      -10648.67      -10362.31    
   -10084.99      -9816.351      -9556.066      -9303.815    
   -9059.296      -8822.219      -8592.309      -8369.302    
   -8152.948      -7943.005      -7739.245      -7541.448    
   -7349.404      -7162.912      -6981.779      -6805.821    
   -6634.862      -6468.732      -6307.269      -6150.317    
   -5997.726      -5849.354      -5705.061      -5564.717    
   -5428.193      -5295.368      -5166.123      -5040.346    
   -4917.928      -4798.765      -4682.754      -4569.800    
   -4459.809      -4352.691      -4248.359      -4146.729    
   -4047.721      -3951.257      -3857.261      -3765.662    
   -3676.389      -3589.375      -3504.554      -3421.864    
   -3341.244      -3262.635      -3185.981      -3111.225    
   -3038.316      -2967.202      -2897.833      -2830.161    
   -2764.140      -2699.724      -2636.871      -2575.537    
   -2515.682      -2457.266      -2400.251      -2344.600    
   -2290.276      -2237.245      -2185.473      -2134.927    
   -2085.575      -2037.387      -1990.332      -1944.380    
   -1899.505      -1855.678      -1812.873      -1771.064    
   -1730.226      -1690.334      -1651.365      -1613.295    
   -1576.103      -1539.767      -1504.265      -1469.577    
   -1435.682      -1402.563      -1370.198      -1338.571    
   -1307.663      -1277.457      -1247.936      -1219.084    
   -1190.884      -1163.320      -1136.378      -1110.044    
   -1084.301      -1059.138      -1034.539      -1010.491    
   -986.9828      -964.0004      -941.5320      -919.5655    
   -898.0895      -877.0927      -856.5640      -836.4928    
   -816.8687      -797.6815      -778.9214      -760.5786    
   -742.6440      -725.1082      -707.9625      -691.1982    
   -674.8067      -658.7799      -643.1097      -627.7882    
   -612.8078      -598.1609      -583.8402      -569.8386    
   -556.1491      -542.7647      -529.6789      -516.8850    
   -504.3766      -492.1474      -480.1913      -468.5022    
   -457.0744      -445.9019      -434.9791      -424.3007    
   -413.8611      -403.6552      -393.6778      -383.9238    
   -374.3885      -365.0671      -355.9550      -347.0476    
   -338.3405      -329.8294      -321.5103      -313.3790    
   -305.4316      -297.6641      -290.0730      -282.6544    
   -275.4049      -268.3209      -261.3990      -254.6360    
   -248.0285      -241.5733      -235.2674      -229.1077    
   -223.0912      -217.2149      -211.4759      -205.8715    
   -200.3987      -195.0549      -189.8373      -184.7433    
   -179.7702      -174.9154      -170.1765      -165.5508    
   -161.0358      -156.6292      -152.3285      -148.1313    
   -144.0353      -140.0382      -136.1378      -132.3318    
   -128.6181      -124.9944      -121.4589      -118.0093    
   -114.6437      -111.3602      -108.1569      -105.0320    
   -101.9837      -99.01021      -96.10994      -93.28126    
   -90.52261      -87.83247      -85.20940      -82.65198    
   -80.15883      -77.72863      -75.36008      -73.05191    
   -70.80286      -68.61171      -66.47724      -64.39823    
   -62.37348      -60.40179      -58.48195      -56.61277    
   -54.79305      -53.02161      -51.29728      -49.61890    
   -47.98533      -46.39548      -44.84827      -43.34266    
   -41.87765      -40.45228      -39.06563      -37.71683    
   -36.40504      -35.12947      -33.88937      -32.68400    
   -31.51269      -30.37477      -29.26960      -28.19658    
   -27.15512      -26.14463      -25.16455      -24.21433    
   -23.29343      -22.40129      -21.53738      -20.70117    
   -19.89211      -19.10967      -18.35330      -17.62246    
   -16.91660      -16.23516      -15.57759      -14.94332    
   -14.33179      -13.74244      -13.17468      -12.62795    
   -12.10167      -11.59526      -11.10816      -10.63979    
   -10.18958      -9.756965      -9.341382      -8.942276    
   -8.559099      -8.191309      -7.838373      -7.499769    
   -7.174984      -6.863514      -6.564871      -6.278574    
   -6.004159      -5.741173      -5.489177      -5.247744    
   -5.016465      -4.794941      -4.582790      -4.379641    
   -4.185141      -3.998948      -3.820736      -3.650189    
   -3.487009      -3.330907      -3.181608      -3.038851    
   -2.902383      -2.771965      -2.647369      -2.528376    
   -2.414777      -2.306373      -2.202974      -2.104399    
   -2.010475      -1.921034      -1.835919      -1.754978    
   -1.678066      -1.605044      -1.535780      -1.470147    
   -1.408024      -1.349295      -1.293849      -1.241582    
   -1.192393      -1.146188      -1.102876      -1.062373    
   -1.024599     -0.9894768     -0.9569374     -0.9269145    
  -0.8993468     -0.8741776     -0.8513546     -0.8308296    
  -0.8125592     -0.7965034     -0.7826268     -0.7708975    
  -0.7612873     -0.7537716     -0.7483290     -0.7449417    
 XXXXXXXXXXXX CORE STATES XXXXXXXXXXXXXXXXXXXXXX
                                                      Cu8-1     	  IS=1
  -0.4979181     -0.3424228     -0.2801780    
  -0.3833571      0.6485027     -0.2710993    
   0.1754458      0.1655769      0.9704394E-02
   0.4234278      0.1121542     -0.3334553E-02
   0.5024058E-01  0.2598627E-01   2.341251    
  -0.6890611      0.2562602      -2.573472    
  -0.3841278      0.4713431      0.9435743E-01
   0.1596669     -0.1170068     -0.9161711    
                                                      Cu8-1     	  IS=2
  -0.4980655     -0.3422852     -0.2801841    
  -0.3833705      0.6484772     -0.2711143    
   0.1754471      0.1655734      0.9704354E-02
   0.4234314      0.1121523     -0.3335282E-02
   0.5023542E-01  0.2598870E-01   2.341295    
  -0.6887164      0.2559962      -2.573852    
  -0.3841497      0.4713256      0.9434917E-01
   0.1596587     -0.1170122     -0.9161794    
     5                                                Cu8-1     	 
     1    0    0
   -648.9596      -648.9596    
     2    0    0
   -77.83103      -77.83104    
     2    1    0
   -67.23891      -67.23892    
     3    0    0
   -8.284195      -8.284212    
     3    1    0
   -5.184326      -5.184342    
