#  Interface results for: Cu9-1, IVXC=0, NK=   30
     3                                                      # NL
   0.3484850      0.5303000E-01  0.1071400E-01
    29.00000       2.621800       2.621800                  # AZ, WSR, WSR(avrg)
  -0.4939294E-01                                            # Fermi Energy
    0.0E+00                                                 # Pot.Shift
     0                                                      # SW
     2                                                      # NS
   400                                                      #     Cu9-1  IS=1
    0.000000      -2899782.      -1428823.      -938705.0    
   -693795.2      -546967.0      -449178.2      -379410.6    
   -327155.3      -286574.0      -254163.7      -227695.1    
   -205682.2      -187096.3      -171202.3      -157461.4    
   -145469.5      -134917.4      -125564.8      -117222.0    
   -109737.1      -102987.2      -96871.86      -91307.95    
   -86226.29      -81568.75      -77286.15      -73336.59    
   -69684.17      -66297.95      -63151.11      -60220.28    
   -57485.04      -54927.42      -52531.60      -50283.54    
   -48170.78      -46182.20      -44307.85      -42538.82    
   -40867.08      -39285.38      -37787.17      -36366.51    
   -35018.00      -33736.73      -32518.20      -31358.32    
   -30253.32      -29199.74      -28194.42      -27234.43    
   -26317.06      -25439.83      -24600.42      -23796.71    
   -23026.69      -22288.54      -21580.52      -20901.05    
   -20248.63      -19621.87      -19019.46      -18440.19    
   -17882.91      -17346.56      -16830.12      -16332.67    
   -15853.30      -15391.18      -14945.53      -14515.60    
   -14100.70      -13700.15      -13313.34      -12939.68    
   -12578.61      -12229.59      -11892.13      -11565.75    
   -11249.99      -10944.43      -10648.67      -10362.31    
   -10084.99      -9816.350      -9556.065      -9303.814    
   -9059.295      -8822.218      -8592.308      -8369.301    
   -8152.947      -7943.004      -7739.244      -7541.447    
   -7349.403      -7162.911      -6981.778      -6805.820    
   -6634.861      -6468.731      -6307.268      -6150.316    
   -5997.725      -5849.353      -5705.060      -5564.716    
   -5428.192      -5295.367      -5166.122      -5040.345    
   -4917.927      -4798.764      -4682.753      -4569.799    
   -4459.808      -4352.690      -4248.358      -4146.728    
   -4047.720      -3951.256      -3857.260      -3765.661    
   -3676.388      -3589.374      -3504.553      -3421.863    
   -3341.243      -3262.634      -3185.980      -3111.225    
   -3038.315      -2967.201      -2897.832      -2830.160    
   -2764.139      -2699.723      -2636.870      -2575.536    
   -2515.681      -2457.265      -2400.250      -2344.599    
   -2290.275      -2237.244      -2185.472      -2134.926    
   -2085.574      -2037.386      -1990.331      -1944.379    
   -1899.504      -1855.677      -1812.872      -1771.063    
   -1730.225      -1690.333      -1651.364      -1613.294    
   -1576.102      -1539.766      -1504.264      -1469.576    
   -1435.682      -1402.562      -1370.197      -1338.570    
   -1307.662      -1277.456      -1247.935      -1219.083    
   -1190.883      -1163.319      -1136.377      -1110.043    
   -1084.300      -1059.137      -1034.538      -1010.490    
   -986.9818      -963.9994      -941.5310      -919.5646    
   -898.0886      -877.0917      -856.5631      -836.4919    
   -816.8677      -797.6805      -778.9204      -760.5777    
   -742.6430      -725.1073      -707.9616      -691.1972    
   -674.8057      -658.7789      -643.1087      -627.7872    
   -612.8068      -598.1599      -583.8392      -569.8376    
   -556.1481      -542.7637      -529.6779      -516.8840    
   -504.3756      -492.1464      -480.1903      -468.5012    
   -457.0734      -445.9009      -434.9781      -424.2997    
   -413.8601      -403.6542      -393.6767      -383.9228    
   -374.3875      -365.0661      -355.9540      -347.0465    
   -338.3395      -329.8284      -321.5093      -313.3780    
   -305.4305      -297.6631      -290.0720      -282.6534    
   -275.4039      -268.3199      -261.3980      -254.6349    
   -248.0274      -241.5723      -235.2664      -229.1067    
   -223.0901      -217.2138      -211.4749      -205.8704    
   -200.3977      -195.0538      -189.8362      -184.7422    
   -179.7691      -174.9144      -170.1754      -165.5497    
   -161.0347      -156.6281      -152.3274      -148.1302    
   -144.0342      -140.0372      -136.1367      -132.3307    
   -128.6170      -124.9933      -121.4577      -118.0082    
   -114.6426      -111.3591      -108.1558      -105.0309    
   -101.9825      -99.00906      -96.10878      -93.28010    
   -90.52144      -87.83130      -85.20822      -82.65078    
   -80.15763      -77.72743      -75.35887      -73.05069    
   -70.80163      -68.61048      -66.47600      -64.39698    
   -62.37223      -60.40053      -58.48069      -56.61151    
   -54.79178      -53.02034      -51.29601      -49.61762    
   -47.98406      -46.39421      -44.84700      -43.34139    
   -41.87638      -40.45101      -39.06436      -37.71556    
   -36.40378      -35.12821      -33.88811      -32.68275    
   -31.51144      -30.37352      -29.26836      -28.19535    
   -27.15389      -26.14341      -25.16334      -24.21312    
   -23.29222      -22.40009      -21.53619      -20.69998    
   -19.89093      -19.10850      -18.35213      -17.62130    
   -16.91544      -16.23401      -15.57645      -14.94219    
   -14.33067      -13.74132      -13.17357      -12.62685    
   -12.10058      -11.59419      -11.10709      -10.63873    
   -10.18853      -9.755925      -9.340352      -8.941256    
   -8.558089      -8.190310      -7.837386      -7.498794    
   -7.174020      -6.862562      -6.563931      -6.277647    
   -6.003244      -5.740271      -5.488288      -5.246869    
   -5.015603      -4.794093      -4.581955      -4.378820    
   -4.184334      -3.998155      -3.819957      -3.649425    
   -3.486259      -3.330171      -3.180887      -3.038144    
   -2.901690      -2.771287      -2.646705      -2.527725    
   -2.414140      -2.305751      -2.202366      -2.103804    
   -2.009893      -1.920465      -1.835363      -1.754434    
   -1.677535      -1.604525      -1.535273      -1.469652    
   -1.407540      -1.348822      -1.293387      -1.241130    
   -1.191952      -1.145757      -1.102455      -1.061961    
   -1.024195     -0.9890823     -0.9565515     -0.9265368    
  -0.8989771     -0.8738155     -0.8509998     -0.8304818    
  -0.8122180     -0.7961685     -0.7822978     -0.7705739    
  -0.7609687     -0.7534576     -0.7480191     -0.7446353    
   400                                                      #     Cu9-1  IS=2
    0.000000      -2899782.      -1428823.      -938705.0    
   -693795.2      -546967.0      -449178.2      -379410.6    
   -327155.3      -286574.0      -254163.7      -227695.1    
   -205682.2      -187096.3      -171202.3      -157461.4    
   -145469.5      -134917.4      -125564.8      -117222.0    
   -109737.1      -102987.2      -96871.86      -91307.95    
   -86226.29      -81568.75      -77286.15      -73336.59    
   -69684.17      -66297.95      -63151.11      -60220.28    
   -57485.04      -54927.42      -52531.60      -50283.54    
   -48170.78      -46182.20      -44307.85      -42538.82    
   -40867.08      -39285.38      -37787.17      -36366.51    
   -35018.00      -33736.73      -32518.20      -31358.32    
   -30253.32      -29199.74      -28194.42      -27234.43    
   -26317.06      -25439.83      -24600.42      -23796.71    
   -23026.69      -22288.54      -21580.52      -20901.05    
   -20248.63      -19621.87      -19019.46      -18440.19    
   -17882.91      -17346.56      -16830.12      -16332.67    
   -15853.30      -15391.18      -14945.53      -14515.60    
   -14100.70      -13700.15      -13313.34      -12939.68    
   -12578.61      -12229.59      -11892.13      -11565.75    
   -11249.99      -10944.43      -10648.67      -10362.31    
   -10084.99      -9816.350      -9556.065      -9303.814    
   -9059.295      -8822.218      -8592.308      -8369.301    
   -8152.947      -7943.004      -7739.244      -7541.447    
   -7349.403      -7162.911      -6981.778      -6805.820    
   -6634.861      -6468.731      -6307.268      -6150.316    
   -5997.725      -5849.353      -5705.060      -5564.716    
   -5428.192      -5295.367      -5166.122      -5040.345    
   -4917.927      -4798.764      -4682.753      -4569.799    
   -4459.808      -4352.690      -4248.358      -4146.728    
   -4047.720      -3951.256      -3857.260      -3765.661    
   -3676.388      -3589.374      -3504.553      -3421.863    
   -3341.243      -3262.634      -3185.980      -3111.225    
   -3038.315      -2967.201      -2897.832      -2830.160    
   -2764.139      -2699.723      -2636.870      -2575.536    
   -2515.681      -2457.265      -2400.250      -2344.599    
   -2290.275      -2237.244      -2185.472      -2134.926    
   -2085.574      -2037.386      -1990.331      -1944.379    
   -1899.504      -1855.677      -1812.872      -1771.063    
   -1730.225      -1690.333      -1651.364      -1613.294    
   -1576.102      -1539.766      -1504.264      -1469.576    
   -1435.682      -1402.562      -1370.197      -1338.570    
   -1307.662      -1277.456      -1247.935      -1219.083    
   -1190.883      -1163.319      -1136.377      -1110.043    
   -1084.300      -1059.137      -1034.538      -1010.490    
   -986.9818      -963.9995      -941.5310      -919.5646    
   -898.0886      -877.0917      -856.5631      -836.4919    
   -816.8677      -797.6805      -778.9204      -760.5777    
   -742.6430      -725.1073      -707.9616      -691.1972    
   -674.8058      -658.7789      -643.1087      -627.7872    
   -612.8068      -598.1599      -583.8392      -569.8376    
   -556.1481      -542.7637      -529.6779      -516.8840    
   -504.3756      -492.1464      -480.1903      -468.5013    
   -457.0734      -445.9009      -434.9782      -424.2997    
   -413.8601      -403.6542      -393.6768      -383.9228    
   -374.3876      -365.0662      -355.9540      -347.0466    
   -338.3395      -329.8285      -321.5093      -313.3780    
   -305.4306      -297.6631      -290.0720      -282.6534    
   -275.4039      -268.3199      -261.3980      -254.6350    
   -248.0275      -241.5723      -235.2664      -229.1067    
   -223.0902      -217.2139      -211.4749      -205.8705    
   -200.3977      -195.0539      -189.8363      -184.7423    
   -179.7692      -174.9145      -170.1755      -165.5498    
   -161.0348      -156.6282      -152.3275      -148.1303    
   -144.0343      -140.0373      -136.1368      -132.3308    
   -128.6171      -124.9935      -121.4579      -118.0083    
   -114.6428      -111.3593      -108.1560      -105.0311    
   -101.9827      -99.00927      -96.10901      -93.28033    
   -90.52168      -87.83155      -85.20849      -82.65107    
   -80.15793      -77.72774      -75.35919      -73.05102    
   -70.80198      -68.61084      -66.47637      -64.39737    
   -62.37263      -60.40094      -58.48111      -56.61193    
   -54.79222      -53.02078      -51.29645      -49.61808    
   -47.98451      -46.39467      -44.84746      -43.34185    
   -41.87683      -40.45146      -39.06482      -37.71602    
   -36.40423      -35.12866      -33.88856      -32.68319    
   -31.51188      -30.37395      -29.26879      -28.19577    
   -27.15430      -26.14381      -25.16374      -24.21352    
   -23.29261      -22.40047      -21.53656      -20.70035    
   -19.89129      -19.10885      -18.35248      -17.62164    
   -16.91578      -16.23434      -15.57677      -14.94251    
   -14.33098      -13.74163      -13.17387      -12.62714    
   -12.10087      -11.59447      -11.10737      -10.63900    
   -10.18879      -9.756182      -9.340603      -8.941502    
   -8.558330      -8.190545      -7.837616      -7.499018    
   -7.174239      -6.862777      -6.564140      -6.277851    
   -6.003444      -5.740466      -5.488478      -5.247055    
   -5.015785      -4.794271      -4.582129      -4.378991    
   -4.184502      -3.998320      -3.820118      -3.649583    
   -3.486414      -3.330324      -3.181038      -3.038293    
   -2.901837      -2.771433      -2.646849      -2.527869    
   -2.414283      -2.305893      -2.202508      -2.103947    
   -2.010036      -1.920609      -1.835508      -1.754581    
   -1.677683      -1.604676      -1.535426      -1.469807    
   -1.407698      -1.348983      -1.293552      -1.241299    
   -1.192125      -1.145934      -1.102637      -1.062148    
   -1.024388     -0.9892802     -0.9567552     -0.9267467    
  -0.8991934     -0.8740386     -0.8512298     -0.8307192    
  -0.8124630     -0.7964214     -0.7825589     -0.7708436    
  -0.7612472     -0.7537452     -0.7483162     -0.7449422    
 XXXXXXXXXXXX CORE STATES XXXXXXXXXXXXXXXXXXXXXX
                                                      Cu9-1     	  IS=1
  -0.4978148     -0.3418495     -0.2792844    
  -0.3829069      0.6489482     -0.2701568    
   0.1754600      0.1655827      0.9710636E-02
   0.4234396      0.1121538     -0.3340494E-02
   0.5022023E-01  0.2598553E-01   2.340267    
  -0.6881864      0.2559772      -2.571630    
  -0.3841944      0.4713332      0.9442773E-01
   0.1596358     -0.1170056     -0.9159292    
                                                      Cu9-1     	  IS=2
  -0.4974469     -0.3416816     -0.2793885    
  -0.3831222      0.6487015     -0.2704282    
   0.1754597      0.1655753      0.9709548E-02
   0.4234245      0.1121490     -0.3352098E-02
   0.5024058E-01  0.2599143E-01   2.341042    
  -0.6896963      0.2552921      -2.578762    
  -0.3841046      0.4712897      0.9427098E-01
   0.1596674     -0.1170186     -0.9160834    
     5                                                Cu9-1     	 
     1    0    0
   -648.9586      -648.9586    
     2    0    0
   -77.82992      -77.83010    
     2    1    0
   -67.23782      -67.23796    
     3    0    0
   -8.283124      -8.283424    
     3    1    0
   -5.183278      -5.183569    
