#  Interface results for: Cu9-2, IVXC=0, NK=   30
     3                                                      # NL
   0.3484850      0.5303000E-01  0.1071400E-01
    29.00000       2.621800       2.621800                  # AZ, WSR, WSR(avrg)
  -0.4939294E-01                                            # Fermi Energy
    0.0E+00                                                 # Pot.Shift
     0                                                      # SW
     2                                                      # NS
   400                                                      #     Cu9-2  IS=1
    0.000000      -2899782.      -1428823.      -938705.0    
   -693795.2      -546967.0      -449178.2      -379410.6    
   -327155.3      -286574.0      -254163.7      -227695.1    
   -205682.2      -187096.3      -171202.3      -157461.4    
   -145469.5      -134917.4      -125564.8      -117222.0    
   -109737.1      -102987.2      -96871.86      -91307.95    
   -86226.29      -81568.75      -77286.14      -73336.59    
   -69684.17      -66297.95      -63151.11      -60220.28    
   -57485.03      -54927.42      -52531.60      -50283.54    
   -48170.78      -46182.20      -44307.85      -42538.82    
   -40867.08      -39285.38      -37787.17      -36366.51    
   -35018.00      -33736.73      -32518.20      -31358.32    
   -30253.32      -29199.74      -28194.42      -27234.42    
   -26317.06      -25439.83      -24600.42      -23796.71    
   -23026.69      -22288.54      -21580.52      -20901.05    
   -20248.63      -19621.87      -19019.46      -18440.18    
   -17882.91      -17346.56      -16830.12      -16332.67    
   -15853.30      -15391.18      -14945.53      -14515.60    
   -14100.70      -13700.15      -13313.34      -12939.68    
   -12578.61      -12229.59      -11892.13      -11565.74    
   -11249.99      -10944.43      -10648.67      -10362.31    
   -10084.99      -9816.349      -9556.064      -9303.813    
   -9059.294      -8822.217      -8592.307      -8369.300    
   -8152.946      -7943.003      -7739.243      -7541.446    
   -7349.402      -7162.910      -6981.777      -6805.820    
   -6634.861      -6468.731      -6307.267      -6150.315    
   -5997.725      -5849.352      -5705.060      -5564.715    
   -5428.191      -5295.366      -5166.121      -5040.345    
   -4917.927      -4798.763      -4682.753      -4569.799    
   -4459.808      -4352.690      -4248.358      -4146.728    
   -4047.720      -3951.255      -3857.260      -3765.660    
   -3676.387      -3589.373      -3504.552      -3421.863    
   -3341.243      -3262.634      -3185.979      -3111.224    
   -3038.315      -2967.201      -2897.832      -2830.160    
   -2764.139      -2699.723      -2636.869      -2575.535    
   -2515.680      -2457.264      -2400.249      -2344.598    
   -2290.274      -2237.244      -2185.472      -2134.926    
   -2085.574      -2037.385      -1990.330      -1944.379    
   -1899.503      -1855.677      -1812.872      -1771.062    
   -1730.224      -1690.332      -1651.363      -1613.294    
   -1576.102      -1539.765      -1504.263      -1469.575    
   -1435.681      -1402.561      -1370.197      -1338.570    
   -1307.662      -1277.456      -1247.935      -1219.082    
   -1190.882      -1163.319      -1136.377      -1110.042    
   -1084.300      -1059.136      -1034.537      -1010.490    
   -986.9815      -963.9991      -941.5306      -919.5642    
   -898.0882      -877.0914      -856.5627      -836.4916    
   -816.8674      -797.6802      -778.9201      -760.5774    
   -742.6427      -725.1070      -707.9613      -691.1970    
   -674.8055      -658.7787      -643.1085      -627.7870    
   -612.8066      -598.1597      -583.8391      -569.8375    
   -556.1480      -542.7636      -529.6778      -516.8839    
   -504.3755      -492.1464      -480.1903      -468.5013    
   -457.0734      -445.9009      -434.9782      -424.2998    
   -413.8602      -403.6543      -393.6769      -383.9230    
   -374.3877      -365.0663      -355.9542      -347.0468    
   -338.3397      -329.8287      -321.5096      -313.3783    
   -305.4309      -297.6635      -290.0724      -282.6539    
   -275.4044      -268.3204      -261.3986      -254.6355    
   -248.0281      -241.5730      -235.2671      -229.1074    
   -223.0909      -217.2146      -211.4757      -205.8713    
   -200.3986      -195.0548      -189.8372      -184.7432    
   -179.7702      -174.9155      -170.1765      -165.5509    
   -161.0359      -156.6294      -152.3287      -148.1316    
   -144.0356      -140.0386      -136.1382      -132.3322    
   -128.6185      -124.9949      -121.4594      -118.0099    
   -114.6443      -111.3609      -108.1577      -105.0328    
   -101.9845      -99.01106      -96.11083      -93.28220    
   -90.52359      -87.83350      -85.21047      -82.65309    
   -80.15999      -77.72983      -75.36132      -73.05319    
   -70.80418      -68.61307      -66.47863      -64.39966    
   -62.37494      -60.40327      -58.48346      -56.61429    
   -54.79459      -53.02316      -51.29884      -49.62046    
   -47.98689      -46.39704      -44.84982      -43.34420    
   -41.87917      -40.45378      -39.06711      -37.71829    
   -36.40648      -35.13089      -33.89075      -32.68536    
   -31.51401      -30.37606      -29.27086      -28.19781    
   -27.15630      -26.14578      -25.16566      -24.21541    
   -23.29446      -22.40228      -21.53833      -20.70208    
   -19.89298      -19.11049      -18.35407      -17.62319    
   -16.91727      -16.23578      -15.57816      -14.94384    
   -14.33225      -13.74284      -13.17502      -12.62822    
   -12.10187      -11.59540      -11.10822      -10.63978    
   -10.18949      -9.756789      -9.341121      -8.941926    
   -8.558657      -8.190772      -7.837738      -7.499032    
   -7.174142      -6.862565      -6.563810      -6.277400    
   -6.002868      -5.739763      -5.487645      -5.246090    
   -5.014685      -4.793034      -4.580754      -4.377476    
   -4.182846      -3.996523      -3.818180      -3.647504    
   -3.484194      -3.327965      -3.178540      -3.035659    
   -2.899070      -2.768535      -2.643825      -2.524721    
   -2.411017      -2.302513      -2.199019      -2.100356    
   -2.006348      -1.916832      -1.831648      -1.750646    
   -1.673681      -1.600614      -1.531313      -1.465652    
   -1.403510      -1.344770      -1.289324      -1.237066    
   -1.187895      -1.141718      -1.098445      -1.057989    
   -1.020272     -0.9852185     -0.9527571     -0.9228225    
  -0.8953532     -0.8702928     -0.8475887     -0.8271932    
  -0.8090625     -0.7931569     -0.7794407     -0.7678821    
  -0.7584528     -0.7511281     -0.7458867     -0.7427102    
   400                                                      #     Cu9-2  IS=2
    0.000000      -2899782.      -1428823.      -938705.0    
   -693795.2      -546967.0      -449178.2      -379410.6    
   -327155.3      -286574.0      -254163.7      -227695.1    
   -205682.2      -187096.3      -171202.3      -157461.4    
   -145469.5      -134917.4      -125564.8      -117222.0    
   -109737.1      -102987.2      -96871.86      -91307.95    
   -86226.29      -81568.75      -77286.14      -73336.59    
   -69684.17      -66297.95      -63151.11      -60220.28    
   -57485.03      -54927.42      -52531.60      -50283.54    
   -48170.78      -46182.20      -44307.85      -42538.82    
   -40867.08      -39285.38      -37787.17      -36366.51    
   -35018.00      -33736.73      -32518.20      -31358.32    
   -30253.32      -29199.74      -28194.42      -27234.42    
   -26317.06      -25439.83      -24600.42      -23796.71    
   -23026.69      -22288.54      -21580.52      -20901.05    
   -20248.63      -19621.87      -19019.46      -18440.18    
   -17882.91      -17346.56      -16830.12      -16332.67    
   -15853.30      -15391.18      -14945.53      -14515.60    
   -14100.70      -13700.15      -13313.34      -12939.68    
   -12578.61      -12229.59      -11892.13      -11565.74    
   -11249.99      -10944.43      -10648.67      -10362.31    
   -10084.99      -9816.349      -9556.064      -9303.814    
   -9059.294      -8822.217      -8592.307      -8369.301    
   -8152.946      -7943.004      -7739.243      -7541.446    
   -7349.402      -7162.910      -6981.777      -6805.820    
   -6634.861      -6468.731      -6307.268      -6150.315    
   -5997.725      -5849.352      -5705.060      -5564.715    
   -5428.192      -5295.366      -5166.121      -5040.345    
   -4917.927      -4798.763      -4682.753      -4569.799    
   -4459.808      -4352.690      -4248.358      -4146.728    
   -4047.720      -3951.255      -3857.260      -3765.660    
   -3676.387      -3589.373      -3504.553      -3421.863    
   -3341.243      -3262.634      -3185.979      -3111.224    
   -3038.315      -2967.201      -2897.832      -2830.160    
   -2764.139      -2699.723      -2636.869      -2575.535    
   -2515.680      -2457.264      -2400.249      -2344.598    
   -2290.275      -2237.244      -2185.472      -2134.926    
   -2085.574      -2037.385      -1990.330      -1944.379    
   -1899.504      -1855.677      -1812.872      -1771.062    
   -1730.224      -1690.332      -1651.363      -1613.294    
   -1576.102      -1539.766      -1504.264      -1469.575    
   -1435.681      -1402.561      -1370.197      -1338.570    
   -1307.662      -1277.456      -1247.935      -1219.082    
   -1190.882      -1163.319      -1136.377      -1110.042    
   -1084.300      -1059.136      -1034.537      -1010.490    
   -986.9815      -963.9992      -941.5307      -919.5643    
   -898.0883      -877.0915      -856.5628      -836.4916    
   -816.8675      -797.6803      -778.9202      -760.5775    
   -742.6428      -725.1071      -707.9614      -691.1971    
   -674.8056      -658.7788      -643.1086      -627.7871    
   -612.8067      -598.1598      -583.8392      -569.8376    
   -556.1481      -542.7638      -529.6779      -516.8840    
   -504.3757      -492.1465      -480.1904      -468.5014    
   -457.0735      -445.9010      -434.9783      -424.2999    
   -413.8603      -403.6544      -393.6770      -383.9231    
   -374.3878      -365.0664      -355.9543      -347.0469    
   -338.3398      -329.8288      -321.5097      -313.3784    
   -305.4309      -297.6635      -290.0724      -282.6538    
   -275.4043      -268.3203      -261.3985      -254.6355    
   -248.0280      -241.5728      -235.2669      -229.1072    
   -223.0907      -217.2144      -211.4755      -205.8710    
   -200.3983      -195.0545      -189.8369      -184.7429    
   -179.7698      -174.9150      -170.1761      -165.5503    
   -161.0354      -156.6288      -152.3281      -148.1309    
   -144.0349      -140.0378      -136.1374      -132.3314    
   -128.6176      -124.9940      -121.4584      -118.0088    
   -114.6432      -111.3597      -108.1563      -105.0314    
   -101.9830      -99.00951      -96.10921      -93.28049    
   -90.52179      -87.83162      -85.20850      -82.65103    
   -80.15785      -77.72760      -75.35901      -73.05079    
   -70.80170      -68.61051      -66.47600      -64.39696    
   -62.37218      -60.40046      -58.48060      -56.61139    
   -54.79165      -53.02020      -51.29585      -49.61746    
   -47.98389      -46.39403      -44.84682      -43.34121    
   -41.87620      -40.45083      -39.06418      -37.71538    
   -36.40360      -35.12804      -33.88793      -32.68257    
   -31.51126      -30.37334      -29.26817      -28.19516    
   -27.15369      -26.14320      -25.16312      -24.21289    
   -23.29198      -22.39983      -21.53592      -20.69969    
   -19.89062      -19.10817      -18.35178      -17.62092    
   -16.91504      -16.23358      -15.57598      -14.94168    
   -14.33013      -13.74074      -13.17295      -12.62618    
   -12.09986      -11.59341      -11.10626      -10.63784    
   -10.18758      -9.754912      -9.339273      -8.940109    
   -8.556872      -8.189020      -7.836021      -7.497351    
   -7.172498      -6.860961      -6.562248      -6.275881    
   -6.001396      -5.738340      -5.486274      -5.244773    
   -5.013426      -4.791836      -4.579621      -4.376412    
   -4.181854      -3.995608      -3.817345      -3.646754    
   -3.483534      -3.327399      -3.178073      -3.035295    
   -2.898814      -2.768391      -2.643797      -2.524814    
   -2.411234      -2.302858      -2.199497      -2.100967    
   -2.007096      -1.917718      -1.832675      -1.751813    
   -1.674989      -1.602062      -1.532899      -1.467374    
   -1.405365      -1.346755      -1.291433      -1.239294    
   -1.190237      -1.144166      -1.100991      -1.060627    
   -1.022992     -0.9880108     -0.9556128     -0.9257314    
  -0.8983052     -0.8732772     -0.8505948     -0.8302100    
  -0.8120790     -0.7961620     -0.7824234     -0.7708314    
  -0.7613579     -0.7539782     -0.7486712     -0.7454188    
 XXXXXXXXXXXX CORE STATES XXXXXXXXXXXXXXXXXXXXXX
                                                      Cu9-2     	  IS=1
  -0.4929147     -0.3375575     -0.2789793    
  -0.3798384      0.6518785     -0.2702915    
   0.1754504      0.1655549      0.9668631E-02
   0.4233824      0.1121339     -0.3330977E-02
   0.5030584E-01  0.2601104E-01   2.348477    
  -0.6929177      0.2537212      -2.588893    
  -0.3839060      0.4711961      0.9385505E-01
   0.1597596     -0.1170582     -0.9178322    
                                                      Cu9-2     	  IS=2
  -0.4886261     -0.3249336     -0.2786226    
  -0.3818712      0.6487493     -0.2690347    
   0.1754976      0.1652413      0.9709499E-02
   0.4232360      0.1119528     -0.3332785E-02
   0.5048257E-01  0.2623621E-01   2.340423    
  -0.7094197      0.2279520      -2.551979    
  -0.3829756      0.4695022      0.9484409E-01
   0.1600433     -0.1175583     -0.9159145    
     5                                                Cu9-2     	 
     1    0    0
   -648.9583      -648.9584    
     2    0    0
   -77.83145      -77.83029    
     2    1    0
   -67.23905      -67.23820    
     3    0    0
   -8.284320      -8.282371    
     3    1    0
   -5.184260      -5.182415    
