#  Bulk results for: Cu, IVXC=0, NK=   30
     3                                                      # NL
   0.3484850      0.5303000E-01  0.1071400E-01
    29.00000       2.621800       2.621800                  # AZ, WSR
  -0.5045129E-01                                            # Fermi Energy
    0.0E+00                                                 # Pot.Shift
     0                                                      # SW
     2                                                      # NS
   400                                                      #     Cu     IS=1
    0.000000      -2899782.      -1428823.      -938705.0    
   -693795.2      -546967.0      -449178.2      -379410.6    
   -327155.3      -286574.0      -254163.7      -227695.1    
   -205682.2      -187096.3      -171202.3      -157461.4    
   -145469.5      -134917.4      -125564.8      -117222.0    
   -109737.1      -102987.2      -96871.87      -91307.96    
   -86226.29      -81568.75      -77286.15      -73336.59    
   -69684.18      -66297.96      -63151.11      -60220.28    
   -57485.04      -54927.43      -52531.60      -50283.54    
   -48170.78      -46182.20      -44307.86      -42538.83    
   -40867.08      -39285.38      -37787.17      -36366.51    
   -35018.00      -33736.73      -32518.21      -31358.32    
   -30253.32      -29199.75      -28194.42      -27234.43    
   -26317.06      -25439.83      -24600.43      -23796.71    
   -23026.70      -22288.54      -21580.53      -20901.06    
   -20248.63      -19621.87      -19019.46      -18440.19    
   -17882.91      -17346.56      -16830.13      -16332.67    
   -15853.30      -15391.18      -14945.53      -14515.60    
   -14100.70      -13700.16      -13313.35      -12939.69    
   -12578.61      -12229.59      -11892.13      -11565.75    
   -11249.99      -10944.44      -10648.67      -10362.31    
   -10084.99      -9816.353      -9556.068      -9303.817    
   -9059.298      -8822.221      -8592.311      -8369.304    
   -8152.950      -7943.007      -7739.247      -7541.450    
   -7349.406      -7162.914      -6981.781      -6805.823    
   -6634.864      -6468.734      -6307.271      -6150.319    
   -5997.728      -5849.356      -5705.064      -5564.719    
   -5428.195      -5295.370      -5166.125      -5040.348    
   -4917.930      -4798.767      -4682.756      -4569.803    
   -4459.812      -4352.693      -4248.361      -4146.731    
   -4047.723      -3951.259      -3857.263      -3765.664    
   -3676.391      -3589.377      -3504.556      -3421.866    
   -3341.246      -3262.637      -3185.983      -3111.228    
   -3038.319      -2967.204      -2897.835      -2830.163    
   -2764.142      -2699.726      -2636.873      -2575.539    
   -2515.684      -2457.268      -2400.253      -2344.602    
   -2290.278      -2237.247      -2185.475      -2134.929    
   -2085.578      -2037.389      -1990.334      -1944.382    
   -1899.507      -1855.680      -1812.875      -1771.066    
   -1730.228      -1690.336      -1651.367      -1613.298    
   -1576.105      -1539.769      -1504.267      -1469.579    
   -1435.685      -1402.565      -1370.200      -1338.573    
   -1307.665      -1277.459      -1247.938      -1219.086    
   -1190.886      -1163.322      -1136.381      -1110.046    
   -1084.303      -1059.140      -1034.541      -1010.493    
   -986.9849      -964.0025      -941.5341      -919.5677    
   -898.0917      -877.0948      -856.5662      -836.4950    
   -816.8708      -797.6836      -778.9235      -760.5808    
   -742.6461      -725.1104      -707.9647      -691.2003    
   -674.8089      -658.7821      -643.1118      -627.7903    
   -612.8099      -598.1630      -583.8423      -569.8407    
   -556.1512      -542.7669      -529.6810      -516.8871    
   -504.3787      -492.1495      -480.1934      -468.5044    
   -457.0765      -445.9040      -434.9813      -424.3028    
   -413.8633      -403.6573      -393.6799      -383.9260    
   -374.3907      -365.0693      -355.9572      -347.0497    
   -338.3426      -329.8316      -321.5125      -313.3812    
   -305.4337      -297.6663      -290.0752      -282.6566    
   -275.4071      -268.3231      -261.4012      -254.6382    
   -248.0307      -241.5755      -235.2696      -229.1099    
   -223.0934      -217.2171      -211.4781      -205.8737    
   -200.4009      -195.0571      -189.8395      -184.7455    
   -179.7724      -174.9177      -170.1787      -165.5530    
   -161.0380      -156.6314      -152.3307      -148.1335    
   -144.0376      -140.0405      -136.1401      -132.3341    
   -128.6203      -124.9967      -121.4611      -118.0115    
   -114.6460      -111.3625      -108.1592      -105.0343    
   -101.9859      -99.01245      -96.11218      -93.28350    
   -90.52484      -87.83471      -85.21164      -82.65421    
   -80.16107      -77.73087      -75.36231      -73.05414    
   -70.80509      -68.61394      -66.47947      -64.40046    
   -62.37571      -60.40401      -58.48418      -56.61499    
   -54.79528      -53.02383      -51.29950      -49.62112    
   -47.98755      -46.39770      -44.85049      -43.34488    
   -41.87986      -40.45449      -39.06784      -37.71904    
   -36.40725      -35.13168      -33.89157      -32.68621    
   -31.51489      -30.37697      -29.27180      -28.19878    
   -27.15731      -26.14682      -25.16674      -24.21652    
   -23.29561      -22.40347      -21.53956      -20.70334    
   -19.89428      -19.11183      -18.35546      -17.62461    
   -16.91875      -16.23730      -15.57973      -14.94546    
   -14.33392      -13.74456      -13.17680      -12.63006    
   -12.10377      -11.59736      -11.11025      -10.64188    
   -10.19166      -9.759033      -9.343441      -8.944326    
   -8.561139      -8.193340      -7.840395      -7.501780    
   -7.176984      -6.865504      -6.566849      -6.280541    
   -6.006115      -5.743116      -5.491108      -5.249663    
   -5.018371      -4.796834      -4.584669      -4.381508    
   -4.186994      -4.000788      -3.822561      -3.652001    
   -3.488807      -3.332691      -3.183379      -3.040608    
   -2.904127      -2.773696      -2.649087      -2.530081    
   -2.416469      -2.308053      -2.204642      -2.106056    
   -2.012119      -1.922668      -1.837542      -1.756591    
   -1.679669      -1.606638      -1.537365      -1.471724    
   -1.409592      -1.350855      -1.295402      -1.243128    
   -1.193933      -1.147721      -1.104404      -1.063895    
   -1.026115     -0.9909886     -0.9584447     -0.9284175    
  -0.9008458     -0.8756729     -0.8528464     -0.8323183    
  -0.8140449     -0.7979865     -0.7841075     -0.7723760    
  -0.7627639     -0.7552466     -0.7498027     -0.7464143    
   400                                                      #     Cu     IS=2
    0.000000      -2899782.      -1428823.      -938705.0    
   -693795.2      -546967.0      -449178.2      -379410.6    
   -327155.3      -286574.0      -254163.7      -227695.1    
   -205682.2      -187096.3      -171202.3      -157461.4    
   -145469.5      -134917.4      -125564.8      -117222.0    
   -109737.1      -102987.2      -96871.87      -91307.96    
   -86226.29      -81568.75      -77286.15      -73336.59    
   -69684.18      -66297.96      -63151.11      -60220.28    
   -57485.04      -54927.43      -52531.60      -50283.54    
   -48170.78      -46182.20      -44307.86      -42538.83    
   -40867.08      -39285.38      -37787.17      -36366.51    
   -35018.00      -33736.73      -32518.21      -31358.32    
   -30253.32      -29199.75      -28194.42      -27234.43    
   -26317.06      -25439.83      -24600.43      -23796.71    
   -23026.70      -22288.54      -21580.53      -20901.06    
   -20248.63      -19621.87      -19019.46      -18440.19    
   -17882.91      -17346.56      -16830.13      -16332.67    
   -15853.30      -15391.18      -14945.53      -14515.60    
   -14100.70      -13700.16      -13313.35      -12939.69    
   -12578.61      -12229.59      -11892.13      -11565.75    
   -11249.99      -10944.44      -10648.67      -10362.31    
   -10084.99      -9816.353      -9556.068      -9303.817    
   -9059.298      -8822.221      -8592.311      -8369.304    
   -8152.950      -7943.007      -7739.247      -7541.450    
   -7349.406      -7162.914      -6981.781      -6805.823    
   -6634.864      -6468.734      -6307.271      -6150.319    
   -5997.728      -5849.356      -5705.064      -5564.719    
   -5428.195      -5295.370      -5166.125      -5040.348    
   -4917.930      -4798.767      -4682.756      -4569.803    
   -4459.812      -4352.693      -4248.361      -4146.731    
   -4047.723      -3951.259      -3857.263      -3765.664    
   -3676.391      -3589.377      -3504.556      -3421.866    
   -3341.246      -3262.637      -3185.983      -3111.228    
   -3038.319      -2967.204      -2897.835      -2830.163    
   -2764.142      -2699.726      -2636.873      -2575.539    
   -2515.684      -2457.268      -2400.253      -2344.602    
   -2290.278      -2237.247      -2185.475      -2134.929    
   -2085.578      -2037.389      -1990.334      -1944.382    
   -1899.507      -1855.680      -1812.875      -1771.066    
   -1730.228      -1690.336      -1651.367      -1613.298    
   -1576.105      -1539.769      -1504.267      -1469.579    
   -1435.685      -1402.565      -1370.200      -1338.573    
   -1307.665      -1277.459      -1247.938      -1219.086    
   -1190.886      -1163.322      -1136.381      -1110.046    
   -1084.303      -1059.140      -1034.541      -1010.493    
   -986.9849      -964.0025      -941.5341      -919.5677    
   -898.0917      -877.0948      -856.5662      -836.4950    
   -816.8708      -797.6836      -778.9235      -760.5808    
   -742.6461      -725.1104      -707.9647      -691.2003    
   -674.8089      -658.7821      -643.1118      -627.7903    
   -612.8099      -598.1630      -583.8423      -569.8407    
   -556.1512      -542.7669      -529.6810      -516.8871    
   -504.3787      -492.1495      -480.1934      -468.5044    
   -457.0765      -445.9040      -434.9813      -424.3028    
   -413.8633      -403.6573      -393.6799      -383.9260    
   -374.3907      -365.0693      -355.9572      -347.0497    
   -338.3426      -329.8316      -321.5125      -313.3812    
   -305.4337      -297.6663      -290.0752      -282.6566    
   -275.4071      -268.3231      -261.4012      -254.6382    
   -248.0307      -241.5755      -235.2696      -229.1099    
   -223.0934      -217.2171      -211.4781      -205.8737    
   -200.4009      -195.0571      -189.8395      -184.7455    
   -179.7724      -174.9177      -170.1787      -165.5530    
   -161.0380      -156.6314      -152.3307      -148.1335    
   -144.0376      -140.0405      -136.1401      -132.3341    
   -128.6203      -124.9967      -121.4611      -118.0115    
   -114.6460      -111.3625      -108.1592      -105.0343    
   -101.9859      -99.01245      -96.11218      -93.28350    
   -90.52484      -87.83471      -85.21164      -82.65421    
   -80.16107      -77.73087      -75.36231      -73.05414    
   -70.80509      -68.61394      -66.47947      -64.40046    
   -62.37571      -60.40401      -58.48418      -56.61499    
   -54.79528      -53.02383      -51.29950      -49.62112    
   -47.98755      -46.39770      -44.85049      -43.34488    
   -41.87986      -40.45449      -39.06784      -37.71904    
   -36.40725      -35.13168      -33.89157      -32.68621    
   -31.51489      -30.37697      -29.27180      -28.19878    
   -27.15731      -26.14682      -25.16674      -24.21652    
   -23.29561      -22.40347      -21.53956      -20.70334    
   -19.89428      -19.11183      -18.35546      -17.62461    
   -16.91875      -16.23730      -15.57973      -14.94546    
   -14.33392      -13.74456      -13.17680      -12.63006    
   -12.10377      -11.59736      -11.11025      -10.64188    
   -10.19166      -9.759033      -9.343441      -8.944326    
   -8.561139      -8.193340      -7.840395      -7.501780    
   -7.176984      -6.865504      -6.566849      -6.280541    
   -6.006115      -5.743116      -5.491108      -5.249663    
   -5.018371      -4.796834      -4.584669      -4.381508    
   -4.186994      -4.000788      -3.822561      -3.652001    
   -3.488807      -3.332691      -3.183379      -3.040608    
   -2.904127      -2.773696      -2.649087      -2.530081    
   -2.416469      -2.308053      -2.204642      -2.106056    
   -2.012119      -1.922668      -1.837542      -1.756591    
   -1.679669      -1.606638      -1.537365      -1.471724    
   -1.409592      -1.350855      -1.295402      -1.243128    
   -1.193933      -1.147721      -1.104404      -1.063895    
   -1.026115     -0.9909886     -0.9584447     -0.9284175    
  -0.9008458     -0.8756729     -0.8528464     -0.8323183    
  -0.8140449     -0.7979865     -0.7841075     -0.7723760    
  -0.7627639     -0.7552466     -0.7498027     -0.7464143    
 XXXXXXXXXXXXXXXXXXXXXXXXXXXXXXXXXXXXXXXXXXXX
                                                      Cu           IS=1
  -0.4996419     -0.3439426     -0.2821933    
  -0.3849426      0.6469066     -0.2730977    
   0.1754388      0.1655695      0.9699209E-02
   0.4234295      0.1121525     -0.3326240E-02
   0.5024082E-01  0.2598931E-01   2.341918    
  -0.6886917      0.2561874      -2.572534    
  -0.3841426      0.4713325      0.9435154E-01
   0.1596664     -0.1170131     -0.9163422    
                                                      Cu           IS=2
  -0.4996419     -0.3439426     -0.2821933    
  -0.3849426      0.6469066     -0.2730977    
   0.1754388      0.1655695      0.9699209E-02
   0.4234295      0.1121525     -0.3326240E-02
   0.5024082E-01  0.2598931E-01   2.341918    
  -0.6886917      0.2561874      -2.572534    
  -0.3841426      0.4713325      0.9435154E-01
   0.1596664     -0.1170131     -0.9163422    
     5                                                Cu          
     1    0    0
   -648.9617      -648.9617    
     2    0    0
   -77.83326      -77.83326    
     2    1    0
   -67.24112      -67.24112    
     3    0    0
   -8.286311      -8.286311    
     3    1    0
   -5.186420      -5.186420    
