#  Interface results for: CuI10-2, IVXC=0, NK=   30
     3                                                      # NL
   0.3484850      0.5303000E-01  0.1071400E-01
    29.00000       2.621800       2.621800                  # AZ, WSR, WSR(avrg)
  -0.4939294E-01                                            # Fermi Energy
    0.0E+00                                                 # Pot.Shift
     0                                                      # SW
     2                                                      # NS
   400                                                      #     CuI10- IS=1
    0.000000      -2899782.      -1428823.      -938705.0    
   -693795.2      -546967.0      -449178.2      -379410.6    
   -327155.3      -286574.0      -254163.7      -227695.1    
   -205682.2      -187096.3      -171202.3      -157461.4    
   -145469.5      -134917.4      -125564.8      -117222.0    
   -109737.1      -102987.2      -96871.86      -91307.95    
   -86226.29      -81568.75      -77286.15      -73336.59    
   -69684.17      -66297.95      -63151.11      -60220.28    
   -57485.04      -54927.42      -52531.60      -50283.54    
   -48170.78      -46182.20      -44307.86      -42538.83    
   -40867.08      -39285.38      -37787.17      -36366.51    
   -35018.00      -33736.73      -32518.21      -31358.32    
   -30253.32      -29199.74      -28194.42      -27234.43    
   -26317.06      -25439.83      -24600.43      -23796.71    
   -23026.70      -22288.54      -21580.53      -20901.05    
   -20248.63      -19621.87      -19019.46      -18440.19    
   -17882.91      -17346.56      -16830.13      -16332.67    
   -15853.30      -15391.18      -14945.53      -14515.60    
   -14100.70      -13700.15      -13313.35      -12939.68    
   -12578.61      -12229.59      -11892.13      -11565.75    
   -11249.99      -10944.44      -10648.67      -10362.31    
   -10084.99      -9816.351      -9556.066      -9303.816    
   -9059.296      -8822.219      -8592.309      -8369.303    
   -8152.948      -7943.006      -7739.246      -7541.448    
   -7349.404      -7162.912      -6981.779      -6805.822    
   -6634.863      -6468.733      -6307.270      -6150.317    
   -5997.727      -5849.354      -5705.062      -5564.717    
   -5428.194      -5295.368      -5166.124      -5040.347    
   -4917.929      -4798.765      -4682.755      -4569.801    
   -4459.810      -4352.692      -4248.360      -4146.730    
   -4047.722      -3951.257      -3857.262      -3765.662    
   -3676.389      -3589.375      -3504.555      -3421.865    
   -3341.245      -3262.636      -3185.981      -3111.226    
   -3038.317      -2967.203      -2897.834      -2830.162    
   -2764.141      -2699.725      -2636.871      -2575.537    
   -2515.682      -2457.266      -2400.251      -2344.600    
   -2290.277      -2237.246      -2185.474      -2134.928    
   -2085.576      -2037.388      -1990.332      -1944.381    
   -1899.506      -1855.679      -1812.874      -1771.065    
   -1730.226      -1690.335      -1651.366      -1613.296    
   -1576.104      -1539.768      -1504.266      -1469.578    
   -1435.683      -1402.564      -1370.199      -1338.572    
   -1307.664      -1277.458      -1247.937      -1219.085    
   -1190.885      -1163.321      -1136.380      -1110.045    
   -1084.302      -1059.139      -1034.540      -1010.493    
   -986.9840      -964.0017      -941.5332      -919.5668    
   -898.0909      -877.0940      -856.5654      -836.4942    
   -816.8701      -797.6830      -778.9228      -760.5801    
   -742.6455      -725.1098      -707.9641      -691.1998    
   -674.8084      -658.7816      -643.1114      -627.7900    
   -612.8096      -598.1627      -583.8421      -569.8405    
   -556.1510      -542.7667      -529.6809      -516.8871    
   -504.3787      -492.1496      -480.1935      -468.5045    
   -457.0767      -445.9043      -434.9816      -424.3032    
   -413.8637      -403.6578      -393.6804      -383.9266    
   -374.3914      -365.0700      -355.9579      -347.0506    
   -338.3436      -329.8326      -321.5135      -313.3823    
   -305.4349      -297.6676      -290.0765      -282.6581    
   -275.4086      -268.3247      -261.4029      -254.6400    
   -248.0326      -241.5775      -235.2717      -229.1121    
   -223.0956      -217.2194      -211.4806      -205.8762    
   -200.4036      -195.0599      -189.8424      -184.7485    
   -179.7755      -174.9209      -170.1820      -165.5564    
   -161.0416      -156.6351      -152.3345      -148.1374    
   -144.0416      -140.0446      -136.1443      -132.3384    
   -128.6248      -125.0013      -121.4659      -118.0164    
   -114.6510      -111.3677      -108.1645      -105.0397    
   -101.9915      -99.01821      -96.11809      -93.28956    
   -90.53105      -87.84107      -85.21814      -82.66087    
   -80.16787      -77.73782      -75.36941      -73.06137    
   -70.81246      -68.62143      -66.48708      -64.40818    
   -62.38353      -60.41193      -58.49217      -56.62305    
   -54.80338      -53.03198      -51.30767      -49.62929    
   -47.99573      -46.40586      -44.85861      -43.35296    
   -41.88789      -40.46246      -39.07574      -37.72686    
   -36.41498      -35.13931      -33.89910      -32.69363    
   -31.52220      -30.38415      -29.27886      -28.20571    
   -27.16411      -26.15349      -25.17327      -24.22290    
   -23.30184      -22.40955      -21.54548      -20.70911    
   -19.89988      -19.11727      -18.36072      -17.62969    
   -16.92364      -16.24200      -15.58423      -14.94975    
   -14.33800      -13.74841      -13.18042      -12.63344    
   -12.10690      -11.60023      -11.11285      -10.64419    
   -10.19368      -9.760755      -9.344848      -8.945406    
   -8.561880      -8.193730      -7.840421      -7.501432    
   -7.176248      -6.864368      -6.565301      -6.278569    
   -6.003707      -5.740262      -5.487795      -5.245883    
   -5.014113      -4.792089      -4.579428      -4.375763    
   -4.180738      -3.994015      -3.815266      -3.644180    
   -3.480456      -3.323809      -3.173965      -3.030662    
   -2.893651      -2.762693      -2.637561      -2.518039    
   -2.403918      -2.295002      -2.191101      -2.092036    
   -1.997635      -1.907732      -1.822171      -1.740802    
   -1.663480      -1.590069      -1.520436      -1.454456    
   -1.392009      -1.332979      -1.277258      -1.224740    
   -1.175327      -1.128924      -1.085441      -1.044794    
   -1.006904     -0.9716945     -0.9390962     -0.9090433    
  -0.8814747     -0.8563340     -0.8335691     -0.8131322    
  -0.7949799     -0.7790727     -0.7653750     -0.7538553    
  -0.7444854     -0.7372410     -0.7321006     -0.7290464    
   400                                                      #     CuI10- IS=2
    0.000000      -2899782.      -1428823.      -938705.0    
   -693795.2      -546967.0      -449178.2      -379410.6    
   -327155.3      -286574.0      -254163.7      -227695.1    
   -205682.2      -187096.3      -171202.3      -157461.4    
   -145469.5      -134917.4      -125564.8      -117222.0    
   -109737.1      -102987.2      -96871.86      -91307.96    
   -86226.29      -81568.75      -77286.15      -73336.59    
   -69684.18      -66297.95      -63151.11      -60220.28    
   -57485.04      -54927.42      -52531.60      -50283.54    
   -48170.78      -46182.20      -44307.86      -42538.83    
   -40867.08      -39285.38      -37787.17      -36366.51    
   -35018.00      -33736.73      -32518.21      -31358.32    
   -30253.32      -29199.74      -28194.42      -27234.43    
   -26317.06      -25439.83      -24600.43      -23796.71    
   -23026.70      -22288.54      -21580.53      -20901.05    
   -20248.63      -19621.87      -19019.46      -18440.19    
   -17882.91      -17346.56      -16830.13      -16332.67    
   -15853.30      -15391.18      -14945.53      -14515.60    
   -14100.70      -13700.15      -13313.35      -12939.69    
   -12578.61      -12229.59      -11892.13      -11565.75    
   -11249.99      -10944.44      -10648.67      -10362.31    
   -10084.99      -9816.351      -9556.066      -9303.816    
   -9059.297      -8822.220      -8592.310      -8369.303    
   -8152.948      -7943.006      -7739.246      -7541.449    
   -7349.405      -7162.912      -6981.780      -6805.822    
   -6634.863      -6468.733      -6307.270      -6150.318    
   -5997.727      -5849.355      -5705.062      -5564.718    
   -5428.194      -5295.368      -5166.124      -5040.347    
   -4917.929      -4798.765      -4682.755      -4569.801    
   -4459.810      -4352.692      -4248.360      -4146.730    
   -4047.722      -3951.258      -3857.262      -3765.663    
   -3676.390      -3589.375      -3504.555      -3421.865    
   -3341.245      -3262.636      -3185.982      -3111.226    
   -3038.317      -2967.203      -2897.834      -2830.162    
   -2764.141      -2699.725      -2636.871      -2575.538    
   -2515.682      -2457.267      -2400.252      -2344.600    
   -2290.277      -2237.246      -2185.474      -2134.928    
   -2085.576      -2037.388      -1990.332      -1944.381    
   -1899.506      -1855.679      -1812.874      -1771.065    
   -1730.227      -1690.335      -1651.366      -1613.296    
   -1576.104      -1539.768      -1504.266      -1469.578    
   -1435.684      -1402.564      -1370.200      -1338.572    
   -1307.665      -1277.459      -1247.938      -1219.085    
   -1190.885      -1163.321      -1136.380      -1110.045    
   -1084.303      -1059.139      -1034.540      -1010.493    
   -986.9842      -964.0019      -941.5334      -919.5670    
   -898.0911      -877.0942      -856.5656      -836.4944    
   -816.8704      -797.6832      -778.9231      -760.5804    
   -742.6457      -725.1101      -707.9644      -691.2001    
   -674.8086      -658.7819      -643.1117      -627.7902    
   -612.8098      -598.1630      -583.8424      -569.8408    
   -556.1513      -542.7670      -529.6812      -516.8873    
   -504.3790      -492.1499      -480.1938      -468.5048    
   -457.0769      -445.9045      -434.9818      -424.3034    
   -413.8639      -403.6580      -393.6806      -383.9267    
   -374.3915      -365.0701      -355.9580      -347.0506    
   -338.3436      -329.8326      -321.5135      -313.3822    
   -305.4348      -297.6674      -290.0763      -282.6578    
   -275.4083      -268.3244      -261.4025      -254.6395    
   -248.0321      -241.5769      -235.2711      -229.1114    
   -223.0949      -217.2186      -211.4797      -205.8752    
   -200.4025      -195.0587      -189.8411      -184.7471    
   -179.7741      -174.9193      -170.1803      -165.5546    
   -161.0397      -156.6330      -152.3323      -148.1351    
   -144.0391      -140.0420      -136.1415      -132.3355    
   -128.6217      -124.9980      -121.4623      -118.0127    
   -114.6470      -111.3635      -108.1601      -105.0350    
   -101.9866      -99.01301      -96.11261      -93.28380    
   -90.52500      -87.83473      -85.21150      -82.65393    
   -80.16063      -77.73028      -75.36157      -73.05325    
   -70.80405      -68.61276      -66.47815      -64.39901    
   -62.37414      -60.40234      -58.48240      -56.61313    
   -54.79333      -53.02182      -51.29743      -49.61900    
   -47.98540      -46.39552      -44.84828      -43.34265    
   -41.87763      -40.45225      -39.06560      -37.71680    
   -36.40501      -35.12945      -33.88934      -32.68397    
   -31.51266      -30.37473      -29.26956      -28.19653    
   -27.15505      -26.14455      -25.16445      -24.21420    
   -23.29326      -22.40109      -21.53714      -20.70088    
   -19.89177      -19.10926      -18.35282      -17.62191    
   -16.91596      -16.23443      -15.57676      -14.94238    
   -14.33074      -13.74125      -13.17336      -12.62648    
   -12.10005      -11.59348      -11.10620      -10.63764    
   -10.18724      -9.754416      -9.338616      -8.939285    
   -8.555871      -8.187836      -7.834647      -7.495779    
   -7.170722      -6.858974      -6.560044      -6.273454    
   -5.998740      -5.735451      -5.483147      -5.241404    
   -5.009812      -4.787975      -4.575510      -4.372050    
   -4.177242      -3.990744      -3.812233      -3.641394    
   -3.477930      -3.321554      -3.171993      -3.028984    
   -2.892279      -2.761639      -2.636835      -2.517651    
   -2.403879      -2.295320      -2.191785      -2.093092    
   -1.999067      -1.909546      -1.824369      -1.743384    
   -1.666446      -1.593414      -1.524156      -1.458544    
   -1.396454      -1.337771      -1.282382      -1.230181    
   -1.181067      -1.134943      -1.091718      -1.051307    
   -1.013627     -0.9786022     -0.9461618     -0.9162387    
  -0.8887711     -0.8637020     -0.8409787     -0.8205530    
  -0.8023812     -0.7864237     -0.7726451     -0.7610138    
  -0.7515020     -0.7440856     -0.7387437     -0.7354588    
 XXXXXXXXXXXX CORE STATES XXXXXXXXXXXXXXXXXXXXXX
                                                      CuI10-2    	 IS=1
  -0.4868675     -0.3278489     -0.2798141    
  -0.3685344      0.6631762     -0.2717008    
   0.1752295      0.1654128      0.9511220E-02
   0.4234571      0.1121259     -0.3145046E-02
   0.5028751E-01  0.2604793E-01   2.372184    
  -0.6789438      0.2578291      -2.607977    
  -0.3845090      0.4712965      0.9267373E-01
   0.1597043     -0.1171257     -0.9237309    
                                                      CuI10-2    	 IS=2
  -0.4777526     -0.2982705     -0.2783363    
  -0.3732845      0.6559008     -0.2670077    
   0.1753729      0.1647022      0.9628765E-02
   0.4231474      0.1117033     -0.3103965E-02
   0.5064536E-01  0.2657201E-01   2.346333    
  -0.7151929      0.1970668      -2.475369    
  -0.3825048      0.4673246      0.9610031E-01
   0.1602849     -0.1182875     -0.9177096    
     5                                                CuI10-2    	
     1    0    0
   -648.9610      -648.9612    
     2    0    0
   -77.83769      -77.83371    
     2    1    0
   -67.24473      -67.24174    
     3    0    0
   -8.289099      -8.282377    
     3    1    0
   -5.188452      -5.182052    
