#  Interface results for: Co12, IVXC=0, NK=   30
     3                                                      # NL
   0.3484850      0.5303000E-01  0.1071400E-01
    27.00000       2.621800       2.621800                  # AZ, WSR, WSR(avrg)
  -0.4939294E-01                                            # Fermi Energy
    0.0E+00                                                 # Pot.Shift
     0                                                      # SW
     2                                                      # NS
   400                                                      #     Co12   IS=1
    0.000000      -2699804.      -1330291.      -873974.3    
   -645954.9      -509252.8      -418208.1      -353252.1    
   -304600.6      -266818.1      -236642.9      -211999.8    
   -191505.1      -174200.9      -159403.0      -146609.8    
   -135444.9      -125620.6      -116913.0      -109145.6    
   -102176.9      -95892.55      -90198.95      -85018.76    
   -80287.57      -75951.25      -71964.00      -68286.84    
   -64886.32      -61733.64      -58803.82      -56075.13    
   -53528.53      -51147.31      -48916.72      -46823.71    
   -44856.66      -43005.23      -41260.16      -39613.14    
   -38056.69      -36584.08      -35189.20      -33866.52    
   -32611.02      -31418.12      -30283.64      -29203.75    
   -28174.96      -27194.05      -26258.07      -25364.28    
   -24510.19      -23693.46      -22911.95      -22163.67    
   -21446.76      -20759.52      -20100.34      -19467.73    
   -18860.31      -18276.77      -17715.91      -17176.59    
   -16657.75      -16158.39      -15677.58      -15214.43    
   -14768.13      -14337.88      -13922.97      -13522.69    
   -13136.40      -12763.48      -12403.35      -12055.46    
   -11719.29      -11394.34      -11080.15      -10776.28    
   -10482.30      -10197.81      -9922.446      -9655.834    
   -9397.634      -9147.522      -8905.185      -8670.327    
   -8442.668      -8221.937      -8007.879      -7800.247    
   -7598.809      -7403.339      -7213.625      -7029.463    
   -6850.656      -6677.018      -6508.369      -6344.538    
   -6185.360      -6030.677      -5880.339      -5734.200    
   -5592.122      -5453.969      -5319.616      -5188.937    
   -5061.814      -4938.135      -4817.788      -4700.669    
   -4586.678      -4475.715      -4367.687      -4262.505    
   -4160.080      -4060.329      -3963.171      -3868.529    
   -3776.327      -3686.492      -3598.955      -3513.649    
   -3430.507      -3349.468      -3270.471      -3193.456    
   -3118.368      -3045.152      -2973.754      -2904.124    
   -2836.213      -2769.972      -2705.354      -2642.317    
   -2580.815      -2520.808      -2462.254      -2405.115    
   -2349.352      -2294.928      -2241.808      -2189.958    
   -2139.343      -2089.931      -2041.691      -1994.591    
   -1948.604      -1903.698      -1859.848      -1817.025    
   -1775.204      -1734.358      -1694.464      -1655.497    
   -1617.433      -1580.251      -1543.927      -1508.442    
   -1473.773      -1439.900      -1406.805      -1374.467    
   -1342.869      -1311.991      -1281.818      -1252.330    
   -1223.513      -1195.349      -1167.823      -1140.920    
   -1114.624      -1088.921      -1063.798      -1039.239    
   -1015.233      -991.7653      -968.8238      -946.3962    
   -924.4702      -903.0343      -882.0770      -861.5873    
   -841.5542      -821.9674      -802.8164      -784.0914    
   -765.7826      -747.8806      -730.3761      -713.2601    
   -696.5239      -680.1590      -664.1570      -648.5099    
   -633.2099      -618.2491      -603.6202      -589.3159    
   -575.3289      -561.6524      -548.2796      -535.2039    
   -522.4187      -509.9178      -497.6950      -485.7442    
   -474.0596      -462.6352      -451.4656      -440.5450    
   -429.8681      -419.4295      -409.2241      -399.2467    
   -389.4924      -379.9561      -370.6333      -361.5191    
   -352.6091      -343.8986      -335.3835      -327.0594    
   -318.9222      -310.9679      -303.1924      -295.5920    
   -288.1630      -280.9016      -273.8043      -266.8677    
   -260.0884      -253.4632      -246.9887      -240.6620    
   -234.4800      -228.4397      -222.5382      -216.7726    
   -211.1403      -205.6385      -200.2646      -195.0159    
   -189.8899      -184.8841      -179.9960      -175.2233    
   -170.5634      -166.0141      -161.5731      -157.2380    
   -153.0066      -148.8768      -144.8462      -140.9128    
   -137.0744      -133.3289      -129.6742      -126.1083    
   -122.6292      -119.2349      -115.9234      -112.6927    
   -109.5412      -106.4667      -103.4677      -100.5422    
   -97.68857      -94.90510      -92.19014      -89.54209    
   -86.95939      -84.44054      -81.98407      -79.58857    
   -77.25268      -74.97507      -72.75447      -70.58966    
   -68.47943      -66.42265      -64.41818      -62.46494    
   -60.56185      -58.70787      -56.90196      -55.14309    
   -53.43023      -51.76238      -50.13849      -48.55756    
   -47.01856      -45.52047      -44.06226      -42.64295    
   -41.26152      -39.91701      -38.60847      -37.33496    
   -36.09560      -34.88953      -33.71592      -32.57399    
   -31.46300      -30.38224      -29.33102      -28.30873    
   -27.31475      -26.34851      -25.40947      -24.49710    
   -23.61089      -22.75037      -21.91506      -21.10452    
   -20.31828      -19.55592      -18.81700      -18.10108    
   -17.40774      -16.73654      -16.08706      -15.45886    
   -14.85150      -14.26455      -13.69756      -13.15008    
   -12.62166      -12.11185      -11.62020      -11.14623    
   -10.68950      -10.24953      -9.825858      -9.418026    
   -9.025568      -8.648023      -8.284933      -7.935843    
   -7.600303      -7.277868      -6.968100      -6.670568    
   -6.384848      -6.110525      -5.847192      -5.594455    
   -5.351926      -5.119231      -4.896005      -4.681896    
   -4.476563      -4.279676      -4.090920      -3.909987    
   -3.736586      -3.570436      -3.411267      -3.258822    
   -3.112854      -2.973129      -2.839422      -2.711519    
   -2.589217      -2.472321      -2.360646      -2.254016    
   -2.152262      -2.055224      -1.962747      -1.874686    
   -1.790899      -1.711253      -1.635618      -1.563870    
   -1.495892      -1.431568      -1.370789      -1.313450    
   -1.259450      -1.208692      -1.161084      -1.116539    
   -1.074971      -1.036302      -1.000457     -0.9673634    
  -0.9369559     -0.9091719     -0.8839537     -0.8612475    
  -0.8410041     -0.8231781     -0.8077283     -0.7946171    
  -0.7838108     -0.7752790     -0.7689945     -0.7649334    
   400                                                      #     Co12   IS=2
    0.000000      -2699804.      -1330291.      -873974.3    
   -645954.9      -509252.8      -418208.1      -353252.1    
   -304600.6      -266818.1      -236642.9      -211999.8    
   -191505.1      -174200.9      -159403.0      -146609.8    
   -135444.9      -125620.6      -116913.0      -109145.6    
   -102176.9      -95892.55      -90198.95      -85018.77    
   -80287.57      -75951.25      -71964.00      -68286.84    
   -64886.32      -61733.64      -58803.82      -56075.13    
   -53528.53      -51147.31      -48916.72      -46823.71    
   -44856.66      -43005.23      -41260.16      -39613.14    
   -38056.69      -36584.08      -35189.20      -33866.52    
   -32611.02      -31418.12      -30283.64      -29203.75    
   -28174.96      -27194.05      -26258.07      -25364.28    
   -24510.19      -23693.46      -22911.95      -22163.67    
   -21446.76      -20759.52      -20100.34      -19467.73    
   -18860.31      -18276.77      -17715.91      -17176.59    
   -16657.75      -16158.39      -15677.58      -15214.43    
   -14768.13      -14337.88      -13922.97      -13522.69    
   -13136.40      -12763.48      -12403.35      -12055.46    
   -11719.29      -11394.34      -11080.15      -10776.28    
   -10482.30      -10197.81      -9922.447      -9655.835    
   -9397.635      -9147.522      -8905.185      -8670.328    
   -8442.669      -8221.938      -8007.880      -7800.248    
   -7598.809      -7403.340      -7213.626      -7029.464    
   -6850.657      -6677.019      -6508.370      -6344.538    
   -6185.360      -6030.678      -5880.340      -5734.201    
   -5592.122      -5453.970      -5319.616      -5188.937    
   -5061.815      -4938.135      -4817.789      -4700.670    
   -4586.678      -4475.715      -4367.688      -4262.505    
   -4160.080      -4060.330      -3963.172      -3868.530    
   -3776.327      -3686.493      -3598.956      -3513.649    
   -3430.508      -3349.469      -3270.471      -3193.457    
   -3118.369      -3045.153      -2973.755      -2904.125    
   -2836.213      -2769.972      -2705.355      -2642.317    
   -2580.816      -2520.809      -2462.255      -2405.116    
   -2349.353      -2294.929      -2241.809      -2189.958    
   -2139.343      -2089.932      -2041.691      -1994.592    
   -1948.604      -1903.699      -1859.848      -1817.026    
   -1775.204      -1734.359      -1694.465      -1655.497    
   -1617.434      -1580.251      -1543.928      -1508.442    
   -1473.773      -1439.901      -1406.805      -1374.468    
   -1342.869      -1311.992      -1281.818      -1252.331    
   -1223.513      -1195.349      -1167.823      -1140.920    
   -1114.624      -1088.922      -1063.798      -1039.240    
   -1015.233      -991.7658      -968.8243      -946.3966    
   -924.4707      -903.0348      -882.0775      -861.5877    
   -841.5547      -821.9678      -802.8169      -784.0919    
   -765.7831      -747.8810      -730.3765      -713.2604    
   -696.5242      -680.1593      -664.1573      -648.5102    
   -633.2101      -618.2493      -603.6204      -589.3160    
   -575.3289      -561.6524      -548.2795      -535.2037    
   -522.4185      -509.9175      -497.6946      -485.7437    
   -474.0589      -462.6344      -451.4646      -440.5439    
   -429.8668      -419.4281      -409.2225      -399.2449    
   -389.4903      -379.9539      -370.6308      -361.5163    
   -352.6060      -343.8953      -335.3799      -327.0555    
   -318.9179      -310.9632      -303.1874      -295.5866    
   -288.1571      -280.8952      -273.7975      -266.8604    
   -260.0806      -253.4547      -246.9797      -240.6524    
   -234.4697      -228.4287      -222.5265      -216.7603    
   -211.1272      -205.6245      -200.2497      -195.0001    
   -189.8732      -184.8663      -179.9772      -175.2033    
   -170.5422      -165.9916      -161.5492      -157.2127    
   -152.9799      -148.8484      -144.8162      -140.8810    
   -137.0407      -133.2932      -129.6364      -126.0683    
   -122.5868      -119.1900      -115.8758      -112.6424    
   -109.4878      -106.4103      -103.4079      -100.4789    
   -97.62161      -94.83424      -92.11518      -89.46282    
   -86.87559      -84.35199      -81.89057      -79.48989    
   -77.14862      -74.86545      -72.63910      -70.46839    
   -68.35213      -66.28921      -64.27855      -62.31909    
   -60.40982      -58.54974      -56.73787      -54.97324    
   -53.25488      -51.58183      -49.95311      -48.36775    
   -46.82477      -45.32317      -43.86195      -42.44013    
   -41.05669      -39.71067      -38.40108      -37.12697    
   -35.88743      -34.68156      -33.50851      -32.36744    
   -31.25759      -30.17820      -29.12858      -28.10805    
   -27.11597      -26.15176      -25.21484      -24.30467    
   -23.42072      -22.56250      -21.72953      -20.92134    
   -20.13746      -19.37746      -18.64089      -17.92731    
   -17.23629      -16.56740      -15.92020      -15.29426    
   -14.68914      -14.10439      -13.53959      -12.99426    
   -12.46798      -11.96028      -11.47070      -10.99880    
   -10.54410      -10.10615      -9.684480      -9.278633    
   -8.888146      -8.512562      -8.151423      -7.804279    
   -7.470682      -7.150190      -6.842368      -6.546789    
   -6.263033      -5.990687      -5.729350      -5.478630    
   -5.238146      -5.007526      -4.786411      -4.574453    
   -4.371316      -4.176675      -3.990218      -3.811645    
   -3.640668      -3.477008      -3.320403      -3.170596    
   -3.027346      -2.890420      -2.759595      -2.634658    
   -2.515406      -2.401642      -2.293179      -2.189835    
   -2.091438      -1.997820      -1.908818      -1.824276    
   -1.744043      -1.667970      -1.595916      -1.527743    
   -1.463316      -1.402505      -1.345186      -1.291238    
   -1.240545      -1.192996      -1.148485      -1.106911    
   -1.068181      -1.032203     -0.9988953     -0.9681786    
  -0.9399808     -0.9142353     -0.8908808     -0.8698618    
  -0.8511276     -0.8346327     -0.8203367     -0.8082032    
  -0.7982005     -0.7903005     -0.7844792     -0.7807154    
 XXXXXXXXXXXX CORE STATES XXXXXXXXXXXXXXXXXXXXXX
                                                      Co12     	   IS=1
  -0.4674932     -0.3207823     -0.2314759    
  -0.2966399      0.7467565     -0.2165385    
   0.1874912      0.1745797      0.1236806E-01
   0.4281340      0.1143765     -0.2414672E-02
   0.4012979E-01  0.2272904E-01   1.801386    
  -0.5723743      0.3166921      -2.462601    
  -0.4029531      0.4816190      0.1091472    
   0.1449599     -0.1093046     -0.8043159    
                                                      Co12     	   IS=2
  -0.4409729     -0.2694498     -0.1818101    
  -0.2767464      0.7668774     -0.9683219E-01
   0.1901180      0.1758339      0.1447076E-01
   0.4285318      0.1143188      0.5726809E-03
   0.3903275E-01  0.2267148E-01   1.491473    
  -0.5932068      0.2520680      -1.146198    
  -0.4043366      0.4792358      0.1664110    
   0.1431583     -0.1090343     -0.7218970    
     5                                                Co12     	  
     1    0    0
   -556.2387      -556.2382    
     2    0    0
   -65.44290      -65.36799    
     2    1    0
   -56.04743      -55.98975    
     3    0    0
   -7.052526      -6.908769    
     3    1    0
   -4.383115      -4.244255    
