#  Interface results for: Co15, IVXC=0, NK=   30
     3                                                      # NL
   0.3484850      0.5303000E-01  0.1071400E-01
    27.00000       2.621800       2.621800                  # AZ, WSR, WSR(avrg)
  -0.4939294E-01                                            # Fermi Energy
    0.0E+00                                                 # Pot.Shift
     0                                                      # SW
     2                                                      # NS
   400                                                      #     Co15   IS=1
    0.000000      -2699804.      -1330291.      -873974.3    
   -645954.9      -509252.8      -418208.1      -353252.1    
   -304600.6      -266818.1      -236642.9      -211999.8    
   -191505.1      -174200.9      -159403.0      -146609.8    
   -135444.9      -125620.6      -116913.0      -109145.6    
   -102176.9      -95892.55      -90198.95      -85018.77    
   -80287.57      -75951.25      -71964.00      -68286.84    
   -64886.32      -61733.64      -58803.82      -56075.13    
   -53528.53      -51147.31      -48916.72      -46823.71    
   -44856.66      -43005.23      -41260.16      -39613.14    
   -38056.69      -36584.08      -35189.20      -33866.52    
   -32611.02      -31418.12      -30283.64      -29203.75    
   -28174.96      -27194.05      -26258.07      -25364.28    
   -24510.19      -23693.46      -22911.95      -22163.67    
   -21446.76      -20759.52      -20100.34      -19467.73    
   -18860.31      -18276.77      -17715.91      -17176.59    
   -16657.75      -16158.39      -15677.58      -15214.43    
   -14768.13      -14337.88      -13922.97      -13522.69    
   -13136.40      -12763.48      -12403.35      -12055.46    
   -11719.29      -11394.34      -11080.15      -10776.28    
   -10482.30      -10197.81      -9922.447      -9655.835    
   -9397.635      -9147.522      -8905.185      -8670.328    
   -8442.669      -8221.938      -8007.880      -7800.248    
   -7598.809      -7403.340      -7213.626      -7029.464    
   -6850.657      -6677.019      -6508.370      -6344.538    
   -6185.360      -6030.678      -5880.340      -5734.201    
   -5592.122      -5453.970      -5319.617      -5188.938    
   -5061.815      -4938.135      -4817.789      -4700.670    
   -4586.678      -4475.716      -4367.688      -4262.505    
   -4160.081      -4060.330      -3963.172      -3868.530    
   -3776.328      -3686.493      -3598.956      -3513.649    
   -3430.508      -3349.469      -3270.472      -3193.457    
   -3118.369      -3045.153      -2973.755      -2904.125    
   -2836.214      -2769.972      -2705.355      -2642.318    
   -2580.816      -2520.809      -2462.255      -2405.116    
   -2349.353      -2294.929      -2241.809      -2189.959    
   -2139.344      -2089.932      -2041.692      -1994.592    
   -1948.604      -1903.699      -1859.849      -1817.026    
   -1775.205      -1734.359      -1694.465      -1655.498    
   -1617.434      -1580.252      -1543.928      -1508.443    
   -1473.774      -1439.901      -1406.806      -1374.468    
   -1342.870      -1311.992      -1281.819      -1252.331    
   -1223.514      -1195.350      -1167.824      -1140.921    
   -1114.625      -1088.922      -1063.799      -1039.240    
   -1015.234      -991.7664      -968.8249      -946.3972    
   -924.4713      -903.0354      -882.0781      -861.5884    
   -841.5553      -821.9685      -802.8175      -784.0925    
   -765.7837      -747.8817      -730.3772      -713.2612    
   -696.5250      -680.1601      -664.1581      -648.5111    
   -633.2110      -618.2503      -603.6214      -589.3170    
   -575.3301      -561.6536      -548.2808      -535.2051    
   -522.4199      -509.9191      -497.6963      -485.7455    
   -474.0609      -462.6365      -451.4669      -440.5463    
   -429.8694      -419.4309      -409.2255      -399.2481    
   -389.4938      -379.9576      -370.6347      -361.5206    
   -352.6105      -343.9001      -335.3850      -327.0609    
   -318.9238      -310.9694      -303.1940      -295.5936    
   -288.1646      -280.9032      -273.8060      -266.8694    
   -260.0901      -253.4649      -246.9905      -240.6638    
   -234.4818      -228.4415      -222.5400      -216.7745    
   -211.1423      -205.6405      -200.2666      -195.0179    
   -189.8920      -184.8862      -179.9982      -175.2254    
   -170.5656      -166.0163      -161.5753      -157.2403    
   -153.0090      -148.8791      -144.8486      -140.9153    
   -137.0769      -133.3314      -129.6768      -126.1110    
   -122.6319      -119.2376      -115.9261      -112.6956    
   -109.5440      -106.4697      -103.4707      -100.5452    
   -97.69168      -94.90827      -92.19337      -89.54538    
   -86.96275      -84.44396      -81.98756      -79.59214    
   -77.25631      -74.97878      -72.75826      -70.59352    
   -68.48337      -66.42666      -64.42227      -62.46910    
   -60.56609      -58.71218      -56.90634      -55.14753    
   -53.43474      -51.76694      -50.14311      -48.56223    
   -47.02326      -45.52521      -44.06703      -42.64774    
   -41.26633      -39.92182      -38.61328      -37.33977    
   -36.10040      -34.89431      -33.72069      -32.57874    
   -31.46772      -30.38692      -29.33567      -28.31335    
   -27.31933      -26.35305      -25.41396      -24.50154    
   -23.61529      -22.75472      -21.91937      -21.10877    
   -20.32249      -19.56008      -18.82110      -18.10513    
   -17.41173      -16.74048      -16.09094      -15.46269    
   -14.85527      -14.26826      -13.70120      -13.15366    
   -12.62518      -12.11531      -11.62359      -11.14955    
   -10.69275      -10.25270      -9.828958      -9.421048    
   -9.028509      -8.650882      -8.287706      -7.938528    
   -7.602898      -7.280370      -6.970507      -6.672876    
   -6.387054      -6.112627      -5.849188      -5.596342    
   -5.353701      -5.120892      -4.897550      -4.683322    
   -4.477869      -4.280860      -4.091979      -3.910921    
   -3.737394      -3.571116      -3.411819      -3.259245    
   -3.113149      -2.973296      -2.839462      -2.711433    
   -2.589006      -2.471988      -2.360193      -2.253445    
   -2.151577      -2.054428      -1.961845      -1.873681    
   -1.789798      -1.710060      -1.634339      -1.562512    
   -1.494460      -1.430070      -1.369233      -1.311843    
   -1.257800      -1.207007      -1.159373      -1.114810    
   -1.073235      -1.034567     -0.9987315     -0.9656584    
  -0.9352811     -0.9075374     -0.8823697     -0.8597246    
  -0.8395527     -0.8218089     -0.8064520     -0.7934446    
  -0.7827530     -0.7743467     -0.7681986     -0.7642846    
   400                                                      #     Co15   IS=2
    0.000000      -2699804.      -1330291.      -873974.3    
   -645954.9      -509252.8      -418208.1      -353252.1    
   -304600.7      -266818.1      -236642.9      -211999.8    
   -191505.1      -174200.9      -159403.1      -146609.8    
   -135444.9      -125620.6      -116913.1      -109145.6    
   -102176.9      -95892.55      -90198.95      -85018.77    
   -80287.57      -75951.25      -71964.00      -68286.84    
   -64886.32      -61733.64      -58803.82      -56075.13    
   -53528.53      -51147.31      -48916.73      -46823.71    
   -44856.66      -43005.23      -41260.16      -39613.14    
   -38056.69      -36584.08      -35189.20      -33866.52    
   -32611.02      -31418.12      -30283.64      -29203.75    
   -28174.96      -27194.05      -26258.07      -25364.28    
   -24510.19      -23693.46      -22911.95      -22163.67    
   -21446.76      -20759.52      -20100.34      -19467.73    
   -18860.31      -18276.77      -17715.91      -17176.59    
   -16657.75      -16158.39      -15677.58      -15214.43    
   -14768.13      -14337.88      -13922.97      -13522.69    
   -13136.40      -12763.48      -12403.35      -12055.46    
   -11719.29      -11394.34      -11080.15      -10776.28    
   -10482.30      -10197.82      -9922.448      -9655.836    
   -9397.636      -9147.523      -8905.186      -8670.329    
   -8442.670      -8221.939      -8007.881      -7800.249    
   -7598.810      -7403.341      -7213.627      -7029.465    
   -6850.658      -6677.020      -6508.371      -6344.539    
   -6185.361      -6030.679      -5880.341      -5734.202    
   -5592.123      -5453.971      -5319.617      -5188.938    
   -5061.816      -4938.136      -4817.790      -4700.671    
   -4586.679      -4475.716      -4367.689      -4262.506    
   -4160.081      -4060.331      -3963.173      -3868.531    
   -3776.328      -3686.494      -3598.957      -3513.650    
   -3430.509      -3349.470      -3270.472      -3193.458    
   -3118.370      -3045.154      -2973.756      -2904.126    
   -2836.214      -2769.973      -2705.356      -2642.318    
   -2580.817      -2520.810      -2462.256      -2405.117    
   -2349.353      -2294.930      -2241.810      -2189.959    
   -2139.344      -2089.933      -2041.692      -1994.593    
   -1948.605      -1903.700      -1859.849      -1817.027    
   -1775.205      -1734.360      -1694.466      -1655.498    
   -1617.435      -1580.252      -1543.929      -1508.443    
   -1473.774      -1439.902      -1406.806      -1374.469    
   -1342.870      -1311.993      -1281.819      -1252.332    
   -1223.514      -1195.351      -1167.825      -1140.921    
   -1114.625      -1088.923      -1063.799      -1039.241    
   -1015.235      -991.7669      -968.8254      -946.3978    
   -924.4718      -903.0359      -882.0786      -861.5889    
   -841.5558      -821.9690      -802.8180      -784.0930    
   -765.7842      -747.8822      -730.3776      -713.2616    
   -696.5254      -680.1605      -664.1585      -648.5114    
   -633.2113      -618.2506      -603.6216      -589.3172    
   -575.3302      -561.6537      -548.2808      -535.2050    
   -522.4198      -509.9188      -497.6959      -485.7450    
   -474.0603      -462.6358      -451.4660      -440.5453    
   -429.8682      -419.4295      -409.2239      -399.2463    
   -389.4918      -379.9553      -370.6322      -361.5178    
   -352.6075      -343.8968      -335.3814      -327.0570    
   -318.9194      -310.9647      -303.1889      -295.5881    
   -288.1586      -280.8968      -273.7990      -266.8619    
   -260.0821      -253.4563      -246.9813      -240.6540    
   -234.4713      -228.4304      -222.5281      -216.7619    
   -211.1288      -205.6262      -200.2514      -195.0018    
   -189.8748      -184.8680      -179.9788      -175.2049    
   -170.5438      -165.9933      -161.5509      -157.2144    
   -152.9815      -148.8500      -144.8178      -140.8826    
   -137.0423      -133.2948      -129.6380      -126.0698    
   -122.5883      -119.1915      -115.8773      -112.6438    
   -109.4892      -106.4117      -103.4092      -100.4802    
   -97.62285      -94.83543      -92.11632      -89.46389    
   -86.87661      -84.35295      -81.89145      -79.49070    
   -77.14936      -74.86610      -72.63967      -70.46887    
   -68.35252      -66.28951      -64.27876      -62.31921    
   -60.40985      -58.54968      -56.73772      -54.97300    
   -53.25455      -51.58142      -49.95263      -48.36721    
   -46.82416      -45.32251      -43.86125      -42.43938    
   -41.05591      -39.70986      -38.40025      -37.12614    
   -35.88659      -34.68072      -33.50767      -32.36661    
   -31.25677      -30.17740      -29.12778      -28.10727    
   -27.11522      -26.15102      -25.21412      -24.30397    
   -23.42004      -22.56184      -21.72888      -20.92070    
   -20.13684      -19.37685      -18.64030      -17.92673    
   -17.23572      -16.56684      -15.91965      -15.29371    
   -14.68859      -14.10385      -13.53903      -12.99371    
   -12.46742      -11.95971      -11.47013      -10.99821    
   -10.54349      -10.10553      -9.683837      -9.277969    
   -8.887458      -8.511848      -8.150682      -7.803508    
   -7.469880      -7.149355      -6.841500      -6.545885    
   -6.262092      -5.989709      -5.728334      -5.477576    
   -5.237054      -5.006396      -4.785244      -4.573251    
   -4.370079      -4.175406      -3.988920      -3.810320    
   -3.639319      -3.475641      -3.319020      -3.169203    
   -3.025949      -2.889023      -2.758205      -2.633281    
   -2.514049      -2.400311      -2.291881      -2.188578    
   -2.090228      -1.996663      -1.907721      -1.823245    
   -1.743083      -1.667087      -1.595115      -1.527027    
   -1.462688      -1.401969      -1.344744      -1.290892    
   -1.240295      -1.192844      -1.148431      -1.106955    
   -1.068322      -1.032442     -0.9992307     -0.9686099    
  -0.9405073     -0.9148564     -0.8915960     -0.8706705    
  -0.8520294     -0.8356276     -0.8214243     -0.8093837    
  -0.7994740     -0.7916673     -0.7859394     -0.7822695    
 XXXXXXXXXXXX CORE STATES XXXXXXXXXXXXXXXXXXXXXX
                                                      Co15     	   IS=1
  -0.4663091     -0.3192312     -0.2328431    
  -0.2956813      0.7475797     -0.2186796    
   0.1874569      0.1745403      0.1231695E-01
   0.4281171      0.1143619     -0.2426793E-02
   0.4016079E-01  0.2274418E-01   1.808166    
  -0.5728370      0.3157354      -2.485624    
  -0.4028939      0.4815440      0.1083488    
   0.1450075     -0.1093475     -0.8060783    
                                                      Co15     	   IS=2
  -0.4384569     -0.2615552     -0.1840105    
  -0.2769719      0.7660650     -0.9609166E-01
   0.1901658      0.1756839      0.1451548E-01
   0.4284813      0.1142265      0.7325441E-03
   0.3907895E-01  0.2276445E-01   1.483233    
  -0.5997199      0.2381169      -1.108700    
  -0.4040054      0.4783757      0.1684965    
   0.1432414     -0.1092732     -0.7196252    
     5                                                Co15     	  
     1    0    0
   -556.2398      -556.2394    
     2    0    0
   -65.44591      -65.36895    
     2    1    0
   -56.05010      -55.99087    
     3    0    0
   -7.055649      -6.908143    
     3    1    0
   -4.386027      -4.243595    
