#  Interface results for: Co17, IVXC=0, NK=   30
     3                                                      # NL
   0.3484850      0.5303000E-01  0.1071400E-01
    27.00000       2.621800       2.621800                  # AZ, WSR, WSR(avrg)
  -0.4939294E-01                                            # Fermi Energy
    0.0E+00                                                 # Pot.Shift
     0                                                      # SW
     2                                                      # NS
   400                                                      #     Co17   IS=1
    0.000000      -2699804.      -1330291.      -873974.3    
   -645954.9      -509252.8      -418208.1      -353252.1    
   -304600.6      -266818.1      -236642.9      -211999.8    
   -191505.1      -174200.9      -159403.0      -146609.8    
   -135444.9      -125620.6      -116913.0      -109145.6    
   -102176.9      -95892.55      -90198.95      -85018.77    
   -80287.57      -75951.25      -71964.00      -68286.84    
   -64886.32      -61733.64      -58803.82      -56075.13    
   -53528.53      -51147.31      -48916.72      -46823.71    
   -44856.66      -43005.23      -41260.16      -39613.14    
   -38056.69      -36584.08      -35189.20      -33866.52    
   -32611.02      -31418.12      -30283.64      -29203.75    
   -28174.96      -27194.05      -26258.07      -25364.28    
   -24510.19      -23693.46      -22911.95      -22163.67    
   -21446.76      -20759.52      -20100.34      -19467.73    
   -18860.31      -18276.77      -17715.91      -17176.59    
   -16657.75      -16158.39      -15677.58      -15214.43    
   -14768.13      -14337.88      -13922.97      -13522.69    
   -13136.40      -12763.48      -12403.35      -12055.46    
   -11719.29      -11394.34      -11080.15      -10776.28    
   -10482.30      -10197.81      -9922.447      -9655.835    
   -9397.635      -9147.522      -8905.185      -8670.328    
   -8442.669      -8221.938      -8007.880      -7800.248    
   -7598.809      -7403.340      -7213.626      -7029.464    
   -6850.657      -6677.019      -6508.370      -6344.539    
   -6185.360      -6030.678      -5880.340      -5734.201    
   -5592.123      -5453.970      -5319.617      -5188.938    
   -5061.815      -4938.136      -4817.789      -4700.670    
   -4586.678      -4475.716      -4367.688      -4262.505    
   -4160.081      -4060.330      -3963.172      -3868.530    
   -3776.328      -3686.493      -3598.956      -3513.649    
   -3430.508      -3349.469      -3270.472      -3193.457    
   -3118.369      -3045.153      -2973.755      -2904.125    
   -2836.214      -2769.973      -2705.355      -2642.318    
   -2580.816      -2520.809      -2462.255      -2405.116    
   -2349.353      -2294.929      -2241.809      -2189.959    
   -2139.344      -2089.932      -2041.692      -1994.592    
   -1948.605      -1903.699      -1859.849      -1817.026    
   -1775.205      -1734.359      -1694.465      -1655.498    
   -1617.434      -1580.252      -1543.929      -1508.443    
   -1473.774      -1439.901      -1406.806      -1374.468    
   -1342.870      -1311.992      -1281.819      -1252.331    
   -1223.514      -1195.350      -1167.824      -1140.921    
   -1114.625      -1088.922      -1063.799      -1039.240    
   -1015.234      -991.7664      -968.8249      -946.3972    
   -924.4713      -903.0354      -882.0781      -861.5884    
   -841.5554      -821.9685      -802.8176      -784.0926    
   -765.7838      -747.8817      -730.3772      -713.2612    
   -696.5251      -680.1601      -664.1582      -648.5111    
   -633.2111      -618.2503      -603.6214      -589.3171    
   -575.3301      -561.6537      -548.2809      -535.2051    
   -522.4200      -509.9191      -497.6963      -485.7455    
   -474.0609      -462.6366      -451.4669      -440.5464    
   -429.8695      -419.4309      -409.2255      -399.2481    
   -389.4938      -379.9576      -370.6347      -361.5206    
   -352.6105      -343.9002      -335.3851      -327.0610    
   -318.9238      -310.9695      -303.1940      -295.5937    
   -288.1646      -280.9032      -273.8060      -266.8694    
   -260.0902      -253.4649      -246.9905      -240.6638    
   -234.4818      -228.4415      -222.5401      -216.7746    
   -211.1423      -205.6405      -200.2666      -195.0180    
   -189.8920      -184.8862      -179.9982      -175.2255    
   -170.5656      -166.0164      -161.5754      -157.2403    
   -153.0090      -148.8792      -144.8487      -140.9153    
   -137.0769      -133.3315      -129.6768      -126.1110    
   -122.6319      -119.2376      -115.9262      -112.6956    
   -109.5441      -106.4697      -103.4707      -100.5453    
   -97.69172      -94.90831      -92.19341      -89.54543    
   -86.96280      -84.44401      -81.98761      -79.59218    
   -77.25636      -74.97883      -72.75831      -70.59357    
   -68.48342      -66.42671      -64.42232      -62.46915    
   -60.56614      -58.71223      -56.90639      -55.14759    
   -53.43480      -51.76700      -50.14316      -48.56228    
   -47.02332      -45.52526      -44.06709      -42.64779    
   -41.26638      -39.92188      -38.61334      -37.33983    
   -36.10046      -34.89437      -33.72074      -32.57879    
   -31.46777      -30.38698      -29.33573      -28.31340    
   -27.31938      -26.35310      -25.41402      -24.50160    
   -23.61535      -22.75478      -21.91942      -21.10883    
   -20.32255      -19.56013      -18.82116      -18.10519    
   -17.41179      -16.74054      -16.09100      -15.46274    
   -14.85533      -14.26831      -13.70126      -13.15372    
   -12.62524      -12.11537      -11.62364      -11.14961    
   -10.69280      -10.25276      -9.829014      -9.421104    
   -9.028566      -8.650938      -8.287763      -7.938585    
   -7.602955      -7.280427      -6.970564      -6.672933    
   -6.387112      -6.112685      -5.849246      -5.596400    
   -5.353760      -5.120951      -4.897609      -4.683381    
   -4.477928      -4.280919      -4.092039      -3.910981    
   -3.737454      -3.571177      -3.411880      -3.259307    
   -3.113211      -2.973358      -2.839524      -2.711495    
   -2.589069      -2.472051      -2.360256      -2.253509    
   -2.151641      -2.054492      -1.961909      -1.873746    
   -1.789863      -1.710126      -1.634405      -1.562579    
   -1.494528      -1.430138      -1.369301      -1.311911    
   -1.257868      -1.207076      -1.159443      -1.114881    
   -1.073305      -1.034638     -0.9988030     -0.9657304    
  -0.9353535     -0.9076103     -0.8824431     -0.8597984    
  -0.8396270     -0.8218837     -0.8065272     -0.7935203    
  -0.7828290     -0.7744232     -0.7682756     -0.7643619    
   400                                                      #     Co17   IS=2
    0.000000      -2699804.      -1330291.      -873974.3    
   -645954.9      -509252.8      -418208.1      -353252.1    
   -304600.7      -266818.1      -236642.9      -211999.8    
   -191505.1      -174200.9      -159403.1      -146609.8    
   -135444.9      -125620.6      -116913.1      -109145.6    
   -102176.9      -95892.55      -90198.95      -85018.77    
   -80287.57      -75951.25      -71964.00      -68286.84    
   -64886.32      -61733.64      -58803.82      -56075.13    
   -53528.53      -51147.31      -48916.73      -46823.71    
   -44856.66      -43005.23      -41260.16      -39613.14    
   -38056.69      -36584.08      -35189.20      -33866.52    
   -32611.02      -31418.12      -30283.64      -29203.75    
   -28174.96      -27194.05      -26258.07      -25364.28    
   -24510.19      -23693.46      -22911.95      -22163.67    
   -21446.76      -20759.52      -20100.34      -19467.73    
   -18860.31      -18276.77      -17715.91      -17176.59    
   -16657.75      -16158.39      -15677.58      -15214.43    
   -14768.13      -14337.88      -13922.97      -13522.69    
   -13136.40      -12763.48      -12403.35      -12055.46    
   -11719.29      -11394.34      -11080.15      -10776.28    
   -10482.30      -10197.82      -9922.448      -9655.836    
   -9397.636      -9147.523      -8905.186      -8670.329    
   -8442.670      -8221.939      -8007.881      -7800.249    
   -7598.810      -7403.341      -7213.627      -7029.465    
   -6850.658      -6677.020      -6508.371      -6344.539    
   -6185.361      -6030.679      -5880.341      -5734.202    
   -5592.123      -5453.971      -5319.617      -5188.938    
   -5061.816      -4938.136      -4817.790      -4700.671    
   -4586.679      -4475.716      -4367.689      -4262.506    
   -4160.082      -4060.331      -3963.173      -3868.531    
   -3776.328      -3686.494      -3598.957      -3513.650    
   -3430.509      -3349.470      -3270.472      -3193.458    
   -3118.370      -3045.154      -2973.756      -2904.126    
   -2836.214      -2769.973      -2705.356      -2642.318    
   -2580.817      -2520.810      -2462.256      -2405.117    
   -2349.354      -2294.930      -2241.810      -2189.960    
   -2139.344      -2089.933      -2041.692      -1994.593    
   -1948.605      -1903.700      -1859.849      -1817.027    
   -1775.205      -1734.360      -1694.466      -1655.498    
   -1617.435      -1580.253      -1543.929      -1508.443    
   -1473.774      -1439.902      -1406.806      -1374.469    
   -1342.870      -1311.993      -1281.819      -1252.332    
   -1223.514      -1195.351      -1167.825      -1140.921    
   -1114.625      -1088.923      -1063.799      -1039.241    
   -1015.235      -991.7670      -968.8255      -946.3978    
   -924.4718      -903.0359      -882.0787      -861.5889    
   -841.5559      -821.9690      -802.8181      -784.0931    
   -765.7843      -747.8822      -730.3777      -713.2617    
   -696.5255      -680.1605      -664.1586      -648.5115    
   -633.2114      -618.2506      -603.6217      -589.3173    
   -575.3303      -561.6537      -548.2809      -535.2051    
   -522.4198      -509.9189      -497.6960      -485.7451    
   -474.0603      -462.6359      -451.4661      -440.5453    
   -429.8683      -419.4296      -409.2240      -399.2464    
   -389.4918      -379.9554      -370.6323      -361.5179    
   -352.6075      -343.8968      -335.3814      -327.0570    
   -318.9195      -310.9648      -303.1889      -295.5881    
   -288.1586      -280.8968      -273.7991      -266.8620    
   -260.0822      -253.4564      -246.9814      -240.6541    
   -234.4714      -228.4304      -222.5282      -216.7619    
   -211.1288      -205.6262      -200.2514      -195.0018    
   -189.8748      -184.8680      -179.9789      -175.2049    
   -170.5439      -165.9933      -161.5509      -157.2144    
   -152.9815      -148.8501      -144.8178      -140.8826    
   -137.0423      -133.2948      -129.6380      -126.0699    
   -122.5884      -119.1915      -115.8773      -112.6439    
   -109.4893      -106.4117      -103.4093      -100.4802    
   -97.62288      -94.83546      -92.11635      -89.46393    
   -86.87664      -84.35298      -81.89148      -79.49073    
   -77.14939      -74.86613      -72.63970      -70.46890    
   -68.35255      -66.28954      -64.27879      -62.31924    
   -60.40987      -58.54970      -56.73774      -54.97302    
   -53.25458      -51.58144      -49.95265      -48.36723    
   -46.82418      -45.32253      -43.86127      -42.43940    
   -41.05594      -39.70988      -38.40027      -37.12616    
   -35.88661      -34.68074      -33.50769      -32.36663    
   -31.25679      -30.17742      -29.12781      -28.10729    
   -27.11524      -26.15105      -25.21415      -24.30399    
   -23.42006      -22.56186      -21.72891      -20.92073    
   -20.13687      -19.37688      -18.64032      -17.92676    
   -17.23575      -16.56687      -15.91968      -15.29374    
   -14.68862      -14.10388      -13.53906      -12.99374    
   -12.46745      -11.95974      -11.47016      -10.99824    
   -10.54353      -10.10556      -9.683871      -9.278003    
   -8.887493      -8.511883      -8.150717      -7.803544    
   -7.469916      -7.149392      -6.841537      -6.545923    
   -6.262130      -5.989747      -5.728373      -5.477616    
   -5.237094      -5.006437      -4.785285      -4.573292    
   -4.370121      -4.175449      -3.988963      -3.810364    
   -3.639364      -3.475686      -3.319066      -3.169250    
   -3.025995      -2.889071      -2.758253      -2.633330    
   -2.514098      -2.400361      -2.291932      -2.188630    
   -2.090281      -1.996717      -1.907776      -1.823301    
   -1.743139      -1.667145      -1.595173      -1.527086    
   -1.462748      -1.402030      -1.344806      -1.290954    
   -1.240359      -1.192908      -1.148496      -1.107021    
   -1.068389      -1.032510     -0.9992992     -0.9686792    
  -0.9405775     -0.9149273     -0.8916677     -0.8707429    
  -0.8521025     -0.8357013     -0.8214987     -0.8094587    
  -0.7995496     -0.7917435     -0.7860161     -0.7823467    
 XXXXXXXXXXXX CORE STATES XXXXXXXXXXXXXXXXXXXXXX
                                                      Co17     	   IS=1
  -0.4663427     -0.3192629     -0.2328957    
  -0.2957515      0.7475070     -0.2187385    
   0.1874570      0.1745396      0.1231711E-01
   0.4281163      0.1143615     -0.2427440E-02
   0.4016161E-01  0.2274461E-01   1.808170    
  -0.5729234      0.3156700      -2.485838    
  -0.4028890      0.4815399      0.1083443    
   0.1450089     -0.1093485     -0.8060782    
                                                      Co17     	   IS=2
  -0.4384963     -0.2615943     -0.1840550    
  -0.2770366      0.7659992     -0.9613117E-01
   0.1901664      0.1756839      0.1451599E-01
   0.4284809      0.1142263      0.7324731E-03
   0.3907926E-01  0.2276465E-01   1.483193    
  -0.5997804      0.2380704      -1.108675    
  -0.4040025      0.4783732      0.1685009    
   0.1432420     -0.1092736     -0.7196131    
     5                                                Co17     	  
     1    0    0
   -556.2399      -556.2394    
     2    0    0
   -65.44595      -65.36898    
     2    1    0
   -56.05015      -55.99090    
     3    0    0
   -7.055705      -6.908176    
     3    1    0
   -4.386083      -4.243629    
