#  Interface results for: Co18, IVXC=0, NK=   30
     3                                                      # NL
   0.3484850      0.5303000E-01  0.1071400E-01
    27.00000       2.621800       2.621800                  # AZ, WSR, WSR(avrg)
  -0.4939294E-01                                            # Fermi Energy
    0.0E+00                                                 # Pot.Shift
     0                                                      # SW
     2                                                      # NS
   400                                                      #     Co18   IS=1
    0.000000      -2699804.      -1330291.      -873974.3    
   -645954.9      -509252.8      -418208.1      -353252.1    
   -304600.6      -266818.1      -236642.9      -211999.8    
   -191505.1      -174200.9      -159403.0      -146609.8    
   -135444.9      -125620.6      -116913.0      -109145.6    
   -102176.9      -95892.55      -90198.95      -85018.77    
   -80287.57      -75951.25      -71964.00      -68286.84    
   -64886.32      -61733.64      -58803.82      -56075.13    
   -53528.53      -51147.31      -48916.72      -46823.71    
   -44856.66      -43005.23      -41260.16      -39613.14    
   -38056.69      -36584.08      -35189.20      -33866.52    
   -32611.02      -31418.12      -30283.64      -29203.75    
   -28174.96      -27194.05      -26258.07      -25364.28    
   -24510.19      -23693.46      -22911.95      -22163.67    
   -21446.76      -20759.52      -20100.34      -19467.73    
   -18860.31      -18276.77      -17715.91      -17176.59    
   -16657.75      -16158.39      -15677.58      -15214.43    
   -14768.13      -14337.88      -13922.97      -13522.69    
   -13136.40      -12763.48      -12403.35      -12055.46    
   -11719.29      -11394.34      -11080.15      -10776.28    
   -10482.30      -10197.81      -9922.447      -9655.835    
   -9397.635      -9147.522      -8905.185      -8670.328    
   -8442.669      -8221.938      -8007.880      -7800.248    
   -7598.809      -7403.340      -7213.626      -7029.464    
   -6850.657      -6677.019      -6508.370      -6344.539    
   -6185.361      -6030.678      -5880.340      -5734.201    
   -5592.123      -5453.970      -5319.617      -5188.938    
   -5061.815      -4938.136      -4817.789      -4700.670    
   -4586.679      -4475.716      -4367.688      -4262.506    
   -4160.081      -4060.330      -3963.172      -3868.530    
   -3776.328      -3686.493      -3598.956      -3513.649    
   -3430.508      -3349.469      -3270.472      -3193.457    
   -3118.369      -3045.153      -2973.755      -2904.125    
   -2836.214      -2769.973      -2705.355      -2642.318    
   -2580.816      -2520.809      -2462.255      -2405.116    
   -2349.353      -2294.929      -2241.810      -2189.959    
   -2139.344      -2089.932      -2041.692      -1994.592    
   -1948.605      -1903.699      -1859.849      -1817.026    
   -1775.205      -1734.359      -1694.465      -1655.498    
   -1617.434      -1580.252      -1543.929      -1508.443    
   -1473.774      -1439.901      -1406.806      -1374.468    
   -1342.870      -1311.992      -1281.819      -1252.331    
   -1223.514      -1195.350      -1167.824      -1140.921    
   -1114.625      -1088.922      -1063.799      -1039.240    
   -1015.234      -991.7664      -968.8250      -946.3973    
   -924.4713      -903.0354      -882.0782      -861.5884    
   -841.5554      -821.9685      -802.8176      -784.0926    
   -765.7838      -747.8818      -730.3772      -713.2613    
   -696.5251      -680.1601      -664.1582      -648.5111    
   -633.2111      -618.2504      -603.6215      -589.3171    
   -575.3302      -561.6537      -548.2809      -535.2051    
   -522.4200      -509.9191      -497.6963      -485.7456    
   -474.0609      -462.6366      -451.4669      -440.5464    
   -429.8695      -419.4309      -409.2255      -399.2482    
   -389.4938      -379.9576      -370.6348      -361.5206    
   -352.6106      -343.9002      -335.3851      -327.0610    
   -318.9238      -310.9695      -303.1941      -295.5937    
   -288.1646      -280.9033      -273.8060      -266.8694    
   -260.0902      -253.4649      -246.9905      -240.6638    
   -234.4818      -228.4415      -222.5401      -216.7746    
   -211.1423      -205.6405      -200.2666      -195.0180    
   -189.8920      -184.8863      -179.9982      -175.2255    
   -170.5657      -166.0164      -161.5754      -157.2403    
   -153.0090      -148.8792      -144.8487      -140.9153    
   -137.0770      -133.3315      -129.6769      -126.1110    
   -122.6320      -119.2377      -115.9262      -112.6956    
   -109.5441      -106.4697      -103.4707      -100.5453    
   -97.69174      -94.90833      -92.19343      -89.54545    
   -86.96282      -84.44403      -81.98763      -79.59220    
   -77.25638      -74.97885      -72.75833      -70.59359    
   -68.48344      -66.42674      -64.42234      -62.46918    
   -60.56616      -58.71226      -56.90641      -55.14761    
   -53.43482      -51.76702      -50.14319      -48.56230    
   -47.02334      -45.52528      -44.06711      -42.64781    
   -41.26640      -39.92190      -38.61336      -37.33985    
   -36.10048      -34.89439      -33.72077      -32.57882    
   -31.46780      -30.38700      -29.33575      -28.31342    
   -27.31941      -26.35313      -25.41404      -24.50162    
   -23.61537      -22.75480      -21.91945      -21.10885    
   -20.32257      -19.56016      -18.82118      -18.10521    
   -17.41181      -16.74056      -16.09102      -15.46277    
   -14.85535      -14.26834      -13.70128      -13.15374    
   -12.62526      -12.11539      -11.62367      -11.14963    
   -10.69283      -10.25278      -9.829039      -9.421129    
   -9.028590      -8.650963      -8.287788      -7.938610    
   -7.602979      -7.280452      -6.970588      -6.672958    
   -6.387136      -6.112709      -5.849270      -5.596424    
   -5.353783      -5.120974      -4.897632      -4.683405    
   -4.477951      -4.280942      -4.092061      -3.911004    
   -3.737476      -3.571198      -3.411901      -3.259328    
   -3.113231      -2.973378      -2.839544      -2.711515    
   -2.589088      -2.472070      -2.360274      -2.253527    
   -2.151658      -2.054509      -1.961926      -1.873762    
   -1.789879      -1.710141      -1.634420      -1.562593    
   -1.494541      -1.430151      -1.369314      -1.311923    
   -1.257880      -1.207088      -1.159454      -1.114891    
   -1.073315      -1.034647     -0.9988123     -0.9657393    
  -0.9353620     -0.9076185     -0.8824509     -0.8598059    
  -0.8396342     -0.8218906     -0.8065339     -0.7935267    
  -0.7828353     -0.7744292     -0.7682814     -0.7643677    
   400                                                      #     Co18   IS=2
    0.000000      -2699804.      -1330291.      -873974.3    
   -645954.9      -509252.8      -418208.1      -353252.1    
   -304600.7      -266818.1      -236642.9      -211999.8    
   -191505.1      -174200.9      -159403.1      -146609.8    
   -135444.9      -125620.6      -116913.1      -109145.6    
   -102176.9      -95892.55      -90198.95      -85018.77    
   -80287.57      -75951.25      -71964.00      -68286.84    
   -64886.32      -61733.64      -58803.82      -56075.13    
   -53528.53      -51147.31      -48916.73      -46823.71    
   -44856.66      -43005.23      -41260.16      -39613.14    
   -38056.69      -36584.08      -35189.20      -33866.52    
   -32611.02      -31418.12      -30283.64      -29203.75    
   -28174.96      -27194.05      -26258.07      -25364.28    
   -24510.19      -23693.46      -22911.95      -22163.67    
   -21446.76      -20759.52      -20100.34      -19467.73    
   -18860.31      -18276.77      -17715.91      -17176.59    
   -16657.75      -16158.39      -15677.58      -15214.43    
   -14768.13      -14337.88      -13922.97      -13522.69    
   -13136.40      -12763.48      -12403.35      -12055.46    
   -11719.29      -11394.34      -11080.15      -10776.28    
   -10482.30      -10197.82      -9922.448      -9655.836    
   -9397.636      -9147.523      -8905.186      -8670.329    
   -8442.670      -8221.939      -8007.881      -7800.249    
   -7598.810      -7403.341      -7213.627      -7029.465    
   -6850.658      -6677.020      -6508.371      -6344.539    
   -6185.361      -6030.679      -5880.341      -5734.202    
   -5592.123      -5453.971      -5319.617      -5188.938    
   -5061.816      -4938.136      -4817.790      -4700.671    
   -4586.679      -4475.716      -4367.689      -4262.506    
   -4160.082      -4060.331      -3963.173      -3868.531    
   -3776.328      -3686.494      -3598.957      -3513.650    
   -3430.509      -3349.470      -3270.472      -3193.458    
   -3118.370      -3045.154      -2973.756      -2904.126    
   -2836.215      -2769.973      -2705.356      -2642.318    
   -2580.817      -2520.810      -2462.256      -2405.117    
   -2349.354      -2294.930      -2241.810      -2189.960    
   -2139.344      -2089.933      -2041.692      -1994.593    
   -1948.605      -1903.700      -1859.850      -1817.027    
   -1775.205      -1734.360      -1694.466      -1655.498    
   -1617.435      -1580.253      -1543.929      -1508.443    
   -1473.774      -1439.902      -1406.806      -1374.469    
   -1342.870      -1311.993      -1281.819      -1252.332    
   -1223.514      -1195.351      -1167.825      -1140.921    
   -1114.626      -1088.923      -1063.799      -1039.241    
   -1015.235      -991.7670      -968.8255      -946.3978    
   -924.4719      -903.0360      -882.0787      -861.5889    
   -841.5559      -821.9690      -802.8181      -784.0931    
   -765.7843      -747.8822      -730.3777      -713.2617    
   -696.5255      -680.1605      -664.1586      -648.5115    
   -633.2114      -618.2506      -603.6217      -589.3173    
   -575.3303      -561.6537      -548.2809      -535.2051    
   -522.4198      -509.9189      -497.6960      -485.7451    
   -474.0603      -462.6359      -451.4661      -440.5454    
   -429.8683      -419.4296      -409.2240      -399.2464    
   -389.4918      -379.9554      -370.6323      -361.5179    
   -352.6075      -343.8969      -335.3814      -327.0570    
   -318.9195      -310.9648      -303.1889      -295.5882    
   -288.1587      -280.8968      -273.7991      -266.8620    
   -260.0822      -253.4564      -246.9814      -240.6541    
   -234.4714      -228.4304      -222.5282      -216.7619    
   -211.1289      -205.6262      -200.2514      -195.0018    
   -189.8749      -184.8680      -179.9789      -175.2050    
   -170.5439      -165.9933      -161.5509      -157.2144    
   -152.9816      -148.8501      -144.8178      -140.8826    
   -137.0423      -133.2948      -129.6380      -126.0699    
   -122.5884      -119.1915      -115.8773      -112.6439    
   -109.4893      -106.4117      -103.4093      -100.4803    
   -97.62290      -94.83548      -92.11637      -89.46395    
   -86.87666      -84.35300      -81.89150      -79.49075    
   -77.14941      -74.86615      -72.63972      -70.46892    
   -68.35257      -66.28956      -64.27881      -62.31926    
   -60.40989      -58.54972      -56.73776      -54.97304    
   -53.25460      -51.58146      -49.95267      -48.36725    
   -46.82421      -45.32255      -43.86129      -42.43942    
   -41.05596      -39.70990      -38.40030      -37.12618    
   -35.88663      -34.68076      -33.50771      -32.36666    
   -31.25681      -30.17744      -29.12783      -28.10731    
   -27.11526      -26.15107      -25.21417      -24.30401    
   -23.42009      -22.56189      -21.72893      -20.92075    
   -20.13689      -19.37690      -18.64035      -17.92678    
   -17.23577      -16.56689      -15.91970      -15.29376    
   -14.68864      -14.10390      -13.53909      -12.99376    
   -12.46747      -11.95976      -11.47018      -10.99826    
   -10.54355      -10.10558      -9.683893      -9.278024    
   -8.887515      -8.511905      -8.150739      -7.803566    
   -7.469937      -7.149413      -6.841558      -6.545944    
   -6.262151      -5.989768      -5.728393      -5.477636    
   -5.237114      -5.006456      -4.785305      -4.573311    
   -4.370140      -4.175468      -3.988982      -3.810382    
   -3.639382      -3.475704      -3.319083      -3.169267    
   -3.026013      -2.889088      -2.758270      -2.633347    
   -2.514115      -2.400378      -2.291948      -2.188646    
   -2.090297      -1.996732      -1.907791      -1.823316    
   -1.743155      -1.667160      -1.595189      -1.527101    
   -1.462764      -1.402046      -1.344822      -1.290970    
   -1.240375      -1.192924      -1.148512      -1.107038    
   -1.068406      -1.032527     -0.9993161     -0.9686963    
  -0.9405947     -0.9149447     -0.8916851     -0.8707605    
  -0.8521203     -0.8357192     -0.8215167     -0.8094769    
  -0.7995679     -0.7917619     -0.7860347     -0.7823654    
 XXXXXXXXXXXX CORE STATES XXXXXXXXXXXXXXXXXXXXXX
                                                      Co18     	   IS=1
  -0.4663531     -0.3192790     -0.2329164    
  -0.2957626      0.7474961     -0.2187596    
   0.1874566      0.1745395      0.1231696E-01
   0.4281162      0.1143615     -0.2427258E-02
   0.4016180E-01  0.2274461E-01   1.808180    
  -0.5729244      0.3156803      -2.485841    
  -0.4028885      0.4815403      0.1083435    
   0.1450092     -0.1093485     -0.8060815    
                                                      Co18     	   IS=2
  -0.4385145     -0.2615618     -0.1840644    
  -0.2770540      0.7659782     -0.9615130E-01
   0.1901664      0.1756827      0.1451583E-01
   0.4284809      0.1142257      0.7318116E-03
   0.3907924E-01  0.2276528E-01   1.483226    
  -0.5997785      0.2379868      -1.108810    
  -0.4040027      0.4783678      0.1684933    
   0.1432420     -0.1092753     -0.7196220    
     5                                                Co18     	  
     1    0    0
   -556.2399      -556.2394    
     2    0    0
   -65.44597      -65.36900    
     2    1    0
   -56.05017      -55.99092    
     3    0    0
   -7.055728      -6.908197    
     3    1    0
   -4.386106      -4.243650    
