#  Bulk results for: Co, IVXC=0, NK=   30
     3                                                      # NL
    .3484850       .5303000E-01   .1071400E-01
    27.00000       2.621800       2.621800                  # AZ, WSR
   -.4833459E-01                                            # Fermi Energy
     .0E+00                                                 # Pot.Shift
     0                                                      # SW
     2                                                      # NS
   400                                                      #     Co     IS=1
    .0000000E+00  -2699804.      -1330291.      -873974.3    
   -645954.9      -509252.8      -418208.1      -353252.1    
   -304600.6      -266818.1      -236642.9      -211999.8    
   -191505.1      -174200.9      -159403.0      -146609.8    
   -135444.9      -125620.6      -116913.0      -109145.6    
   -102176.9      -95892.55      -90198.95      -85018.76    
   -80287.57      -75951.25      -71964.00      -68286.84    
   -64886.32      -61733.64      -58803.82      -56075.13    
   -53528.53      -51147.31      -48916.72      -46823.71    
   -44856.66      -43005.23      -41260.16      -39613.14    
   -38056.69      -36584.08      -35189.20      -33866.52    
   -32611.02      -31418.12      -30283.64      -29203.75    
   -28174.96      -27194.05      -26258.06      -25364.28    
   -24510.19      -23693.46      -22911.95      -22163.67    
   -21446.76      -20759.52      -20100.34      -19467.73    
   -18860.31      -18276.77      -17715.91      -17176.59    
   -16657.75      -16158.39      -15677.58      -15214.43    
   -14768.12      -14337.88      -13922.97      -13522.69    
   -13136.40      -12763.48      -12403.35      -12055.46    
   -11719.29      -11394.34      -11080.15      -10776.28    
   -10482.30      -10197.81      -9922.446      -9655.834    
   -9397.634      -9147.521      -8905.184      -8670.327    
   -8442.668      -8221.937      -8007.879      -7800.247    
   -7598.808      -7403.339      -7213.625      -7029.463    
   -6850.656      -6677.018      -6508.369      -6344.537    
   -6185.359      -6030.677      -5880.339      -5734.200    
   -5592.121      -5453.969      -5319.615      -5188.936    
   -5061.814      -4938.134      -4817.788      -4700.669    
   -4586.677      -4475.714      -4367.687      -4262.504    
   -4160.080      -4060.329      -3963.171      -3868.529    
   -3776.326      -3686.492      -3598.955      -3513.648    
   -3430.507      -3349.468      -3270.470      -3193.456    
   -3118.368      -3045.152      -2973.754      -2904.124    
   -2836.213      -2769.971      -2705.354      -2642.317    
   -2580.815      -2520.808      -2462.254      -2405.115    
   -2349.352      -2294.928      -2241.808      -2189.958    
   -2139.343      -2089.931      -2041.690      -1994.591    
   -1948.603      -1903.698      -1859.848      -1817.025    
   -1775.204      -1734.358      -1694.464      -1655.497    
   -1617.433      -1580.251      -1543.927      -1508.442    
   -1473.773      -1439.900      -1406.805      -1374.467    
   -1342.869      -1311.991      -1281.817      -1252.330    
   -1223.513      -1195.349      -1167.823      -1140.919    
   -1114.624      -1088.921      -1063.798      -1039.239    
   -1015.233      -991.7652      -968.8238      -946.3961    
   -924.4701      -903.0342      -882.0770      -861.5872    
   -841.5542      -821.9673      -802.8164      -784.0914    
   -765.7826      -747.8806      -730.3761      -713.2601    
   -696.5239      -680.1590      -664.1570      -648.5100    
   -633.2099      -618.2492      -603.6203      -589.3159    
   -575.3290      -561.6525      -548.2797      -535.2040    
   -522.4188      -509.9180      -497.6952      -485.7444    
   -474.0597      -462.6354      -451.4658      -440.5452    
   -429.8683      -419.4298      -409.2244      -399.2470    
   -389.4927      -379.9565      -370.6336      -361.5195    
   -352.6094      -343.8990      -335.3839      -327.0599    
   -318.9227      -310.9684      -303.1929      -295.5926    
   -288.1635      -280.9021      -273.8049      -266.8683    
   -260.0891      -253.4638      -246.9894      -240.6627    
   -234.4807      -228.4404      -222.5390      -216.7735    
   -211.1412      -205.6394      -200.2655      -195.0169    
   -189.8909      -184.8852      -179.9971      -175.2244    
   -170.5645      -166.0153      -161.5743      -157.2392    
   -153.0079      -148.8781      -144.8476      -140.9142    
   -137.0758      -133.3304      -129.6758      -126.1099    
   -122.6308      -119.2365      -115.9251      -112.6945    
   -109.5430      -106.4686      -103.4696      -100.5442    
   -97.69058      -94.90717      -92.19226      -89.54427    
   -86.96163      -84.44283      -81.98642      -79.59098    
   -77.25515      -74.97761      -72.75707      -70.59232    
   -68.48216      -66.42544      -64.42104      -62.46786    
   -60.56483      -58.71091      -56.90505      -55.14624    
   -53.43343      -51.76562      -50.14178      -48.56089    
   -47.02191      -45.52385      -44.06566      -42.64636    
   -41.26494      -39.92044      -38.61189      -37.33838    
   -36.09900      -34.89291      -33.71928      -32.57733    
   -31.46631      -30.38551      -29.33426      -28.31193    
   -27.31791      -26.35163      -25.41254      -24.50012    
   -23.61387      -22.75330      -21.91794      -21.10734    
   -20.32106      -19.55864      -18.81967      -18.10369    
   -17.41029      -16.73904      -16.08950      -15.46123    
   -14.85382      -14.26680      -13.69974      -13.15220    
   -12.62371      -12.11383      -11.62210      -11.14807    
   -10.69125      -10.25120      -9.827449      -9.419532    
   -9.026986      -8.649351      -8.286167      -7.936981    
   -7.601342      -7.278805      -6.968932      -6.671292    
   -6.385460      -6.111023      -5.847573      -5.594716    
   -5.352064      -5.119244      -4.895890      -4.681651    
   -4.476186      -4.279165      -4.090272      -3.909203    
   -3.735663      -3.569374      -3.410065      -3.257479    
   -3.111372      -2.971507      -2.837662      -2.709622    
   -2.587185      -2.470156      -2.358351      -2.251594    
   -2.149716      -2.052558      -1.959967      -1.871796    
   -1.787905      -1.708160      -1.632433      -1.560600    
   -1.492543      -1.428148      -1.367306      -1.309912    
   -1.255865      -1.205069      -1.157433      -1.112867    
   -1.071288      -1.032618      -.9967807      -.9637055    
   -.9333261      -.9055804      -.8804108      -.8577637    
   -.8375898      -.8198439      -.8044848      -.7914751    
   -.7807810      -.7723720      -.7662211      -.7623039    
   400                                                      #     Co     IS=2
    .0000000E+00  -2699804.      -1330291.      -873974.3    
   -645954.9      -509252.8      -418208.1      -353252.1    
   -304600.6      -266818.1      -236642.9      -211999.8    
   -191505.1      -174200.9      -159403.0      -146609.8    
   -135444.9      -125620.6      -116913.0      -109145.6    
   -102176.9      -95892.55      -90198.95      -85018.77    
   -80287.57      -75951.25      -71964.00      -68286.84    
   -64886.32      -61733.64      -58803.82      -56075.13    
   -53528.53      -51147.31      -48916.72      -46823.71    
   -44856.66      -43005.23      -41260.16      -39613.14    
   -38056.69      -36584.08      -35189.20      -33866.52    
   -32611.02      -31418.12      -30283.64      -29203.75    
   -28174.96      -27194.05      -26258.07      -25364.28    
   -24510.19      -23693.46      -22911.95      -22163.67    
   -21446.76      -20759.52      -20100.34      -19467.73    
   -18860.31      -18276.77      -17715.91      -17176.59    
   -16657.75      -16158.39      -15677.58      -15214.43    
   -14768.13      -14337.88      -13922.97      -13522.69    
   -13136.40      -12763.48      -12403.35      -12055.46    
   -11719.29      -11394.34      -11080.15      -10776.28    
   -10482.30      -10197.81      -9922.447      -9655.834    
   -9397.635      -9147.522      -8905.185      -8670.328    
   -8442.669      -8221.938      -8007.880      -7800.248    
   -7598.809      -7403.340      -7213.626      -7029.464    
   -6850.657      -6677.018      -6508.369      -6344.538    
   -6185.360      -6030.678      -5880.340      -5734.201    
   -5592.122      -5453.970      -5319.616      -5188.937    
   -5061.815      -4938.135      -4817.789      -4700.670    
   -4586.678      -4475.715      -4367.688      -4262.505    
   -4160.080      -4060.330      -3963.172      -3868.529    
   -3776.327      -3686.493      -3598.956      -3513.649    
   -3430.508      -3349.469      -3270.471      -3193.457    
   -3118.369      -3045.152      -2973.755      -2904.125    
   -2836.213      -2769.972      -2705.355      -2642.317    
   -2580.816      -2520.808      -2462.255      -2405.115    
   -2349.352      -2294.929      -2241.809      -2189.958    
   -2139.343      -2089.931      -2041.691      -1994.592    
   -1948.604      -1903.699      -1859.848      -1817.026    
   -1775.204      -1734.359      -1694.464      -1655.497    
   -1617.434      -1580.251      -1543.928      -1508.442    
   -1473.773      -1439.901      -1406.805      -1374.468    
   -1342.869      -1311.992      -1281.818      -1252.331    
   -1223.513      -1195.349      -1167.823      -1140.920    
   -1114.624      -1088.922      -1063.798      -1039.240    
   -1015.233      -991.7658      -968.8243      -946.3966    
   -924.4707      -903.0348      -882.0775      -861.5878    
   -841.5547      -821.9679      -802.8169      -784.0919    
   -765.7831      -747.8811      -730.3765      -713.2605    
   -696.5243      -680.1594      -664.1574      -648.5103    
   -633.2102      -618.2495      -603.6205      -589.3161    
   -575.3291      -561.6526      -548.2797      -535.2039    
   -522.4187      -509.9177      -497.6948      -485.7439    
   -474.0592      -462.6347      -451.4649      -440.5442    
   -429.8672      -419.4285      -409.2229      -399.2453    
   -389.4907      -379.9543      -370.6312      -361.5168    
   -352.6064      -343.8957      -335.3803      -327.0559    
   -318.9184      -310.9637      -303.1878      -295.5871    
   -288.1576      -280.8957      -273.7980      -266.8609    
   -260.0811      -253.4553      -246.9803      -240.6530    
   -234.4703      -228.4294      -222.5271      -216.7609    
   -211.1278      -205.6252      -200.2504      -195.0008    
   -189.8738      -184.8670      -179.9779      -175.2039    
   -170.5429      -165.9923      -161.5499      -157.2134    
   -152.9806      -148.8491      -144.8169      -140.8817    
   -137.0414      -133.2939      -129.6371      -126.0689    
   -122.5874      -119.1906      -115.8764      -112.6429    
   -109.4884      -106.4108      -103.4084      -100.4794    
   -97.62200      -94.83459      -92.11549      -89.46307    
   -86.87580      -84.35214      -81.89065      -79.48992    
   -77.14858      -74.86533      -72.63892      -70.46812    
   -68.35179      -66.28879      -64.27805      -62.31851    
   -60.40916      -58.54900      -56.73705      -54.97234    
   -53.25391      -51.58078      -49.95200      -48.36658    
   -46.82355      -45.32190      -43.86064      -42.43878    
   -41.05531      -39.70926      -38.39965      -37.12554    
   -35.88599      -34.68012      -33.50706      -32.36600    
   -31.25615      -30.17677      -29.12715      -28.10663    
   -27.11457      -26.15036      -25.21345      -24.30329    
   -23.41935      -22.56114      -21.72817      -20.91998    
   -20.13611      -19.37611      -18.63954      -17.92596    
   -17.23494      -16.56605      -15.91884      -15.29289    
   -14.68776      -14.10300      -13.53818      -12.99284    
   -12.46654      -11.95881      -11.46922      -10.99728    
   -10.54256      -10.10457      -9.682870      -9.276986    
   -8.886460      -8.510835      -8.149653      -7.802463    
   -7.468818      -7.148277      -6.840404      -6.544773    
   -6.260962      -5.988561      -5.727169      -5.476393    
   -5.235852      -5.005177      -4.784006      -4.571994    
   -4.368804      -4.174112      -3.987607      -3.808989    
   -3.637969      -3.474271      -3.317632      -3.167797    
   -3.024523      -2.887579      -2.756743      -2.631802    
   -2.512551      -2.398796      -2.290349      -2.187029    
   -2.088663      -1.995082      -1.906125      -1.821634    
   -1.741458      -1.665448      -1.593462      -1.525361    
   -1.461010      -1.400280      -1.343043      -1.289180    
   -1.238574      -1.191112      -1.146690      -1.105206    
   -1.066565      -1.030677      -.9974587      -.9668313    
   -.9387226      -.9130659      -.8898002      -.8688698    
   -.8502243      -.8338183      -.8196112      -.8075671    
   -.7976541      -.7898444      -.7841137      -.7804410    
 XXXXXXXXXXXXXXXXXXXXXXXXXXXXXXXXXXXXXXXXXXXX
                                                      Co           IS=1
   -.4650639      -.3174657      -.2314246    
   -.2937760       .7494822      -.2170883    
    .1874561       .1745391       .1231226E-01
    .4281306       .1143627      -.2410688E-02
    .4014583E-01   .2274345E-01   1.808173    
   -.5712798       .3159802      -2.479833    
   -.4029842       .4815564       .1084700    
    .1449804      -.1093462      -.8061050    
                                                      Co           IS=2
   -.4371887      -.2597329      -.1827710    
   -.2752902       .7677144      -.9497717E-01
    .1901573       .1756713       .1450355E-01
    .4284879       .1142231       .7316285E-03
    .3907382E-01   .2276828E-01   1.484287    
   -.5987347       .2379175      -1.109416    
   -.4040545       .4783550       .1683899    
    .1432313      -.1092841      -.7199277    
     5                                                Co          
     1    0    0
   -556.2387      -556.2383    
     2    0    0
   -65.44476      -65.36809    
     2    1    0
   -56.04898      -55.98997    
     3    0    0
   -7.054163      -6.907212    
     3    1    0
   -4.384519      -4.242626    
