#  Interface results for: Cu1, IVXC=0, NK=   30
     3                                                      # NL
   0.3484850      0.5303000E-01  0.1071400E-01
    29.00000       2.621800       2.621800                  # AZ, WSR, WSR(avrg)
  -0.4939294E-01                                            # Fermi Energy
    0.0E+00                                                 # Pot.Shift
     0                                                      # SW
     2                                                      # NS
   400                                                      #     Cu1    IS=1
    0.000000      -2899782.      -1428823.      -938705.0    
   -693795.2      -546967.0      -449178.2      -379410.6    
   -327155.3      -286574.0      -254163.7      -227695.1    
   -205682.2      -187096.3      -171202.3      -157461.4    
   -145469.5      -134917.4      -125564.8      -117222.0    
   -109737.1      -102987.2      -96871.86      -91307.95    
   -86226.29      -81568.75      -77286.15      -73336.59    
   -69684.17      -66297.95      -63151.11      -60220.28    
   -57485.04      -54927.42      -52531.60      -50283.54    
   -48170.78      -46182.20      -44307.86      -42538.82    
   -40867.08      -39285.38      -37787.17      -36366.51    
   -35018.00      -33736.73      -32518.21      -31358.32    
   -30253.32      -29199.74      -28194.42      -27234.43    
   -26317.06      -25439.83      -24600.43      -23796.71    
   -23026.70      -22288.54      -21580.53      -20901.05    
   -20248.63      -19621.87      -19019.46      -18440.19    
   -17882.91      -17346.56      -16830.12      -16332.67    
   -15853.30      -15391.18      -14945.53      -14515.60    
   -14100.70      -13700.15      -13313.35      -12939.68    
   -12578.61      -12229.59      -11892.13      -11565.75    
   -11249.99      -10944.44      -10648.67      -10362.31    
   -10084.99      -9816.351      -9556.066      -9303.815    
   -9059.296      -8822.219      -8592.309      -8369.302    
   -8152.948      -7943.005      -7739.245      -7541.448    
   -7349.404      -7162.912      -6981.779      -6805.821    
   -6634.862      -6468.732      -6307.269      -6150.317    
   -5997.727      -5849.354      -5705.062      -5564.717    
   -5428.193      -5295.368      -5166.123      -5040.346    
   -4917.928      -4798.765      -4682.754      -4569.801    
   -4459.810      -4352.691      -4248.359      -4146.730    
   -4047.721      -3951.257      -3857.261      -3765.662    
   -3676.389      -3589.375      -3504.554      -3421.864    
   -3341.244      -3262.636      -3185.981      -3111.226    
   -3038.317      -2967.202      -2897.833      -2830.162    
   -2764.140      -2699.725      -2636.871      -2575.537    
   -2515.682      -2457.266      -2400.251      -2344.600    
   -2290.276      -2237.245      -2185.473      -2134.927    
   -2085.576      -2037.387      -1990.332      -1944.381    
   -1899.505      -1855.678      -1812.873      -1771.064    
   -1730.226      -1690.334      -1651.365      -1613.296    
   -1576.104      -1539.767      -1504.265      -1469.577    
   -1435.683      -1402.563      -1370.199      -1338.571    
   -1307.664      -1277.458      -1247.936      -1219.084    
   -1190.884      -1163.320      -1136.379      -1110.044    
   -1084.302      -1059.138      -1034.539      -1010.492    
   -986.9830      -964.0006      -941.5321      -919.5657    
   -898.0897      -877.0929      -856.5642      -836.4930    
   -816.8689      -797.6817      -778.9216      -760.5788    
   -742.6442      -725.1084      -707.9627      -691.1984    
   -674.8069      -658.7801      -643.1099      -627.7884    
   -612.8079      -598.1611      -583.8404      -569.8388    
   -556.1492      -542.7649      -529.6791      -516.8852    
   -504.3768      -492.1476      -480.1915      -468.5024    
   -457.0745      -445.9021      -434.9793      -424.3009    
   -413.8613      -403.6554      -393.6779      -383.9240    
   -374.3887      -365.0673      -355.9552      -347.0477    
   -338.3407      -329.8296      -321.5105      -313.3792    
   -305.4317      -297.6643      -290.0732      -282.6546    
   -275.4051      -268.3211      -261.3992      -254.6362    
   -248.0287      -241.5735      -235.2676      -229.1079    
   -223.0914      -217.2151      -211.4761      -205.8717    
   -200.3989      -195.0551      -189.8375      -184.7435    
   -179.7704      -174.9156      -170.1767      -165.5509    
   -161.0360      -156.6294      -152.3287      -148.1315    
   -144.0355      -140.0384      -136.1380      -132.3320    
   -128.6183      -124.9946      -121.4591      -118.0095    
   -114.6439      -111.3604      -108.1571      -105.0322    
   -101.9839      -99.01040      -96.11013      -93.28145    
   -90.52279      -87.83266      -85.20959      -82.65216    
   -80.15902      -77.72882      -75.36027      -73.05209    
   -70.80304      -68.61189      -66.47742      -64.39841    
   -62.37366      -60.40197      -58.48213      -56.61295    
   -54.79323      -53.02179      -51.29746      -49.61908    
   -47.98552      -46.39566      -44.84845      -43.34284    
   -41.87783      -40.45246      -39.06581      -37.71701    
   -36.40522      -35.12966      -33.88955      -32.68418    
   -31.51287      -30.37495      -29.26978      -28.19677    
   -27.15530      -26.14481      -25.16473      -24.21451    
   -23.29361      -22.40147      -21.53756      -20.70135    
   -19.89229      -19.10985      -18.35348      -17.62264    
   -16.91678      -16.23534      -15.57777      -14.94350    
   -14.33197      -13.74262      -13.17486      -12.62813    
   -12.10185      -11.59544      -11.10834      -10.63997    
   -10.18976      -9.757142      -9.341559      -8.942452    
   -8.559274      -8.191484      -7.838548      -7.499944    
   -7.175157      -6.863688      -6.565043      -6.278746    
   -6.004331      -5.741344      -5.489347      -5.247914    
   -5.016634      -4.795109      -4.582957      -4.379808    
   -4.185307      -3.999114      -3.820900      -3.650353    
   -3.487171      -3.331069      -3.181769      -3.039011    
   -2.902542      -2.772123      -2.647526      -2.528532    
   -2.414932      -2.306527      -2.203127      -2.104551    
   -2.010625      -1.921183      -1.836066      -1.755124    
   -1.678211      -1.605188      -1.535922      -1.470287    
   -1.408162      -1.349431      -1.293984      -1.241715    
   -1.192524      -1.146317      -1.103003      -1.062498    
   -1.024722     -0.9895977     -0.9570562     -0.9270312    
  -0.8994614     -0.8742901     -0.8514649     -0.8309380    
  -0.8126655     -0.7966078     -0.7827292     -0.7709980    
  -0.7613860     -0.7538686     -0.7484245     -0.7450356    
   400                                                      #     Cu1    IS=2
    0.000000      -2899782.      -1428823.      -938705.0    
   -693795.2      -546967.0      -449178.2      -379410.6    
   -327155.3      -286574.0      -254163.7      -227695.1    
   -205682.2      -187096.3      -171202.3      -157461.4    
   -145469.5      -134917.4      -125564.8      -117222.0    
   -109737.1      -102987.2      -96871.86      -91307.95    
   -86226.29      -81568.75      -77286.15      -73336.59    
   -69684.17      -66297.95      -63151.11      -60220.28    
   -57485.04      -54927.42      -52531.60      -50283.54    
   -48170.78      -46182.20      -44307.86      -42538.82    
   -40867.08      -39285.38      -37787.17      -36366.51    
   -35018.00      -33736.73      -32518.21      -31358.32    
   -30253.32      -29199.74      -28194.42      -27234.43    
   -26317.06      -25439.83      -24600.43      -23796.71    
   -23026.70      -22288.54      -21580.53      -20901.05    
   -20248.63      -19621.87      -19019.46      -18440.19    
   -17882.91      -17346.56      -16830.12      -16332.67    
   -15853.30      -15391.18      -14945.53      -14515.60    
   -14100.70      -13700.15      -13313.35      -12939.68    
   -12578.61      -12229.59      -11892.13      -11565.75    
   -11249.99      -10944.44      -10648.67      -10362.31    
   -10084.99      -9816.351      -9556.066      -9303.815    
   -9059.296      -8822.219      -8592.309      -8369.302    
   -8152.948      -7943.005      -7739.245      -7541.448    
   -7349.404      -7162.912      -6981.779      -6805.821    
   -6634.862      -6468.732      -6307.269      -6150.317    
   -5997.727      -5849.354      -5705.062      -5564.717    
   -5428.193      -5295.368      -5166.123      -5040.346    
   -4917.928      -4798.765      -4682.754      -4569.801    
   -4459.810      -4352.691      -4248.359      -4146.730    
   -4047.721      -3951.257      -3857.261      -3765.662    
   -3676.389      -3589.375      -3504.554      -3421.864    
   -3341.244      -3262.636      -3185.981      -3111.226    
   -3038.317      -2967.202      -2897.833      -2830.162    
   -2764.140      -2699.725      -2636.871      -2575.537    
   -2515.682      -2457.266      -2400.251      -2344.600    
   -2290.276      -2237.245      -2185.473      -2134.927    
   -2085.576      -2037.387      -1990.332      -1944.381    
   -1899.505      -1855.678      -1812.873      -1771.064    
   -1730.226      -1690.334      -1651.365      -1613.296    
   -1576.104      -1539.767      -1504.265      -1469.577    
   -1435.683      -1402.563      -1370.199      -1338.571    
   -1307.664      -1277.458      -1247.936      -1219.084    
   -1190.884      -1163.320      -1136.379      -1110.044    
   -1084.302      -1059.138      -1034.539      -1010.492    
   -986.9830      -964.0006      -941.5322      -919.5657    
   -898.0897      -877.0929      -856.5642      -836.4930    
   -816.8689      -797.6817      -778.9216      -760.5788    
   -742.6442      -725.1084      -707.9627      -691.1984    
   -674.8069      -658.7801      -643.1099      -627.7884    
   -612.8079      -598.1611      -583.8404      -569.8388    
   -556.1492      -542.7649      -529.6791      -516.8852    
   -504.3768      -492.1476      -480.1915      -468.5024    
   -457.0745      -445.9021      -434.9793      -424.3009    
   -413.8613      -403.6554      -393.6779      -383.9240    
   -374.3887      -365.0673      -355.9552      -347.0477    
   -338.3407      -329.8296      -321.5105      -313.3792    
   -305.4317      -297.6643      -290.0732      -282.6546    
   -275.4051      -268.3211      -261.3992      -254.6362    
   -248.0287      -241.5735      -235.2676      -229.1079    
   -223.0914      -217.2151      -211.4761      -205.8717    
   -200.3989      -195.0551      -189.8375      -184.7435    
   -179.7704      -174.9156      -170.1767      -165.5509    
   -161.0360      -156.6294      -152.3287      -148.1315    
   -144.0355      -140.0384      -136.1380      -132.3320    
   -128.6183      -124.9946      -121.4590      -118.0095    
   -114.6439      -111.3604      -108.1571      -105.0322    
   -101.9839      -99.01040      -96.11013      -93.28145    
   -90.52279      -87.83266      -85.20958      -82.65216    
   -80.15901      -77.72881      -75.36026      -73.05209    
   -70.80304      -68.61189      -66.47741      -64.39841    
   -62.37366      -60.40196      -58.48213      -56.61294    
   -54.79323      -53.02179      -51.29745      -49.61907    
   -47.98551      -46.39566      -44.84845      -43.34283    
   -41.87782      -40.45245      -39.06580      -37.71700    
   -36.40522      -35.12965      -33.88954      -32.68418    
   -31.51286      -30.37494      -29.26978      -28.19676    
   -27.15529      -26.14480      -25.16473      -24.21451    
   -23.29360      -22.40146      -21.53756      -20.70134    
   -19.89229      -19.10984      -18.35348      -17.62264    
   -16.91677      -16.23533      -15.57776      -14.94350    
   -14.33197      -13.74261      -13.17485      -12.62812    
   -12.10184      -11.59544      -11.10834      -10.63997    
   -10.18975      -9.757138      -9.341554      -8.942448    
   -8.559270      -8.191480      -7.838544      -7.499940    
   -7.175154      -6.863684      -6.565040      -6.278743    
   -6.004327      -5.741341      -5.489344      -5.247911    
   -5.016631      -4.795107      -4.582954      -4.379805    
   -4.185305      -3.999111      -3.820898      -3.650351    
   -3.487170      -3.331067      -3.181768      -3.039009    
   -2.902541      -2.772122      -2.647525      -2.528531    
   -2.414931      -2.306527      -2.203127      -2.104552    
   -2.010626      -1.921184      -1.836068      -1.755126    
   -1.678213      -1.605190      -1.535925      -1.470290    
   -1.408166      -1.349435      -1.293988      -1.241719    
   -1.192529      -1.146322      -1.103009      -1.062504    
   -1.024727     -0.9896035     -0.9570623     -0.9270375    
  -0.8994679     -0.8742968     -0.8514718     -0.8309449    
  -0.8126725     -0.7966149     -0.7827364     -0.7710052    
  -0.7613932     -0.7538758     -0.7484316     -0.7450426    
 XXXXXXXXXXXX CORE STATES XXXXXXXXXXXXXXXXXXXXXX
                                                      Cu1     	    IS=1
  -0.4980614     -0.3426201     -0.2803575    
  -0.3834961      0.6483678     -0.2712831    
   0.1754445      0.1655775      0.9703834E-02
   0.4234277      0.1121548     -0.3333961E-02
   0.5024118E-01  0.2598558E-01   2.341336    
  -0.6890481      0.2563680      -2.573636    
  -0.3841273      0.4713495      0.9435116E-01
   0.1596677     -0.1170053     -0.9161922    
                                                      Cu1     	    IS=2
  -0.4980799     -0.3425801     -0.2803568    
  -0.3835005      0.6483600     -0.2712801    
   0.1754449      0.1655765      0.9703927E-02
   0.4234281      0.1121543     -0.3333955E-02
   0.5024051E-01  0.2598627E-01   2.341318    
  -0.6890119      0.2562903      -2.573539    
  -0.3841298      0.4713444      0.9435366E-01
   0.1596667     -0.1170068     -0.9161878    
     5                                                Cu1     	   
     1    0    0
   -648.9598      -648.9598    
     2    0    0
   -77.83123      -77.83123    
     2    1    0
   -67.23910      -67.23910    
     3    0    0
   -8.284390      -8.284386    
     3    1    0
   -5.184519      -5.184515    
