#  Interface results for: Cu3, IVXC=0, NK=   30
     3                                                      # NL
   0.3484850      0.5303000E-01  0.1071400E-01
    29.00000       2.621800       2.621800                  # AZ, WSR, WSR(avrg)
  -0.4939294E-01                                            # Fermi Energy
    0.0E+00                                                 # Pot.Shift
     0                                                      # SW
     2                                                      # NS
   400                                                      #     Cu3    IS=1
    0.000000      -2899782.      -1428823.      -938705.0    
   -693795.2      -546967.0      -449178.2      -379410.6    
   -327155.3      -286574.0      -254163.7      -227695.1    
   -205682.2      -187096.3      -171202.3      -157461.4    
   -145469.5      -134917.4      -125564.8      -117222.0    
   -109737.1      -102987.2      -96871.86      -91307.95    
   -86226.29      -81568.75      -77286.15      -73336.59    
   -69684.17      -66297.95      -63151.11      -60220.28    
   -57485.04      -54927.42      -52531.60      -50283.54    
   -48170.78      -46182.20      -44307.86      -42538.82    
   -40867.08      -39285.38      -37787.17      -36366.51    
   -35018.00      -33736.73      -32518.21      -31358.32    
   -30253.32      -29199.74      -28194.42      -27234.43    
   -26317.06      -25439.83      -24600.43      -23796.71    
   -23026.70      -22288.54      -21580.53      -20901.05    
   -20248.63      -19621.87      -19019.46      -18440.19    
   -17882.91      -17346.56      -16830.12      -16332.67    
   -15853.30      -15391.18      -14945.53      -14515.60    
   -14100.70      -13700.15      -13313.35      -12939.68    
   -12578.61      -12229.59      -11892.13      -11565.75    
   -11249.99      -10944.44      -10648.67      -10362.31    
   -10084.99      -9816.351      -9556.066      -9303.815    
   -9059.296      -8822.219      -8592.309      -8369.302    
   -8152.948      -7943.005      -7739.245      -7541.448    
   -7349.404      -7162.912      -6981.779      -6805.821    
   -6634.862      -6468.732      -6307.269      -6150.317    
   -5997.727      -5849.354      -5705.062      -5564.717    
   -5428.193      -5295.368      -5166.123      -5040.346    
   -4917.928      -4798.765      -4682.754      -4569.801    
   -4459.810      -4352.691      -4248.359      -4146.730    
   -4047.721      -3951.257      -3857.261      -3765.662    
   -3676.389      -3589.375      -3504.554      -3421.864    
   -3341.244      -3262.636      -3185.981      -3111.226    
   -3038.317      -2967.202      -2897.833      -2830.162    
   -2764.140      -2699.725      -2636.871      -2575.537    
   -2515.682      -2457.266      -2400.251      -2344.600    
   -2290.276      -2237.245      -2185.473      -2134.927    
   -2085.576      -2037.387      -1990.332      -1944.381    
   -1899.505      -1855.678      -1812.873      -1771.064    
   -1730.226      -1690.334      -1651.365      -1613.296    
   -1576.104      -1539.767      -1504.265      -1469.577    
   -1435.683      -1402.563      -1370.199      -1338.571    
   -1307.664      -1277.458      -1247.937      -1219.084    
   -1190.884      -1163.320      -1136.379      -1110.044    
   -1084.302      -1059.138      -1034.539      -1010.492    
   -986.9830      -964.0006      -941.5322      -919.5657    
   -898.0897      -877.0929      -856.5642      -836.4930    
   -816.8689      -797.6817      -778.9216      -760.5789    
   -742.6442      -725.1085      -707.9627      -691.1984    
   -674.8069      -658.7801      -643.1099      -627.7884    
   -612.8080      -598.1611      -583.8404      -569.8388    
   -556.1493      -542.7649      -529.6791      -516.8852    
   -504.3768      -492.1476      -480.1915      -468.5025    
   -457.0746      -445.9021      -434.9794      -424.3009    
   -413.8613      -403.6554      -393.6780      -383.9240    
   -374.3888      -365.0674      -355.9552      -347.0478    
   -338.3407      -329.8297      -321.5105      -313.3792    
   -305.4318      -297.6644      -290.0732      -282.6546    
   -275.4051      -268.3211      -261.3993      -254.6362    
   -248.0287      -241.5736      -235.2676      -229.1079    
   -223.0914      -217.2151      -211.4761      -205.8717    
   -200.3989      -195.0551      -189.8375      -184.7435    
   -179.7704      -174.9157      -170.1767      -165.5510    
   -161.0360      -156.6294      -152.3287      -148.1315    
   -144.0355      -140.0385      -136.1380      -132.3320    
   -128.6183      -124.9947      -121.4591      -118.0095    
   -114.6439      -111.3604      -108.1571      -105.0322    
   -101.9839      -99.01042      -96.11015      -93.28147    
   -90.52281      -87.83268      -85.20961      -82.65218    
   -80.15904      -77.72884      -75.36029      -73.05211    
   -70.80306      -68.61191      -66.47744      -64.39843    
   -62.37368      -60.40199      -58.48215      -56.61297    
   -54.79325      -53.02181      -51.29748      -49.61910    
   -47.98554      -46.39569      -44.84847      -43.34286    
   -41.87785      -40.45248      -39.06583      -37.71703    
   -36.40525      -35.12968      -33.88957      -32.68421    
   -31.51289      -30.37497      -29.26981      -28.19679    
   -27.15532      -26.14483      -25.16476      -24.21454    
   -23.29363      -22.40149      -21.53758      -20.70137    
   -19.89231      -19.10987      -18.35350      -17.62266    
   -16.91680      -16.23536      -15.57779      -14.94352    
   -14.33200      -13.74264      -13.17488      -12.62815    
   -12.10187      -11.59547      -11.10836      -10.63999    
   -10.18978      -9.757166      -9.341582      -8.942476    
   -8.559298      -8.191508      -7.838572      -7.499968    
   -7.175182      -6.863712      -6.565068      -6.278771    
   -6.004356      -5.741370      -5.489373      -5.247941    
   -5.016661      -4.795137      -4.582986      -4.379837    
   -4.185337      -3.999144      -3.820931      -3.650385    
   -3.487204      -3.331102      -3.181804      -3.039046    
   -2.902579      -2.772161      -2.647565      -2.528572    
   -2.414973      -2.306570      -2.203172      -2.104597    
   -2.010672      -1.921232      -1.836117      -1.755177    
   -1.678265      -1.605244      -1.535980      -1.470347    
   -1.408224      -1.349495      -1.294049      -1.241782    
   -1.192594      -1.146388      -1.103077      -1.062573    
   -1.024798     -0.9896765     -0.9571368     -0.9271136    
  -0.8995456     -0.8743760     -0.8515526     -0.8310273    
  -0.8127564     -0.7967002     -0.7828232     -0.7710935    
  -0.7614829     -0.7539669     -0.7485241     -0.7451365    
   400                                                      #     Cu3    IS=2
    0.000000      -2899782.      -1428823.      -938705.0    
   -693795.2      -546967.0      -449178.2      -379410.6    
   -327155.3      -286574.0      -254163.7      -227695.1    
   -205682.2      -187096.3      -171202.3      -157461.4    
   -145469.5      -134917.4      -125564.8      -117222.0    
   -109737.1      -102987.2      -96871.86      -91307.95    
   -86226.29      -81568.75      -77286.15      -73336.59    
   -69684.17      -66297.95      -63151.11      -60220.28    
   -57485.04      -54927.42      -52531.60      -50283.54    
   -48170.78      -46182.20      -44307.86      -42538.82    
   -40867.08      -39285.38      -37787.17      -36366.51    
   -35018.00      -33736.73      -32518.21      -31358.32    
   -30253.32      -29199.74      -28194.42      -27234.43    
   -26317.06      -25439.83      -24600.43      -23796.71    
   -23026.70      -22288.54      -21580.53      -20901.05    
   -20248.63      -19621.87      -19019.46      -18440.19    
   -17882.91      -17346.56      -16830.12      -16332.67    
   -15853.30      -15391.18      -14945.53      -14515.60    
   -14100.70      -13700.15      -13313.35      -12939.68    
   -12578.61      -12229.59      -11892.13      -11565.75    
   -11249.99      -10944.44      -10648.67      -10362.31    
   -10084.99      -9816.351      -9556.066      -9303.815    
   -9059.296      -8822.219      -8592.309      -8369.302    
   -8152.948      -7943.005      -7739.245      -7541.448    
   -7349.404      -7162.912      -6981.779      -6805.821    
   -6634.862      -6468.732      -6307.269      -6150.317    
   -5997.727      -5849.354      -5705.062      -5564.717    
   -5428.193      -5295.368      -5166.123      -5040.346    
   -4917.928      -4798.765      -4682.754      -4569.801    
   -4459.810      -4352.691      -4248.359      -4146.730    
   -4047.721      -3951.257      -3857.261      -3765.662    
   -3676.389      -3589.375      -3504.554      -3421.864    
   -3341.244      -3262.636      -3185.981      -3111.226    
   -3038.317      -2967.202      -2897.833      -2830.162    
   -2764.140      -2699.725      -2636.871      -2575.537    
   -2515.682      -2457.266      -2400.251      -2344.600    
   -2290.276      -2237.245      -2185.473      -2134.927    
   -2085.576      -2037.387      -1990.332      -1944.381    
   -1899.505      -1855.678      -1812.873      -1771.064    
   -1730.226      -1690.334      -1651.365      -1613.296    
   -1576.104      -1539.767      -1504.265      -1469.577    
   -1435.683      -1402.563      -1370.199      -1338.571    
   -1307.664      -1277.458      -1247.937      -1219.084    
   -1190.884      -1163.320      -1136.379      -1110.044    
   -1084.302      -1059.138      -1034.539      -1010.492    
   -986.9830      -964.0006      -941.5322      -919.5657    
   -898.0897      -877.0929      -856.5642      -836.4930    
   -816.8689      -797.6817      -778.9216      -760.5789    
   -742.6442      -725.1085      -707.9627      -691.1984    
   -674.8069      -658.7801      -643.1099      -627.7884    
   -612.8080      -598.1611      -583.8404      -569.8388    
   -556.1493      -542.7649      -529.6791      -516.8852    
   -504.3768      -492.1476      -480.1915      -468.5025    
   -457.0746      -445.9021      -434.9794      -424.3009    
   -413.8613      -403.6554      -393.6780      -383.9240    
   -374.3888      -365.0673      -355.9552      -347.0478    
   -338.3407      -329.8297      -321.5105      -313.3792    
   -305.4318      -297.6643      -290.0732      -282.6546    
   -275.4051      -268.3211      -261.3993      -254.6362    
   -248.0287      -241.5735      -235.2676      -229.1079    
   -223.0914      -217.2151      -211.4761      -205.8717    
   -200.3989      -195.0551      -189.8375      -184.7435    
   -179.7704      -174.9157      -170.1767      -165.5510    
   -161.0360      -156.6294      -152.3287      -148.1315    
   -144.0355      -140.0385      -136.1380      -132.3320    
   -128.6183      -124.9947      -121.4591      -118.0095    
   -114.6439      -111.3604      -108.1571      -105.0322    
   -101.9839      -99.01042      -96.11015      -93.28147    
   -90.52281      -87.83268      -85.20960      -82.65218    
   -80.15903      -77.72883      -75.36028      -73.05211    
   -70.80306      -68.61191      -66.47744      -64.39843    
   -62.37368      -60.40199      -58.48215      -56.61297    
   -54.79325      -53.02181      -51.29748      -49.61909    
   -47.98553      -46.39568      -44.84847      -43.34286    
   -41.87784      -40.45247      -39.06583      -37.71703    
   -36.40524      -35.12967      -33.88956      -32.68420    
   -31.51289      -30.37496      -29.26980      -28.19678    
   -27.15532      -26.14483      -25.16475      -24.21453    
   -23.29362      -22.40149      -21.53758      -20.70137    
   -19.89231      -19.10987      -18.35350      -17.62266    
   -16.91680      -16.23536      -15.57779      -14.94352    
   -14.33199      -13.74264      -13.17488      -12.62815    
   -12.10187      -11.59546      -11.10836      -10.63999    
   -10.18978      -9.757163      -9.341580      -8.942473    
   -8.559296      -8.191506      -7.838570      -7.499966    
   -7.175180      -6.863710      -6.565066      -6.278769    
   -6.004354      -5.741368      -5.489371      -5.247938    
   -5.016659      -4.795134      -4.582982      -4.379834    
   -4.185333      -3.999140      -3.820927      -3.650380    
   -3.487199      -3.331096      -3.181797      -3.039039    
   -2.902571      -2.772153      -2.647556      -2.528562    
   -2.414963      -2.306558      -2.203159      -2.104584    
   -2.010658      -1.921217      -1.836101      -1.755159    
   -1.678247      -1.605224      -1.535959      -1.470326    
   -1.408201      -1.349471      -1.294025      -1.241757    
   -1.192567      -1.146361      -1.103048      -1.062544    
   -1.024768     -0.9896457     -0.9571055     -0.9270817    
  -0.8995132     -0.8743432     -0.8515194     -0.8309938    
  -0.8127228     -0.7966665     -0.7827895     -0.7710598    
  -0.7614494     -0.7539335     -0.7484910     -0.7451038    
 XXXXXXXXXXXX CORE STATES XXXXXXXXXXXXXXXXXXXXXX
                                                      Cu3     	    IS=1
  -0.4980671     -0.3425540     -0.2803881    
  -0.3835691      0.6482842     -0.2713146    
   0.1754458      0.1655751      0.9704326E-02
   0.4234262      0.1121532     -0.3334981E-02
   0.5024271E-01  0.2598754E-01   2.341287    
  -0.6892244      0.2561180      -2.573691    
  -0.3841182      0.4713338      0.9435245E-01
   0.1596702     -0.1170096     -0.9161781    
                                                      Cu3     	    IS=2
  -0.4981165     -0.3426822     -0.2803826    
  -0.3835431      0.6483221     -0.2713071    
   0.1754456      0.1655786      0.9704115E-02
   0.4234281      0.1121551     -0.3334438E-02
   0.5024035E-01  0.2598512E-01   2.341303    
  -0.6890290      0.2563868      -2.573596    
  -0.3841296      0.4713517      0.9435341E-01
   0.1596664     -0.1170043     -0.9161832    
     5                                                Cu3     	   
     1    0    0
   -648.9598      -648.9598    
     2    0    0
   -77.83125      -77.83125    
     2    1    0
   -67.23912      -67.23912    
     3    0    0
   -8.284414      -8.284409    
     3    1    0
   -5.184544      -5.184539    
