#  Interface results for: Cu4, IVXC=0, NK=   30
     3                                                      # NL
   0.3484850      0.5303000E-01  0.1071400E-01
    29.00000       2.621800       2.621800                  # AZ, WSR, WSR(avrg)
  -0.4939294E-01                                            # Fermi Energy
    0.0E+00                                                 # Pot.Shift
     0                                                      # SW
     2                                                      # NS
   400                                                      #     Cu4    IS=1
    0.000000      -2899782.      -1428823.      -938705.0    
   -693795.2      -546967.0      -449178.2      -379410.6    
   -327155.3      -286574.0      -254163.7      -227695.1    
   -205682.2      -187096.3      -171202.3      -157461.4    
   -145469.5      -134917.4      -125564.8      -117222.0    
   -109737.1      -102987.2      -96871.86      -91307.95    
   -86226.29      -81568.75      -77286.15      -73336.59    
   -69684.17      -66297.95      -63151.11      -60220.28    
   -57485.04      -54927.42      -52531.60      -50283.54    
   -48170.78      -46182.20      -44307.86      -42538.83    
   -40867.08      -39285.38      -37787.17      -36366.51    
   -35018.00      -33736.73      -32518.21      -31358.32    
   -30253.32      -29199.74      -28194.42      -27234.43    
   -26317.06      -25439.83      -24600.43      -23796.71    
   -23026.70      -22288.54      -21580.53      -20901.05    
   -20248.63      -19621.87      -19019.46      -18440.19    
   -17882.91      -17346.56      -16830.12      -16332.67    
   -15853.30      -15391.18      -14945.53      -14515.60    
   -14100.70      -13700.15      -13313.35      -12939.68    
   -12578.61      -12229.59      -11892.13      -11565.75    
   -11249.99      -10944.44      -10648.67      -10362.31    
   -10084.99      -9816.351      -9556.066      -9303.815    
   -9059.296      -8822.219      -8592.309      -8369.302    
   -8152.948      -7943.005      -7739.245      -7541.448    
   -7349.404      -7162.912      -6981.779      -6805.822    
   -6634.862      -6468.733      -6307.269      -6150.317    
   -5997.727      -5849.354      -5705.062      -5564.717    
   -5428.193      -5295.368      -5166.123      -5040.346    
   -4917.928      -4798.765      -4682.755      -4569.801    
   -4459.810      -4352.692      -4248.359      -4146.730    
   -4047.721      -3951.257      -3857.261      -3765.662    
   -3676.389      -3589.375      -3504.554      -3421.865    
   -3341.245      -3262.636      -3185.981      -3111.226    
   -3038.317      -2967.203      -2897.834      -2830.162    
   -2764.140      -2699.725      -2636.871      -2575.537    
   -2515.682      -2457.266      -2400.251      -2344.600    
   -2290.276      -2237.245      -2185.474      -2134.928    
   -2085.576      -2037.387      -1990.332      -1944.381    
   -1899.505      -1855.678      -1812.873      -1771.064    
   -1730.226      -1690.334      -1651.365      -1613.296    
   -1576.104      -1539.767      -1504.265      -1469.577    
   -1435.683      -1402.563      -1370.199      -1338.572    
   -1307.664      -1277.458      -1247.937      -1219.084    
   -1190.884      -1163.320      -1136.379      -1110.044    
   -1084.302      -1059.138      -1034.539      -1010.492    
   -986.9831      -964.0007      -941.5323      -919.5658    
   -898.0898      -877.0930      -856.5643      -836.4931    
   -816.8690      -797.6818      -778.9217      -760.5789    
   -742.6443      -725.1085      -707.9628      -691.1985    
   -674.8070      -658.7802      -643.1100      -627.7885    
   -612.8080      -598.1612      -583.8405      -569.8389    
   -556.1493      -542.7650      -529.6792      -516.8853    
   -504.3769      -492.1477      -480.1916      -468.5025    
   -457.0746      -445.9022      -434.9794      -424.3010    
   -413.8614      -403.6555      -393.6780      -383.9241    
   -374.3888      -365.0674      -355.9553      -347.0478    
   -338.3408      -329.8297      -321.5106      -313.3793    
   -305.4318      -297.6644      -290.0733      -282.6547    
   -275.4052      -268.3212      -261.3993      -254.6363    
   -248.0288      -241.5736      -235.2677      -229.1080    
   -223.0915      -217.2152      -211.4762      -205.8718    
   -200.3990      -195.0552      -189.8376      -184.7436    
   -179.7705      -174.9157      -170.1768      -165.5510    
   -161.0361      -156.6295      -152.3288      -148.1316    
   -144.0356      -140.0385      -136.1381      -132.3321    
   -128.6184      -124.9947      -121.4591      -118.0096    
   -114.6440      -111.3605      -108.1572      -105.0323    
   -101.9840      -99.01049      -96.11022      -93.28154    
   -90.52288      -87.83275      -85.20967      -82.65225    
   -80.15910      -77.72890      -75.36035      -73.05218    
   -70.80313      -68.61198      -66.47750      -64.39849    
   -62.37375      -60.40205      -58.48221      -56.61303    
   -54.79331      -53.02187      -51.29754      -49.61916    
   -47.98559      -46.39574      -44.84853      -43.34292    
   -41.87791      -40.45254      -39.06589      -37.71709    
   -36.40530      -35.12973      -33.88963      -32.68426    
   -31.51295      -30.37503      -29.26987      -28.19685    
   -27.15538      -26.14489      -25.16482      -24.21460    
   -23.29369      -22.40155      -21.53765      -20.70143    
   -19.89238      -19.10993      -18.35357      -17.62273    
   -16.91686      -16.23543      -15.57785      -14.94359    
   -14.33206      -13.74271      -13.17495      -12.62822    
   -12.10194      -11.59553      -11.10843      -10.64006    
   -10.18985      -9.757235      -9.341651      -8.942546    
   -8.559368      -8.191578      -7.838643      -7.500039    
   -7.175254      -6.863784      -6.565140      -6.278844    
   -6.004429      -5.741443      -5.489446      -5.248014    
   -5.016735      -4.795211      -4.583059      -4.379911    
   -4.185410      -3.999217      -3.821004      -3.650458    
   -3.487277      -3.331175      -3.181876      -3.039118    
   -2.902650      -2.772232      -2.647636      -2.528642    
   -2.415043      -2.306638      -2.203239      -2.104664    
   -2.010738      -1.921297      -1.836181      -1.755239    
   -1.678327      -1.605304      -1.536039      -1.470405    
   -1.408281      -1.349550      -1.294103      -1.241835    
   -1.192645      -1.146438      -1.103125      -1.062621    
   -1.024844     -0.9897209     -0.9571799     -0.9271554    
  -0.8995861     -0.8744152     -0.8515904     -0.8310638    
  -0.8127916     -0.7967342     -0.7828559     -0.7711249    
  -0.7615130     -0.7539956     -0.7485514     -0.7451624    
   400                                                      #     Cu4    IS=2
    0.000000      -2899782.      -1428823.      -938705.0    
   -693795.2      -546967.0      -449178.2      -379410.6    
   -327155.3      -286574.0      -254163.7      -227695.1    
   -205682.2      -187096.3      -171202.3      -157461.4    
   -145469.5      -134917.4      -125564.8      -117222.0    
   -109737.1      -102987.2      -96871.86      -91307.95    
   -86226.29      -81568.75      -77286.15      -73336.59    
   -69684.17      -66297.95      -63151.11      -60220.28    
   -57485.04      -54927.42      -52531.60      -50283.54    
   -48170.78      -46182.20      -44307.86      -42538.83    
   -40867.08      -39285.38      -37787.17      -36366.51    
   -35018.00      -33736.73      -32518.21      -31358.32    
   -30253.32      -29199.74      -28194.42      -27234.43    
   -26317.06      -25439.83      -24600.43      -23796.71    
   -23026.70      -22288.54      -21580.53      -20901.05    
   -20248.63      -19621.87      -19019.46      -18440.19    
   -17882.91      -17346.56      -16830.12      -16332.67    
   -15853.30      -15391.18      -14945.53      -14515.60    
   -14100.70      -13700.15      -13313.35      -12939.68    
   -12578.61      -12229.59      -11892.13      -11565.75    
   -11249.99      -10944.44      -10648.67      -10362.31    
   -10084.99      -9816.351      -9556.066      -9303.815    
   -9059.296      -8822.219      -8592.309      -8369.302    
   -8152.948      -7943.005      -7739.245      -7541.448    
   -7349.404      -7162.912      -6981.779      -6805.822    
   -6634.862      -6468.733      -6307.269      -6150.317    
   -5997.727      -5849.354      -5705.062      -5564.717    
   -5428.193      -5295.368      -5166.123      -5040.346    
   -4917.928      -4798.765      -4682.755      -4569.801    
   -4459.810      -4352.692      -4248.359      -4146.730    
   -4047.721      -3951.257      -3857.261      -3765.662    
   -3676.389      -3589.375      -3504.554      -3421.865    
   -3341.245      -3262.636      -3185.981      -3111.226    
   -3038.317      -2967.203      -2897.834      -2830.162    
   -2764.140      -2699.725      -2636.871      -2575.537    
   -2515.682      -2457.266      -2400.251      -2344.600    
   -2290.276      -2237.245      -2185.474      -2134.928    
   -2085.576      -2037.387      -1990.332      -1944.381    
   -1899.505      -1855.678      -1812.873      -1771.064    
   -1730.226      -1690.334      -1651.365      -1613.296    
   -1576.104      -1539.767      -1504.265      -1469.577    
   -1435.683      -1402.563      -1370.199      -1338.572    
   -1307.664      -1277.458      -1247.937      -1219.084    
   -1190.884      -1163.320      -1136.379      -1110.044    
   -1084.302      -1059.138      -1034.539      -1010.492    
   -986.9831      -964.0007      -941.5323      -919.5658    
   -898.0898      -877.0930      -856.5643      -836.4931    
   -816.8690      -797.6818      -778.9217      -760.5789    
   -742.6443      -725.1085      -707.9628      -691.1985    
   -674.8070      -658.7802      -643.1100      -627.7885    
   -612.8080      -598.1612      -583.8405      -569.8389    
   -556.1494      -542.7650      -529.6792      -516.8853    
   -504.3769      -492.1477      -480.1916      -468.5025    
   -457.0746      -445.9022      -434.9794      -424.3010    
   -413.8614      -403.6555      -393.6780      -383.9241    
   -374.3888      -365.0674      -355.9553      -347.0478    
   -338.3408      -329.8297      -321.5106      -313.3793    
   -305.4319      -297.6644      -290.0733      -282.6547    
   -275.4052      -268.3212      -261.3993      -254.6363    
   -248.0288      -241.5736      -235.2677      -229.1080    
   -223.0915      -217.2152      -211.4762      -205.8718    
   -200.3990      -195.0552      -189.8376      -184.7436    
   -179.7705      -174.9157      -170.1768      -165.5510    
   -161.0361      -156.6295      -152.3288      -148.1316    
   -144.0356      -140.0385      -136.1381      -132.3321    
   -128.6184      -124.9947      -121.4592      -118.0096    
   -114.6440      -111.3605      -108.1572      -105.0323    
   -101.9840      -99.01051      -96.11024      -93.28156    
   -90.52290      -87.83277      -85.20970      -82.65227    
   -80.15913      -77.72893      -75.36038      -73.05220    
   -70.80316      -68.61201      -66.47753      -64.39852    
   -62.37378      -60.40208      -58.48225      -56.61307    
   -54.79335      -53.02191      -51.29758      -49.61919    
   -47.98563      -46.39578      -44.84857      -43.34296    
   -41.87795      -40.45257      -39.06593      -37.71713    
   -36.40534      -35.12977      -33.88967      -32.68430    
   -31.51299      -30.37506      -29.26990      -28.19688    
   -27.15542      -26.14493      -25.16485      -24.21463    
   -23.29372      -22.40158      -21.53768      -20.70146    
   -19.89241      -19.10996      -18.35360      -17.62275    
   -16.91689      -16.23545      -15.57788      -14.94361    
   -14.33209      -13.74273      -13.17497      -12.62824    
   -12.10196      -11.59556      -11.10845      -10.64008    
   -10.18987      -9.757255      -9.341671      -8.942565    
   -8.559387      -8.191597      -7.838661      -7.500057    
   -7.175271      -6.863801      -6.565157      -6.278860    
   -6.004445      -5.741459      -5.489462      -5.248030    
   -5.016750      -4.795226      -4.583074      -4.379926    
   -4.185426      -3.999233      -3.821020      -3.650473    
   -3.487293      -3.331191      -3.181892      -3.039135    
   -2.902667      -2.772250      -2.647654      -2.528660    
   -2.415062      -2.306658      -2.203260      -2.104685    
   -2.010760      -1.921320      -1.836205      -1.755264    
   -1.678352      -1.605331      -1.536067      -1.470434    
   -1.408310      -1.349581      -1.294135      -1.241867    
   -1.192678      -1.146473      -1.103161      -1.062657    
   -1.024881     -0.9897590     -0.9572188     -0.9271950    
  -0.8996263     -0.8744561     -0.8516319     -0.8311058    
  -0.8128341     -0.7967771     -0.7828991     -0.7711684    
  -0.7615567     -0.7540395     -0.7485955     -0.7452066    
 XXXXXXXXXXXX CORE STATES XXXXXXXXXXXXXXXXXXXXXX
                                                      Cu4     	    IS=1
  -0.4981968     -0.3427369     -0.2804594    
  -0.3836158      0.6482480     -0.2713789    
   0.1754452      0.1655778      0.9704142E-02
   0.4234282      0.1121549     -0.3333994E-02
   0.5024024E-01  0.2598549E-01   2.341276    
  -0.6890087      0.2563595      -2.573387    
  -0.3841303      0.4713493      0.9435797E-01
   0.1596663     -0.1170051     -0.9161780    
                                                      Cu4     	    IS=2
  -0.4981334     -0.3425992     -0.2804726    
  -0.3836510      0.6481995     -0.2714043    
   0.1754453      0.1655738      0.9704224E-02
   0.4234257      0.1121527     -0.3335116E-02
   0.5024350E-01  0.2598824E-01   2.341314    
  -0.6892639      0.2560582      -2.573908    
  -0.3841152      0.4713293      0.9434733E-01
   0.1596714     -0.1170112     -0.9161841    
     5                                                Cu4     	   
     1    0    0
   -648.9599      -648.9599    
     2    0    0
   -77.83132      -77.83134    
     2    1    0
   -67.23920      -67.23921    
     3    0    0
   -8.284480      -8.284505    
     3    1    0
   -5.184610      -5.184634    
