#  Interface results for: Cu5, IVXC=0, NK=   30
     3                                                      # NL
   0.3484850      0.5303000E-01  0.1071400E-01
    29.00000       2.621800       2.621800                  # AZ, WSR, WSR(avrg)
  -0.4939294E-01                                            # Fermi Energy
    0.0E+00                                                 # Pot.Shift
     0                                                      # SW
     2                                                      # NS
   400                                                      #     Cu5    IS=1
    0.000000      -2899782.      -1428823.      -938705.0    
   -693795.2      -546967.0      -449178.2      -379410.6    
   -327155.3      -286574.0      -254163.7      -227695.1    
   -205682.2      -187096.3      -171202.3      -157461.4    
   -145469.5      -134917.4      -125564.8      -117222.0    
   -109737.1      -102987.2      -96871.86      -91307.95    
   -86226.29      -81568.75      -77286.15      -73336.59    
   -69684.17      -66297.95      -63151.11      -60220.28    
   -57485.04      -54927.42      -52531.60      -50283.54    
   -48170.78      -46182.20      -44307.86      -42538.82    
   -40867.08      -39285.38      -37787.17      -36366.51    
   -35018.00      -33736.73      -32518.20      -31358.32    
   -30253.32      -29199.74      -28194.42      -27234.43    
   -26317.06      -25439.83      -24600.43      -23796.71    
   -23026.70      -22288.54      -21580.53      -20901.05    
   -20248.63      -19621.87      -19019.46      -18440.19    
   -17882.91      -17346.56      -16830.12      -16332.67    
   -15853.30      -15391.18      -14945.53      -14515.60    
   -14100.70      -13700.15      -13313.35      -12939.68    
   -12578.61      -12229.59      -11892.13      -11565.75    
   -11249.99      -10944.44      -10648.67      -10362.31    
   -10084.99      -9816.351      -9556.066      -9303.815    
   -9059.296      -8822.219      -8592.309      -8369.302    
   -8152.948      -7943.005      -7739.245      -7541.448    
   -7349.404      -7162.912      -6981.779      -6805.821    
   -6634.862      -6468.732      -6307.269      -6150.317    
   -5997.726      -5849.354      -5705.061      -5564.717    
   -5428.193      -5295.368      -5166.123      -5040.346    
   -4917.928      -4798.765      -4682.754      -4569.800    
   -4459.810      -4352.691      -4248.359      -4146.729    
   -4047.721      -3951.257      -3857.261      -3765.662    
   -3676.389      -3589.375      -3504.554      -3421.864    
   -3341.244      -3262.635      -3185.981      -3111.226    
   -3038.316      -2967.202      -2897.833      -2830.161    
   -2764.140      -2699.724      -2636.871      -2575.537    
   -2515.682      -2457.266      -2400.251      -2344.600    
   -2290.276      -2237.245      -2185.473      -2134.927    
   -2085.576      -2037.387      -1990.332      -1944.380    
   -1899.505      -1855.678      -1812.873      -1771.064    
   -1730.226      -1690.334      -1651.365      -1613.295    
   -1576.103      -1539.767      -1504.265      -1469.577    
   -1435.683      -1402.563      -1370.198      -1338.571    
   -1307.663      -1277.457      -1247.936      -1219.084    
   -1190.884      -1163.320      -1136.379      -1110.044    
   -1084.301      -1059.138      -1034.539      -1010.491    
   -986.9829      -964.0005      -941.5320      -919.5656    
   -898.0896      -877.0928      -856.5641      -836.4929    
   -816.8688      -797.6816      -778.9214      -760.5787    
   -742.6441      -725.1083      -707.9626      -691.1983    
   -674.8068      -658.7800      -643.1098      -627.7883    
   -612.8078      -598.1609      -583.8403      -569.8387    
   -556.1491      -542.7648      -529.6790      -516.8850    
   -504.3766      -492.1475      -480.1914      -468.5023    
   -457.0744      -445.9019      -434.9792      -424.3008    
   -413.8612      -403.6553      -393.6778      -383.9239    
   -374.3886      -365.0672      -355.9551      -347.0476    
   -338.3406      -329.8295      -321.5104      -313.3791    
   -305.4316      -297.6642      -290.0731      -282.6545    
   -275.4050      -268.3210      -261.3991      -254.6361    
   -248.0286      -241.5734      -235.2675      -229.1078    
   -223.0913      -217.2150      -211.4760      -205.8716    
   -200.3988      -195.0550      -189.8374      -184.7434    
   -179.7703      -174.9155      -170.1766      -165.5508    
   -161.0359      -156.6293      -152.3286      -148.1314    
   -144.0354      -140.0383      -136.1379      -132.3319    
   -128.6182      -124.9945      -121.4590      -118.0094    
   -114.6438      -111.3603      -108.1570      -105.0321    
   -101.9838      -99.01030      -96.11003      -93.28135    
   -90.52270      -87.83256      -85.20949      -82.65207    
   -80.15892      -77.72872      -75.36017      -73.05200    
   -70.80295      -68.61180      -66.47732      -64.39832    
   -62.37357      -60.40188      -58.48204      -56.61286    
   -54.79314      -53.02170      -51.29737      -49.61898    
   -47.98542      -46.39557      -44.84836      -43.34274    
   -41.87773      -40.45236      -39.06571      -37.71691    
   -36.40513      -35.12956      -33.88945      -32.68409    
   -31.51277      -30.37485      -29.26969      -28.19667    
   -27.15520      -26.14471      -25.16463      -24.21441    
   -23.29351      -22.40137      -21.53746      -20.70125    
   -19.89219      -19.10975      -18.35338      -17.62254    
   -16.91668      -16.23524      -15.57766      -14.94340    
   -14.33187      -13.74251      -13.17475      -12.62802    
   -12.10174      -11.59534      -11.10824      -10.63986    
   -10.18965      -9.757034      -9.341450      -8.942343    
   -8.559164      -8.191373      -7.838437      -7.499831    
   -7.175044      -6.863574      -6.564928      -6.278630    
   -6.004214      -5.741226      -5.489228      -5.247794    
   -5.016513      -4.794987      -4.582834      -4.379684    
   -4.185181      -3.998987      -3.820772      -3.650223    
   -3.487040      -3.330936      -3.181636      -3.038876    
   -2.902406      -2.771986      -2.647387      -2.528391    
   -2.414790      -2.306384      -2.202983      -2.104405    
   -2.010478      -1.921035      -1.835917      -1.754974    
   -1.678059      -1.605035      -1.535769      -1.470134    
   -1.408008      -1.349276      -1.293828      -1.241559    
   -1.192368      -1.146161      -1.102847      -1.062342    
   -1.024565     -0.9894419     -0.9569009     -0.9268765    
  -0.8993075     -0.8741370     -0.8513129     -0.8307871    
  -0.8125159     -0.7964597     -0.7825828     -0.7708533    
  -0.7612432     -0.7537278     -0.7482859     -0.7448993    
   400                                                      #     Cu5    IS=2
    0.000000      -2899782.      -1428823.      -938705.0    
   -693795.2      -546967.0      -449178.2      -379410.6    
   -327155.3      -286574.0      -254163.7      -227695.1    
   -205682.2      -187096.3      -171202.3      -157461.4    
   -145469.5      -134917.4      -125564.8      -117222.0    
   -109737.1      -102987.2      -96871.86      -91307.95    
   -86226.29      -81568.75      -77286.15      -73336.59    
   -69684.17      -66297.95      -63151.11      -60220.28    
   -57485.04      -54927.42      -52531.60      -50283.54    
   -48170.78      -46182.20      -44307.86      -42538.82    
   -40867.08      -39285.38      -37787.17      -36366.51    
   -35018.00      -33736.73      -32518.20      -31358.32    
   -30253.32      -29199.74      -28194.42      -27234.43    
   -26317.06      -25439.83      -24600.43      -23796.71    
   -23026.70      -22288.54      -21580.53      -20901.05    
   -20248.63      -19621.87      -19019.46      -18440.19    
   -17882.91      -17346.56      -16830.12      -16332.67    
   -15853.30      -15391.18      -14945.53      -14515.60    
   -14100.70      -13700.15      -13313.35      -12939.68    
   -12578.61      -12229.59      -11892.13      -11565.75    
   -11249.99      -10944.44      -10648.67      -10362.31    
   -10084.99      -9816.351      -9556.066      -9303.815    
   -9059.296      -8822.219      -8592.309      -8369.302    
   -8152.948      -7943.005      -7739.245      -7541.448    
   -7349.404      -7162.912      -6981.779      -6805.821    
   -6634.862      -6468.732      -6307.269      -6150.317    
   -5997.726      -5849.354      -5705.061      -5564.717    
   -5428.193      -5295.368      -5166.123      -5040.346    
   -4917.928      -4798.765      -4682.754      -4569.800    
   -4459.810      -4352.691      -4248.359      -4146.729    
   -4047.721      -3951.257      -3857.261      -3765.662    
   -3676.389      -3589.375      -3504.554      -3421.864    
   -3341.244      -3262.635      -3185.981      -3111.226    
   -3038.316      -2967.202      -2897.833      -2830.161    
   -2764.140      -2699.724      -2636.871      -2575.537    
   -2515.682      -2457.266      -2400.251      -2344.600    
   -2290.276      -2237.245      -2185.473      -2134.927    
   -2085.576      -2037.387      -1990.332      -1944.380    
   -1899.505      -1855.678      -1812.873      -1771.064    
   -1730.226      -1690.334      -1651.365      -1613.295    
   -1576.103      -1539.767      -1504.265      -1469.577    
   -1435.683      -1402.563      -1370.198      -1338.571    
   -1307.663      -1277.457      -1247.936      -1219.084    
   -1190.884      -1163.320      -1136.379      -1110.044    
   -1084.301      -1059.138      -1034.539      -1010.491    
   -986.9829      -964.0005      -941.5320      -919.5656    
   -898.0896      -877.0928      -856.5641      -836.4929    
   -816.8688      -797.6816      -778.9214      -760.5787    
   -742.6441      -725.1083      -707.9626      -691.1983    
   -674.8068      -658.7800      -643.1098      -627.7883    
   -612.8078      -598.1609      -583.8403      -569.8387    
   -556.1491      -542.7648      -529.6790      -516.8850    
   -504.3767      -492.1475      -480.1914      -468.5023    
   -457.0744      -445.9019      -434.9792      -424.3008    
   -413.8612      -403.6553      -393.6778      -383.9239    
   -374.3886      -365.0672      -355.9551      -347.0476    
   -338.3406      -329.8295      -321.5104      -313.3791    
   -305.4316      -297.6642      -290.0731      -282.6545    
   -275.4050      -268.3210      -261.3991      -254.6361    
   -248.0286      -241.5734      -235.2675      -229.1078    
   -223.0913      -217.2150      -211.4760      -205.8716    
   -200.3988      -195.0550      -189.8374      -184.7434    
   -179.7703      -174.9155      -170.1766      -165.5508    
   -161.0359      -156.6293      -152.3286      -148.1314    
   -144.0354      -140.0383      -136.1379      -132.3319    
   -128.6182      -124.9945      -121.4589      -118.0094    
   -114.6438      -111.3603      -108.1570      -105.0321    
   -101.9838      -99.01029      -96.11002      -93.28134    
   -90.52269      -87.83255      -85.20948      -82.65205    
   -80.15891      -77.72871      -75.36016      -73.05198    
   -70.80293      -68.61178      -66.47731      -64.39830    
   -62.37355      -60.40186      -58.48202      -56.61284    
   -54.79312      -53.02168      -51.29735      -49.61897    
   -47.98540      -46.39555      -44.84834      -43.34273    
   -41.87772      -40.45235      -39.06570      -37.71690    
   -36.40511      -35.12954      -33.88944      -32.68407    
   -31.51276      -30.37484      -29.26967      -28.19665    
   -27.15519      -26.14470      -25.16462      -24.21440    
   -23.29350      -22.40136      -21.53745      -20.70124    
   -19.89218      -19.10974      -18.35337      -17.62253    
   -16.91666      -16.23523      -15.57765      -14.94339    
   -14.33186      -13.74250      -13.17474      -12.62801    
   -12.10173      -11.59533      -11.10822      -10.63985    
   -10.18964      -9.757024      -9.341439      -8.942332    
   -8.559154      -8.191363      -7.838426      -7.499821    
   -7.175035      -6.863564      -6.564919      -6.278621    
   -6.004205      -5.741218      -5.489220      -5.247787    
   -5.016506      -4.794981      -4.582829      -4.379679    
   -4.185178      -3.998984      -3.820770      -3.650223    
   -3.487041      -3.330938      -3.181639      -3.038881    
   -2.902412      -2.771994      -2.647397      -2.528403    
   -2.414804      -2.306400      -2.203001      -2.104426    
   -2.010501      -1.921060      -1.835945      -1.755004    
   -1.678092      -1.605070      -1.535806      -1.470174    
   -1.408050      -1.349321      -1.293876      -1.241609    
   -1.192420      -1.146215      -1.102904      -1.062401    
   -1.024626     -0.9895043     -0.9569650     -0.9269421    
  -0.8993744     -0.8742052     -0.8513820     -0.8308571    
  -0.8125865     -0.7965307     -0.7826541     -0.7709247    
  -0.7613144     -0.7537987     -0.7483563     -0.7449690    
 XXXXXXXXXXXX CORE STATES XXXXXXXXXXXXXXXXXXXXXX
                                                      Cu5     	    IS=1
  -0.4979709     -0.3425422     -0.2802429    
  -0.3833493      0.6485195     -0.2711674    
   0.1754448      0.1655792      0.9703445E-02
   0.4234290      0.1121557     -0.3333459E-02
   0.5023937E-01  0.2598451E-01   2.341392    
  -0.6889026      0.2564858      -2.573568    
  -0.3841362      0.4713576      0.9435066E-01
   0.1596648     -0.1170029     -0.9162062    
                                                      Cu5     	    IS=2
  -0.4979525     -0.3422433     -0.2802476    
  -0.3834001      0.6484418     -0.2711674    
   0.1754460      0.1655714      0.9704051E-02
   0.4234276      0.1121513     -0.3334230E-02
   0.5024085E-01  0.2598995E-01   2.341309    
  -0.6890838      0.2558743      -2.573396    
  -0.3841267      0.4713172      0.9435737E-01
   0.1596672     -0.1170149     -0.9161844    
     5                                                Cu5     	   
     1    0    0
   -648.9597      -648.9597    
     2    0    0
   -77.83113      -77.83113    
     2    1    0
   -67.23900      -67.23900    
     3    0    0
   -8.284284      -8.284274    
     3    1    0
   -5.184411      -5.184403    
