#  Interface results for: Cu6, IVXC=0, NK=   30
     3                                                      # NL
   0.3484850      0.5303000E-01  0.1071400E-01
    29.00000       2.621800       2.621800                  # AZ, WSR, WSR(avrg)
  -0.4939294E-01                                            # Fermi Energy
    0.0E+00                                                 # Pot.Shift
     0                                                      # SW
     2                                                      # NS
   400                                                      #     Cu6    IS=1
    0.000000      -2899782.      -1428823.      -938705.0    
   -693795.2      -546967.0      -449178.2      -379410.6    
   -327155.3      -286574.0      -254163.7      -227695.1    
   -205682.2      -187096.3      -171202.3      -157461.4    
   -145469.5      -134917.4      -125564.8      -117222.0    
   -109737.1      -102987.2      -96871.86      -91307.95    
   -86226.29      -81568.75      -77286.15      -73336.59    
   -69684.17      -66297.95      -63151.11      -60220.28    
   -57485.04      -54927.42      -52531.60      -50283.54    
   -48170.78      -46182.20      -44307.86      -42538.82    
   -40867.08      -39285.38      -37787.17      -36366.51    
   -35018.00      -33736.73      -32518.20      -31358.32    
   -30253.32      -29199.74      -28194.42      -27234.43    
   -26317.06      -25439.83      -24600.43      -23796.71    
   -23026.70      -22288.54      -21580.53      -20901.05    
   -20248.63      -19621.87      -19019.46      -18440.19    
   -17882.91      -17346.56      -16830.12      -16332.67    
   -15853.30      -15391.18      -14945.53      -14515.60    
   -14100.70      -13700.15      -13313.35      -12939.68    
   -12578.61      -12229.59      -11892.13      -11565.75    
   -11249.99      -10944.44      -10648.67      -10362.31    
   -10084.99      -9816.351      -9556.066      -9303.815    
   -9059.296      -8822.219      -8592.309      -8369.302    
   -8152.948      -7943.005      -7739.245      -7541.448    
   -7349.404      -7162.912      -6981.779      -6805.821    
   -6634.862      -6468.732      -6307.269      -6150.317    
   -5997.726      -5849.354      -5705.061      -5564.717    
   -5428.193      -5295.368      -5166.123      -5040.346    
   -4917.928      -4798.765      -4682.754      -4569.800    
   -4459.809      -4352.691      -4248.359      -4146.729    
   -4047.721      -3951.257      -3857.261      -3765.662    
   -3676.389      -3589.375      -3504.554      -3421.864    
   -3341.244      -3262.635      -3185.981      -3111.226    
   -3038.316      -2967.202      -2897.833      -2830.161    
   -2764.140      -2699.724      -2636.871      -2575.537    
   -2515.682      -2457.266      -2400.251      -2344.600    
   -2290.276      -2237.245      -2185.473      -2134.927    
   -2085.576      -2037.387      -1990.332      -1944.380    
   -1899.505      -1855.678      -1812.873      -1771.064    
   -1730.226      -1690.334      -1651.365      -1613.295    
   -1576.103      -1539.767      -1504.265      -1469.577    
   -1435.683      -1402.563      -1370.198      -1338.571    
   -1307.663      -1277.457      -1247.936      -1219.084    
   -1190.884      -1163.320      -1136.379      -1110.044    
   -1084.301      -1059.138      -1034.539      -1010.491    
   -986.9829      -964.0005      -941.5320      -919.5656    
   -898.0896      -877.0927      -856.5641      -836.4929    
   -816.8688      -797.6816      -778.9214      -760.5787    
   -742.6440      -725.1083      -707.9626      -691.1982    
   -674.8068      -658.7800      -643.1097      -627.7882    
   -612.8078      -598.1609      -583.8403      -569.8387    
   -556.1491      -542.7648      -529.6789      -516.8850    
   -504.3766      -492.1475      -480.1914      -468.5023    
   -457.0744      -445.9019      -434.9792      -424.3007    
   -413.8612      -403.6552      -393.6778      -383.9239    
   -374.3886      -365.0672      -355.9550      -347.0476    
   -338.3405      -329.8295      -321.5104      -313.3791    
   -305.4316      -297.6642      -290.0730      -282.6545    
   -275.4050      -268.3210      -261.3991      -254.6361    
   -248.0285      -241.5734      -235.2675      -229.1078    
   -223.0913      -217.2150      -211.4760      -205.8715    
   -200.3988      -195.0550      -189.8374      -184.7434    
   -179.7703      -174.9155      -170.1765      -165.5508    
   -161.0359      -156.6293      -152.3285      -148.1314    
   -144.0354      -140.0383      -136.1379      -132.3319    
   -128.6181      -124.9945      -121.4589      -118.0094    
   -114.6438      -111.3603      -108.1570      -105.0321    
   -101.9838      -99.01029      -96.11002      -93.28134    
   -90.52269      -87.83255      -85.20948      -82.65206    
   -80.15891      -77.72871      -75.36016      -73.05199    
   -70.80294      -68.61179      -66.47732      -64.39831    
   -62.37357      -60.40187      -58.48204      -56.61286    
   -54.79314      -53.02170      -51.29737      -49.61898    
   -47.98542      -46.39557      -44.84836      -43.34275    
   -41.87773      -40.45236      -39.06572      -37.71692    
   -36.40513      -35.12956      -33.88945      -32.68409    
   -31.51277      -30.37485      -29.26969      -28.19667    
   -27.15520      -26.14471      -25.16463      -24.21441    
   -23.29351      -22.40137      -21.53746      -20.70125    
   -19.89219      -19.10975      -18.35338      -17.62253    
   -16.91667      -16.23523      -15.57766      -14.94339    
   -14.33186      -13.74251      -13.17475      -12.62801    
   -12.10173      -11.59533      -11.10823      -10.63985    
   -10.18964      -9.757023      -9.341438      -8.942331    
   -8.559152      -8.191361      -7.838424      -7.499818    
   -7.175031      -6.863560      -6.564915      -6.278616    
   -6.004200      -5.741212      -5.489214      -5.247780    
   -5.016499      -4.794974      -4.582821      -4.379671    
   -4.185169      -3.998975      -3.820760      -3.650213    
   -3.487031      -3.330928      -3.181628      -3.038869    
   -2.902401      -2.771982      -2.647385      -2.528391    
   -2.414791      -2.306387      -2.202988      -2.104413    
   -2.010487      -1.921046      -1.835931      -1.754990    
   -1.678078      -1.605057      -1.535793      -1.470160    
   -1.408037      -1.349308      -1.293862      -1.241595    
   -1.192407      -1.146202      -1.102891      -1.062388    
   -1.024614     -0.9894925     -0.9569536     -0.9269312    
  -0.8993640     -0.8741953     -0.8513728     -0.8308485    
  -0.8125787     -0.7965238     -0.7826480     -0.7709196    
  -0.7613105     -0.7537959     -0.7483547     -0.7449688    
   400                                                      #     Cu6    IS=2
    0.000000      -2899782.      -1428823.      -938705.0    
   -693795.2      -546967.0      -449178.2      -379410.6    
   -327155.3      -286574.0      -254163.7      -227695.1    
   -205682.2      -187096.3      -171202.3      -157461.4    
   -145469.5      -134917.4      -125564.8      -117222.0    
   -109737.1      -102987.2      -96871.86      -91307.95    
   -86226.29      -81568.75      -77286.15      -73336.59    
   -69684.17      -66297.95      -63151.11      -60220.28    
   -57485.04      -54927.42      -52531.60      -50283.54    
   -48170.78      -46182.20      -44307.86      -42538.82    
   -40867.08      -39285.38      -37787.17      -36366.51    
   -35018.00      -33736.73      -32518.20      -31358.32    
   -30253.32      -29199.74      -28194.42      -27234.43    
   -26317.06      -25439.83      -24600.43      -23796.71    
   -23026.70      -22288.54      -21580.53      -20901.05    
   -20248.63      -19621.87      -19019.46      -18440.19    
   -17882.91      -17346.56      -16830.12      -16332.67    
   -15853.30      -15391.18      -14945.53      -14515.60    
   -14100.70      -13700.15      -13313.35      -12939.68    
   -12578.61      -12229.59      -11892.13      -11565.75    
   -11249.99      -10944.44      -10648.67      -10362.31    
   -10084.99      -9816.351      -9556.066      -9303.815    
   -9059.296      -8822.219      -8592.309      -8369.302    
   -8152.948      -7943.005      -7739.245      -7541.448    
   -7349.404      -7162.912      -6981.779      -6805.821    
   -6634.862      -6468.732      -6307.269      -6150.317    
   -5997.726      -5849.354      -5705.061      -5564.717    
   -5428.193      -5295.368      -5166.123      -5040.346    
   -4917.928      -4798.765      -4682.754      -4569.800    
   -4459.809      -4352.691      -4248.359      -4146.729    
   -4047.721      -3951.257      -3857.261      -3765.662    
   -3676.389      -3589.375      -3504.554      -3421.864    
   -3341.244      -3262.635      -3185.981      -3111.226    
   -3038.316      -2967.202      -2897.833      -2830.161    
   -2764.140      -2699.724      -2636.871      -2575.537    
   -2515.682      -2457.266      -2400.251      -2344.600    
   -2290.276      -2237.245      -2185.473      -2134.927    
   -2085.576      -2037.387      -1990.332      -1944.380    
   -1899.505      -1855.678      -1812.873      -1771.064    
   -1730.226      -1690.334      -1651.365      -1613.295    
   -1576.103      -1539.767      -1504.265      -1469.577    
   -1435.683      -1402.563      -1370.198      -1338.571    
   -1307.663      -1277.457      -1247.936      -1219.084    
   -1190.884      -1163.320      -1136.379      -1110.044    
   -1084.301      -1059.138      -1034.539      -1010.491    
   -986.9829      -964.0005      -941.5320      -919.5656    
   -898.0896      -877.0927      -856.5641      -836.4929    
   -816.8688      -797.6816      -778.9214      -760.5787    
   -742.6440      -725.1083      -707.9626      -691.1982    
   -674.8068      -658.7800      -643.1097      -627.7882    
   -612.8078      -598.1609      -583.8403      -569.8387    
   -556.1491      -542.7648      -529.6789      -516.8850    
   -504.3766      -492.1474      -480.1913      -468.5023    
   -457.0744      -445.9019      -434.9792      -424.3007    
   -413.8612      -403.6552      -393.6778      -383.9239    
   -374.3886      -365.0672      -355.9550      -347.0476    
   -338.3405      -329.8295      -321.5104      -313.3791    
   -305.4316      -297.6642      -290.0730      -282.6545    
   -275.4050      -268.3210      -261.3991      -254.6360    
   -248.0285      -241.5734      -235.2675      -229.1078    
   -223.0912      -217.2149      -211.4760      -205.8715    
   -200.3988      -195.0550      -189.8374      -184.7434    
   -179.7703      -174.9155      -170.1765      -165.5508    
   -161.0359      -156.6292      -152.3285      -148.1314    
   -144.0354      -140.0383      -136.1379      -132.3319    
   -128.6181      -124.9945      -121.4589      -118.0093    
   -114.6438      -111.3603      -108.1570      -105.0321    
   -101.9837      -99.01026      -96.10999      -93.28131    
   -90.52266      -87.83252      -85.20945      -82.65202    
   -80.15887      -77.72867      -75.36012      -73.05195    
   -70.80290      -68.61175      -66.47727      -64.39826    
   -62.37351      -60.40182      -58.48198      -56.61280    
   -54.79308      -53.02164      -51.29731      -49.61892    
   -47.98536      -46.39551      -44.84830      -43.34268    
   -41.87767      -40.45230      -39.06565      -37.71685    
   -36.40507      -35.12950      -33.88939      -32.68403    
   -31.51271      -30.37479      -29.26963      -28.19661    
   -27.15514      -26.14466      -25.16458      -24.21436    
   -23.29345      -22.40132      -21.53741      -20.70120    
   -19.89214      -19.10970      -18.35333      -17.62249    
   -16.91663      -16.23519      -15.57762      -14.94335    
   -14.33182      -13.74246      -13.17471      -12.62798    
   -12.10170      -11.59529      -11.10819      -10.63982    
   -10.18961      -9.756990      -9.341406      -8.942299    
   -8.559121      -8.191330      -7.838394      -7.499789    
   -7.175002      -6.863532      -6.564887      -6.278589    
   -6.004173      -5.741185      -5.489187      -5.247754    
   -5.016473      -4.794948      -4.582794      -4.379644    
   -4.185143      -3.998948      -3.820733      -3.650185    
   -3.487003      -3.330899      -3.181598      -3.038839    
   -2.902369      -2.771950      -2.647351      -2.528356    
   -2.414755      -2.306350      -2.202949      -2.104372    
   -2.010445      -1.921003      -1.835886      -1.754943    
   -1.678029      -1.605006      -1.535740      -1.470106    
   -1.407981      -1.349250      -1.293803      -1.241534    
   -1.192344      -1.146138      -1.102825      -1.062321    
   -1.024546     -0.9894230     -0.9568829     -0.9268595    
  -0.8992915     -0.8741220     -0.8512988     -0.8307740    
  -0.8125038     -0.7964485     -0.7825725     -0.7708440    
  -0.7612348     -0.7537204     -0.7482794     -0.7448937    
 XXXXXXXXXXXX CORE STATES XXXXXXXXXXXXXXXXXXXXXX
                                                      Cu6     	    IS=1
  -0.4978373     -0.3422539     -0.2802347    
  -0.3833913      0.6484520     -0.2711673    
   0.1754456      0.1655721      0.9703913E-02
   0.4234248      0.1121516     -0.3335043E-02
   0.5024475E-01  0.2598961E-01   2.341376    
  -0.6893589      0.2559059      -2.573936    
  -0.3841100      0.4713195      0.9434521E-01
   0.1596733     -0.1170142     -0.9161981    
                                                      Cu6     	    IS=2
  -0.4980400     -0.3424677     -0.2802122    
  -0.3833281      0.6485366     -0.2711241    
   0.1754461      0.1655784      0.9703735E-02
   0.4234316      0.1121551     -0.3333100E-02
   0.5023557E-01  0.2598523E-01   2.341317    
  -0.6886710      0.2563883      -2.573042    
  -0.3841514      0.4713516      0.9436329E-01
   0.1596589     -0.1170044     -0.9161893    
     5                                                Cu6     	   
     1    0    0
   -648.9596      -648.9596    
     2    0    0
   -77.83112      -77.83109    
     2    1    0
   -67.23899      -67.23897    
     3    0    0
   -8.284277      -8.284236    
     3    1    0
   -5.184405      -5.184364    
