#  Interface results for: Cu7, IVXC=0, NK=   30
     3                                                      # NL
   0.3484850      0.5303000E-01  0.1071400E-01
    29.00000       2.621800       2.621800                  # AZ, WSR, WSR(avrg)
  -0.4939294E-01                                            # Fermi Energy
    0.0E+00                                                 # Pot.Shift
     0                                                      # SW
     2                                                      # NS
   400                                                      #     Cu7    IS=1
    0.000000      -2899782.      -1428823.      -938705.0    
   -693795.2      -546967.0      -449178.2      -379410.6    
   -327155.3      -286574.0      -254163.7      -227695.1    
   -205682.2      -187096.3      -171202.3      -157461.4    
   -145469.5      -134917.4      -125564.8      -117222.0    
   -109737.1      -102987.2      -96871.86      -91307.95    
   -86226.29      -81568.75      -77286.15      -73336.59    
   -69684.17      -66297.95      -63151.11      -60220.28    
   -57485.04      -54927.42      -52531.60      -50283.54    
   -48170.78      -46182.20      -44307.86      -42538.83    
   -40867.08      -39285.38      -37787.17      -36366.51    
   -35018.00      -33736.73      -32518.21      -31358.32    
   -30253.32      -29199.74      -28194.42      -27234.43    
   -26317.06      -25439.83      -24600.43      -23796.71    
   -23026.70      -22288.54      -21580.53      -20901.05    
   -20248.63      -19621.87      -19019.46      -18440.19    
   -17882.91      -17346.56      -16830.12      -16332.67    
   -15853.30      -15391.18      -14945.53      -14515.60    
   -14100.70      -13700.15      -13313.35      -12939.68    
   -12578.61      -12229.59      -11892.13      -11565.75    
   -11249.99      -10944.44      -10648.67      -10362.31    
   -10084.99      -9816.351      -9556.066      -9303.816    
   -9059.296      -8822.219      -8592.309      -8369.302    
   -8152.948      -7943.005      -7739.245      -7541.448    
   -7349.404      -7162.912      -6981.779      -6805.822    
   -6634.863      -6468.733      -6307.269      -6150.317    
   -5997.727      -5849.354      -5705.062      -5564.717    
   -5428.193      -5295.368      -5166.123      -5040.347    
   -4917.929      -4798.765      -4682.755      -4569.801    
   -4459.810      -4352.692      -4248.360      -4146.730    
   -4047.722      -3951.257      -3857.262      -3765.662    
   -3676.389      -3589.375      -3504.554      -3421.865    
   -3341.245      -3262.636      -3185.981      -3111.226    
   -3038.317      -2967.203      -2897.834      -2830.162    
   -2764.140      -2699.725      -2636.871      -2575.537    
   -2515.682      -2457.266      -2400.251      -2344.600    
   -2290.276      -2237.246      -2185.474      -2134.928    
   -2085.576      -2037.387      -1990.332      -1944.381    
   -1899.505      -1855.678      -1812.873      -1771.064    
   -1730.226      -1690.334      -1651.365      -1613.296    
   -1576.104      -1539.767      -1504.265      -1469.577    
   -1435.683      -1402.563      -1370.199      -1338.572    
   -1307.664      -1277.458      -1247.937      -1219.084    
   -1190.884      -1163.321      -1136.379      -1110.044    
   -1084.302      -1059.138      -1034.539      -1010.492    
   -986.9832      -964.0008      -941.5324      -919.5659    
   -898.0899      -877.0931      -856.5644      -836.4932    
   -816.8691      -797.6819      -778.9218      -760.5790    
   -742.6444      -725.1086      -707.9629      -691.1986    
   -674.8071      -658.7803      -643.1101      -627.7886    
   -612.8082      -598.1613      -583.8406      -569.8390    
   -556.1495      -542.7651      -529.6793      -516.8854    
   -504.3770      -492.1478      -480.1917      -468.5026    
   -457.0748      -445.9023      -434.9795      -424.3011    
   -413.8615      -403.6556      -393.6782      -383.9242    
   -374.3889      -365.0675      -355.9554      -347.0480    
   -338.3409      -329.8298      -321.5107      -313.3794    
   -305.4320      -297.6645      -290.0734      -282.6548    
   -275.4053      -268.3213      -261.3994      -254.6364    
   -248.0289      -241.5737      -235.2678      -229.1081    
   -223.0916      -217.2153      -211.4763      -205.8719    
   -200.3991      -195.0553      -189.8377      -184.7437    
   -179.7706      -174.9158      -170.1769      -165.5511    
   -161.0362      -156.6296      -152.3289      -148.1317    
   -144.0357      -140.0386      -136.1382      -132.3322    
   -128.6185      -124.9948      -121.4592      -118.0097    
   -114.6441      -111.3606      -108.1573      -105.0324    
   -101.9841      -99.01059      -96.11032      -93.28164    
   -90.52298      -87.83285      -85.20977      -82.65235    
   -80.15920      -77.72900      -75.36045      -73.05227    
   -70.80322      -68.61207      -66.47760      -64.39859    
   -62.37384      -60.40215      -58.48231      -56.61313    
   -54.79341      -53.02197      -51.29764      -49.61925    
   -47.98569      -46.39584      -44.84863      -43.34302    
   -41.87801      -40.45263      -39.06599      -37.71719    
   -36.40540      -35.12983      -33.88973      -32.68436    
   -31.51305      -30.37513      -29.26996      -28.19695    
   -27.15548      -26.14499      -25.16491      -24.21470    
   -23.29379      -22.40165      -21.53775      -20.70153    
   -19.89248      -19.11003      -18.35367      -17.62282    
   -16.91696      -16.23552      -15.57795      -14.94369    
   -14.33216      -13.74280      -13.17505      -12.62832    
   -12.10204      -11.59563      -11.10853      -10.64016    
   -10.18995      -9.757334      -9.341750      -8.942645    
   -8.559467      -8.191678      -7.838743      -7.500139    
   -7.175354      -6.863884      -6.565241      -6.278945    
   -6.004530      -5.741545      -5.489549      -5.248117    
   -5.016838      -4.795315      -4.583164      -4.380016    
   -4.185517      -3.999325      -3.821113      -3.650567    
   -3.487388      -3.331287      -3.181989      -3.039233    
   -2.902766      -2.772349      -2.647754      -2.528762    
   -2.415164      -2.306762      -2.203364      -2.104791    
   -2.010867      -1.921427      -1.836313      -1.755373    
   -1.678462      -1.605441      -1.536178      -1.470546    
   -1.408423      -1.349694      -1.294248      -1.241981    
   -1.192792      -1.146587      -1.103275      -1.062771    
   -1.024995     -0.9898721     -0.9573314     -0.9273069    
  -0.8997375     -0.8745663     -0.8517410     -0.8312136    
  -0.8129404     -0.7968818     -0.7830021     -0.7712694    
  -0.7616556     -0.7541360     -0.7486894     -0.7452977    
   400                                                      #     Cu7    IS=2
    0.000000      -2899782.      -1428823.      -938705.0    
   -693795.2      -546967.0      -449178.2      -379410.6    
   -327155.3      -286574.0      -254163.7      -227695.1    
   -205682.2      -187096.3      -171202.3      -157461.4    
   -145469.5      -134917.4      -125564.8      -117222.0    
   -109737.1      -102987.2      -96871.86      -91307.95    
   -86226.29      -81568.75      -77286.15      -73336.59    
   -69684.17      -66297.95      -63151.11      -60220.28    
   -57485.04      -54927.42      -52531.60      -50283.54    
   -48170.78      -46182.20      -44307.86      -42538.83    
   -40867.08      -39285.38      -37787.17      -36366.51    
   -35018.00      -33736.73      -32518.21      -31358.32    
   -30253.32      -29199.74      -28194.42      -27234.43    
   -26317.06      -25439.83      -24600.43      -23796.71    
   -23026.70      -22288.54      -21580.53      -20901.05    
   -20248.63      -19621.87      -19019.46      -18440.19    
   -17882.91      -17346.56      -16830.12      -16332.67    
   -15853.30      -15391.18      -14945.53      -14515.60    
   -14100.70      -13700.15      -13313.35      -12939.68    
   -12578.61      -12229.59      -11892.13      -11565.75    
   -11249.99      -10944.44      -10648.67      -10362.31    
   -10084.99      -9816.351      -9556.066      -9303.816    
   -9059.296      -8822.219      -8592.309      -8369.303    
   -8152.948      -7943.005      -7739.245      -7541.448    
   -7349.404      -7162.912      -6981.779      -6805.822    
   -6634.863      -6468.733      -6307.269      -6150.317    
   -5997.727      -5849.354      -5705.062      -5564.717    
   -5428.193      -5295.368      -5166.123      -5040.347    
   -4917.929      -4798.765      -4682.755      -4569.801    
   -4459.810      -4352.692      -4248.360      -4146.730    
   -4047.722      -3951.257      -3857.262      -3765.662    
   -3676.389      -3589.375      -3504.554      -3421.865    
   -3341.245      -3262.636      -3185.981      -3111.226    
   -3038.317      -2967.203      -2897.834      -2830.162    
   -2764.140      -2699.725      -2636.871      -2575.537    
   -2515.682      -2457.266      -2400.251      -2344.600    
   -2290.276      -2237.246      -2185.474      -2134.928    
   -2085.576      -2037.387      -1990.332      -1944.381    
   -1899.505      -1855.678      -1812.873      -1771.064    
   -1730.226      -1690.334      -1651.365      -1613.296    
   -1576.104      -1539.767      -1504.265      -1469.577    
   -1435.683      -1402.563      -1370.199      -1338.572    
   -1307.664      -1277.458      -1247.937      -1219.084    
   -1190.884      -1163.321      -1136.379      -1110.044    
   -1084.302      -1059.138      -1034.539      -1010.492    
   -986.9832      -964.0008      -941.5324      -919.5659    
   -898.0899      -877.0931      -856.5644      -836.4932    
   -816.8691      -797.6819      -778.9218      -760.5790    
   -742.6444      -725.1086      -707.9629      -691.1986    
   -674.8071      -658.7803      -643.1101      -627.7886    
   -612.8081      -598.1613      -583.8406      -569.8390    
   -556.1495      -542.7651      -529.6793      -516.8854    
   -504.3770      -492.1478      -480.1917      -468.5026    
   -457.0747      -445.9023      -434.9795      -424.3011    
   -413.8615      -403.6556      -393.6781      -383.9242    
   -374.3889      -365.0675      -355.9554      -347.0480    
   -338.3409      -329.8298      -321.5107      -313.3794    
   -305.4320      -297.6645      -290.0734      -282.6548    
   -275.4053      -268.3213      -261.3994      -254.6364    
   -248.0289      -241.5737      -235.2678      -229.1081    
   -223.0916      -217.2153      -211.4763      -205.8719    
   -200.3991      -195.0553      -189.8377      -184.7437    
   -179.7706      -174.9158      -170.1769      -165.5511    
   -161.0362      -156.6296      -152.3289      -148.1317    
   -144.0357      -140.0386      -136.1382      -132.3322    
   -128.6185      -124.9948      -121.4593      -118.0097    
   -114.6441      -111.3606      -108.1573      -105.0324    
   -101.9841      -99.01061      -96.11034      -93.28166    
   -90.52301      -87.83287      -85.20980      -82.65238    
   -80.15923      -77.72903      -75.36048      -73.05231    
   -70.80326      -68.61211      -66.47764      -64.39863    
   -62.37388      -60.40219      -58.48235      -56.61317    
   -54.79345      -53.02202      -51.29768      -49.61930    
   -47.98574      -46.39589      -44.84867      -43.34306    
   -41.87805      -40.45268      -39.06603      -37.71723    
   -36.40545      -35.12988      -33.88977      -32.68441    
   -31.51309      -30.37517      -29.27000      -28.19699    
   -27.15552      -26.14503      -25.16495      -24.21473    
   -23.29383      -22.40169      -21.53778      -20.70157    
   -19.89251      -19.11007      -18.35370      -17.62286    
   -16.91700      -16.23556      -15.57799      -14.94372    
   -14.33219      -13.74284      -13.17508      -12.62835    
   -12.10207      -11.59566      -11.10856      -10.64019    
   -10.18998      -9.757362      -9.341778      -8.942672    
   -8.559495      -8.191705      -7.838769      -7.500165    
   -7.175379      -6.863910      -6.565266      -6.278969    
   -6.004554      -5.741568      -5.489572      -5.248140    
   -5.016860      -4.795337      -4.583185      -4.380037    
   -4.185537      -3.999344      -3.821131      -3.650585    
   -3.487404      -3.331302      -3.182003      -3.039246    
   -2.902778      -2.772360      -2.647763      -2.528770    
   -2.415170      -2.306766      -2.203367      -2.104791    
   -2.010865      -1.921423      -1.836307      -1.755364    
   -1.678451      -1.605427      -1.536161      -1.470526    
   -1.408400      -1.349668      -1.294220      -1.241949    
   -1.192757      -1.146549      -1.103233      -1.062727    
   -1.024948     -0.9898219     -0.9572783     -0.9272511    
  -0.8996790     -0.8745052     -0.8516775     -0.8311479    
  -0.8128727     -0.7968122     -0.7829308     -0.7711966    
  -0.7615816     -0.7540611     -0.7486138     -0.7452217    
 XXXXXXXXXXXX CORE STATES XXXXXXXXXXXXXXXXXXXXXX
                                                      Cu7     	    IS=1
  -0.4982723     -0.3426892     -0.2805680    
  -0.3837559      0.6480935     -0.2714866    
   0.1754454      0.1655734      0.9704529E-02
   0.4234267      0.1121525     -0.3334490E-02
   0.5024210E-01  0.2598845E-01   2.341223    
  -0.6891760      0.2560339      -2.573359    
  -0.3841206      0.4713275      0.9436050E-01
   0.1596693     -0.1170117     -0.9161641    
                                                      Cu7     	    IS=2
  -0.4979361     -0.3431116     -0.2805751    
  -0.3837164      0.6481691     -0.2715066    
   0.1754412      0.1655834      0.9703794E-02
   0.4234184      0.1121583     -0.3333986E-02
   0.5025445E-01  0.2598126E-01   2.341344    
  -0.6899379      0.2568442      -2.573884    
  -0.3840710      0.4713807      0.9434566E-01
   0.1596886     -0.1169957     -0.9161943    
     5                                                Cu7     	   
     1    0    0
   -648.9600      -648.9600    
     2    0    0
   -77.83143      -77.83144    
     2    1    0
   -67.23930      -67.23931    
     3    0    0
   -8.284580      -8.284611    
     3    1    0
   -5.184711      -5.184740    
