#  Interface results for: Cu8, IVXC=0, NK=   30
     3                                                      # NL
   0.3484850      0.5303000E-01  0.1071400E-01
    29.00000       2.621800       2.621800                  # AZ, WSR, WSR(avrg)
  -0.4939294E-01                                            # Fermi Energy
    0.0E+00                                                 # Pot.Shift
     0                                                      # SW
     2                                                      # NS
   400                                                      #     Cu8    IS=1
    0.000000      -2899782.      -1428823.      -938705.0    
   -693795.2      -546967.0      -449178.2      -379410.6    
   -327155.3      -286574.0      -254163.7      -227695.1    
   -205682.2      -187096.3      -171202.3      -157461.4    
   -145469.5      -134917.4      -125564.8      -117222.0    
   -109737.1      -102987.2      -96871.86      -91307.95    
   -86226.29      -81568.75      -77286.15      -73336.59    
   -69684.17      -66297.95      -63151.11      -60220.28    
   -57485.04      -54927.42      -52531.60      -50283.54    
   -48170.78      -46182.20      -44307.85      -42538.82    
   -40867.08      -39285.38      -37787.17      -36366.51    
   -35018.00      -33736.73      -32518.20      -31358.32    
   -30253.32      -29199.74      -28194.42      -27234.43    
   -26317.06      -25439.83      -24600.42      -23796.71    
   -23026.69      -22288.54      -21580.52      -20901.05    
   -20248.63      -19621.87      -19019.46      -18440.19    
   -17882.91      -17346.56      -16830.12      -16332.67    
   -15853.30      -15391.18      -14945.53      -14515.60    
   -14100.70      -13700.15      -13313.35      -12939.68    
   -12578.61      -12229.59      -11892.13      -11565.75    
   -11249.99      -10944.43      -10648.67      -10362.31    
   -10084.99      -9816.350      -9556.065      -9303.815    
   -9059.295      -8822.219      -8592.308      -8369.302    
   -8152.947      -7943.005      -7739.245      -7541.447    
   -7349.403      -7162.911      -6981.778      -6805.821    
   -6634.862      -6468.732      -6307.269      -6150.316    
   -5997.726      -5849.353      -5705.061      -5564.716    
   -5428.193      -5295.367      -5166.123      -5040.346    
   -4917.928      -4798.764      -4682.754      -4569.800    
   -4459.809      -4352.691      -4248.359      -4146.729    
   -4047.721      -3951.256      -3857.261      -3765.661    
   -3676.388      -3589.374      -3504.554      -3421.864    
   -3341.244      -3262.635      -3185.980      -3111.225    
   -3038.316      -2967.202      -2897.833      -2830.161    
   -2764.140      -2699.724      -2636.870      -2575.536    
   -2515.681      -2457.265      -2400.250      -2344.599    
   -2290.276      -2237.245      -2185.473      -2134.927    
   -2085.575      -2037.386      -1990.331      -1944.380    
   -1899.505      -1855.678      -1812.873      -1771.063    
   -1730.225      -1690.333      -1651.364      -1613.295    
   -1576.103      -1539.766      -1504.264      -1469.576    
   -1435.682      -1402.562      -1370.198      -1338.571    
   -1307.663      -1277.457      -1247.936      -1219.083    
   -1190.883      -1163.320      -1136.378      -1110.043    
   -1084.301      -1059.137      -1034.538      -1010.491    
   -986.9824      -964.0000      -941.5315      -919.5651    
   -898.0891      -877.0922      -856.5636      -836.4924    
   -816.8683      -797.6811      -778.9209      -760.5782    
   -742.6435      -725.1078      -707.9621      -691.1977    
   -674.8063      -658.7795      -643.1092      -627.7877    
   -612.8073      -598.1604      -583.8397      -569.8381    
   -556.1486      -542.7643      -529.6784      -516.8845    
   -504.3761      -492.1469      -480.1908      -468.5018    
   -457.0739      -445.9014      -434.9787      -424.3002    
   -413.8606      -403.6547      -393.6773      -383.9234    
   -374.3881      -365.0667      -355.9545      -347.0471    
   -338.3400      -329.8290      -321.5098      -313.3785    
   -305.4311      -297.6637      -290.0725      -282.6539    
   -275.4044      -268.3204      -261.3986      -254.6355    
   -248.0280      -241.5729      -235.2669      -229.1072    
   -223.0907      -217.2144      -211.4754      -205.8710    
   -200.3982      -195.0544      -189.8368      -184.7428    
   -179.7697      -174.9149      -170.1760      -165.5502    
   -161.0353      -156.6287      -152.3280      -148.1308    
   -144.0348      -140.0377      -136.1373      -132.3313    
   -128.6176      -124.9939      -121.4583      -118.0088    
   -114.6432      -111.3597      -108.1564      -105.0315    
   -101.9831      -99.00967      -96.10940      -93.28072    
   -90.52206      -87.83192      -85.20884      -82.65142    
   -80.15827      -77.72806      -75.35951      -73.05133    
   -70.80228      -68.61113      -66.47665      -64.39764    
   -62.37289      -60.40119      -58.48135      -56.61217    
   -54.79245      -53.02101      -51.29668      -49.61829    
   -47.98473      -46.39488      -44.84767      -43.34206    
   -41.87704      -40.45168      -39.06503      -37.71623    
   -36.40445      -35.12888      -33.88878      -32.68341    
   -31.51210      -30.37418      -29.26902      -28.19600    
   -27.15454      -26.14406      -25.16398      -24.21377    
   -23.29286      -22.40073      -21.53682      -20.70062    
   -19.89156      -19.10912      -18.35276      -17.62192    
   -16.91606      -16.23463      -15.57706      -14.94280    
   -14.33128      -13.74193      -13.17417      -12.62745    
   -12.10117      -11.59477      -11.10768      -10.63931    
   -10.18911      -9.756498      -9.340921      -8.941822    
   -8.558651      -8.190868      -7.837939      -7.499343    
   -7.174565      -6.863103      -6.564467      -6.278179    
   -6.003772      -5.740795      -5.488808      -5.247385    
   -5.016115      -4.794601      -4.582460      -4.379322    
   -4.184833      -3.998652      -3.820451      -3.649916    
   -3.486748      -3.330658      -3.181373      -3.038629    
   -2.902175      -2.771771      -2.647189      -2.528210    
   -2.414626      -2.306237      -2.202854      -2.104295    
   -2.010385      -1.920961      -1.835862      -1.754937    
   -1.678041      -1.605036      -1.535788      -1.470172    
   -1.408065      -1.349352      -1.293923      -1.241672    
   -1.192499      -1.146310      -1.103015      -1.062527    
   -1.024768     -0.9896619     -0.9571379     -0.9271301    
  -0.8995774     -0.8744228     -0.8516142     -0.8311034    
  -0.8128468     -0.7968047     -0.7829414     -0.7712250    
  -0.7616273     -0.7541237     -0.7486929     -0.7453168    
   400                                                      #     Cu8    IS=2
    0.000000      -2899782.      -1428823.      -938705.0    
   -693795.2      -546967.0      -449178.2      -379410.6    
   -327155.3      -286574.0      -254163.7      -227695.1    
   -205682.2      -187096.3      -171202.3      -157461.4    
   -145469.5      -134917.4      -125564.8      -117222.0    
   -109737.1      -102987.2      -96871.86      -91307.95    
   -86226.29      -81568.75      -77286.15      -73336.59    
   -69684.17      -66297.95      -63151.11      -60220.28    
   -57485.04      -54927.42      -52531.60      -50283.54    
   -48170.78      -46182.20      -44307.85      -42538.82    
   -40867.08      -39285.38      -37787.17      -36366.51    
   -35018.00      -33736.73      -32518.20      -31358.32    
   -30253.32      -29199.74      -28194.42      -27234.43    
   -26317.06      -25439.83      -24600.42      -23796.71    
   -23026.69      -22288.54      -21580.52      -20901.05    
   -20248.63      -19621.87      -19019.46      -18440.19    
   -17882.91      -17346.56      -16830.12      -16332.67    
   -15853.30      -15391.18      -14945.53      -14515.60    
   -14100.70      -13700.15      -13313.35      -12939.68    
   -12578.61      -12229.59      -11892.13      -11565.75    
   -11249.99      -10944.43      -10648.67      -10362.31    
   -10084.99      -9816.350      -9556.065      -9303.815    
   -9059.295      -8822.219      -8592.308      -8369.302    
   -8152.947      -7943.005      -7739.245      -7541.447    
   -7349.403      -7162.911      -6981.778      -6805.821    
   -6634.862      -6468.732      -6307.269      -6150.316    
   -5997.726      -5849.353      -5705.061      -5564.716    
   -5428.193      -5295.367      -5166.123      -5040.346    
   -4917.928      -4798.764      -4682.754      -4569.800    
   -4459.809      -4352.691      -4248.359      -4146.729    
   -4047.721      -3951.256      -3857.261      -3765.661    
   -3676.388      -3589.374      -3504.554      -3421.864    
   -3341.244      -3262.635      -3185.980      -3111.225    
   -3038.316      -2967.202      -2897.833      -2830.161    
   -2764.140      -2699.724      -2636.870      -2575.536    
   -2515.681      -2457.265      -2400.250      -2344.599    
   -2290.276      -2237.245      -2185.473      -2134.927    
   -2085.575      -2037.386      -1990.331      -1944.380    
   -1899.505      -1855.678      -1812.873      -1771.063    
   -1730.225      -1690.333      -1651.364      -1613.295    
   -1576.103      -1539.766      -1504.264      -1469.576    
   -1435.682      -1402.562      -1370.198      -1338.571    
   -1307.663      -1277.457      -1247.936      -1219.083    
   -1190.883      -1163.320      -1136.378      -1110.043    
   -1084.301      -1059.137      -1034.538      -1010.491    
   -986.9824      -964.0000      -941.5315      -919.5651    
   -898.0891      -877.0922      -856.5636      -836.4924    
   -816.8683      -797.6811      -778.9209      -760.5782    
   -742.6435      -725.1078      -707.9621      -691.1977    
   -674.8063      -658.7795      -643.1092      -627.7877    
   -612.8073      -598.1604      -583.8397      -569.8381    
   -556.1486      -542.7643      -529.6784      -516.8845    
   -504.3761      -492.1469      -480.1908      -468.5018    
   -457.0739      -445.9014      -434.9787      -424.3002    
   -413.8607      -403.6547      -393.6773      -383.9234    
   -374.3881      -365.0667      -355.9545      -347.0471    
   -338.3400      -329.8290      -321.5098      -313.3785    
   -305.4311      -297.6637      -290.0725      -282.6540    
   -275.4044      -268.3204      -261.3986      -254.6355    
   -248.0280      -241.5729      -235.2670      -229.1073    
   -223.0907      -217.2144      -211.4755      -205.8710    
   -200.3982      -195.0544      -189.8369      -184.7428    
   -179.7697      -174.9150      -170.1760      -165.5503    
   -161.0353      -156.6287      -152.3280      -148.1308    
   -144.0349      -140.0378      -136.1374      -132.3314    
   -128.6176      -124.9940      -121.4584      -118.0088    
   -114.6433      -111.3598      -108.1565      -105.0316    
   -101.9832      -99.00978      -96.10951      -93.28083    
   -90.52218      -87.83205      -85.20898      -82.65156    
   -80.15842      -77.72822      -75.35967      -73.05150    
   -70.80246      -68.61131      -66.47684      -64.39784    
   -62.37309      -60.40140      -58.48157      -56.61239    
   -54.79267      -53.02124      -51.29691      -49.61853    
   -47.98496      -46.39511      -44.84790      -43.34229    
   -41.87728      -40.45191      -39.06527      -37.71647    
   -36.40468      -35.12911      -33.88901      -32.68364    
   -31.51233      -30.37440      -29.26924      -28.19622    
   -27.15476      -26.14427      -25.16419      -24.21397    
   -23.29306      -22.40092      -21.53702      -20.70081    
   -19.89175      -19.10931      -18.35294      -17.62210    
   -16.91624      -16.23480      -15.57723      -14.94296    
   -14.33144      -13.74208      -13.17433      -12.62760    
   -12.10132      -11.59492      -11.10782      -10.63945    
   -10.18924      -9.756630      -9.341049      -8.941947    
   -8.558773      -8.190987      -7.838056      -7.499457    
   -7.174677      -6.863213      -6.564575      -6.278284    
   -6.003876      -5.740896      -5.488907      -5.247483    
   -5.016211      -4.794696      -4.582553      -4.379415    
   -4.184924      -3.998742      -3.820540      -3.650005    
   -3.486836      -3.330747      -3.181461      -3.038717    
   -2.902263      -2.771860      -2.647278      -2.528300    
   -2.414717      -2.306329      -2.202947      -2.104389    
   -2.010481      -1.921058      -1.835960      -1.755037    
   -1.678144      -1.605140      -1.535895      -1.470280    
   -1.408175      -1.349465      -1.294038      -1.241789    
   -1.192619      -1.146432      -1.103139      -1.062654    
   -1.024897     -0.9897933     -0.9572717     -0.9272665    
  -0.8997163     -0.8745644     -0.8517585     -0.8312505    
  -0.8129968     -0.7969577     -0.7830975     -0.7713844    
  -0.7617901     -0.7542902     -0.7488631     -0.7454909    
 XXXXXXXXXXXX CORE STATES XXXXXXXXXXXXXXXXXXXXXX
                                                      Cu8     	    IS=1
  -0.4977306     -0.3422253     -0.2798270    
  -0.3834904      0.6483474     -0.2707367    
   0.1754604      0.1655807      0.9710465E-02
   0.4234226      0.1121514     -0.3344284E-02
   0.5024282E-01  0.2598818E-01   2.340493    
  -0.6899165      0.2555867      -2.573223    
  -0.3840923      0.4713106      0.9439313E-01
   0.1596710     -0.1170116     -0.9159709    
                                                      Cu8     	    IS=2
  -0.4971750     -0.3422362     -0.2798858    
  -0.3836250      0.6482030     -0.2708821    
   0.1754580      0.1655788      0.9710113E-02
   0.4234046      0.1121499     -0.3350527E-02
   0.5026752E-01  0.2598994E-01   2.340863    
  -0.6917009      0.2553619      -2.576921    
  -0.3839840      0.4712968      0.9431291E-01
   0.1597097     -0.1170155     -0.9160428    
     5                                                Cu8     	   
     1    0    0
   -648.9591      -648.9591    
     2    0    0
   -77.83052      -77.83061    
     2    1    0
   -67.23840      -67.23847    
     3    0    0
   -8.283721      -8.283877    
     3    1    0
   -5.183869      -5.184020    
