#  Interface results for: CuI11, IVXC=0, NK=   30
     3                                                      # NL
   0.3484850      0.5303000E-01  0.1071400E-01
    29.00000       2.621800       2.621800                  # AZ, WSR, WSR(avrg)
  -0.4939294E-01                                            # Fermi Energy
    0.0E+00                                                 # Pot.Shift
     0                                                      # SW
     2                                                      # NS
   400                                                      #     CuI11  IS=1
    0.000000      -2899782.      -1428823.      -938705.0    
   -693795.2      -546967.0      -449178.2      -379410.6    
   -327155.3      -286574.0      -254163.7      -227695.1    
   -205682.2      -187096.3      -171202.3      -157461.4    
   -145469.5      -134917.4      -125564.8      -117222.0    
   -109737.1      -102987.2      -96871.87      -91307.96    
   -86226.30      -81568.75      -77286.15      -73336.59    
   -69684.18      -66297.96      -63151.11      -60220.28    
   -57485.04      -54927.43      -52531.60      -50283.55    
   -48170.78      -46182.20      -44307.86      -42538.83    
   -40867.08      -39285.38      -37787.17      -36366.51    
   -35018.01      -33736.73      -32518.21      -31358.32    
   -30253.32      -29199.75      -28194.42      -27234.43    
   -26317.06      -25439.83      -24600.43      -23796.71    
   -23026.70      -22288.54      -21580.53      -20901.06    
   -20248.63      -19621.87      -19019.46      -18440.19    
   -17882.91      -17346.56      -16830.13      -16332.67    
   -15853.30      -15391.19      -14945.53      -14515.61    
   -14100.70      -13700.16      -13313.35      -12939.69    
   -12578.61      -12229.60      -11892.13      -11565.75    
   -11249.99      -10944.44      -10648.67      -10362.31    
   -10084.99      -9816.354      -9556.069      -9303.819    
   -9059.299      -8822.223      -8592.312      -8369.306    
   -8152.951      -7943.009      -7739.249      -7541.452    
   -7349.407      -7162.915      -6981.782      -6805.825    
   -6634.866      -6468.736      -6307.273      -6150.321    
   -5997.730      -5849.357      -5705.065      -5564.721    
   -5428.197      -5295.371      -5166.127      -5040.350    
   -4917.932      -4798.768      -4682.758      -4569.804    
   -4459.813      -4352.695      -4248.363      -4146.733    
   -4047.725      -3951.261      -3857.265      -3765.666    
   -3676.393      -3589.378      -3504.558      -3421.868    
   -3341.248      -3262.639      -3185.985      -3111.229    
   -3038.320      -2967.206      -2897.837      -2830.165    
   -2764.144      -2699.728      -2636.874      -2575.541    
   -2515.685      -2457.270      -2400.255      -2344.603    
   -2290.280      -2237.249      -2185.477      -2134.931    
   -2085.579      -2037.391      -1990.336      -1944.384    
   -1899.509      -1855.682      -1812.877      -1771.068    
   -1730.230      -1690.338      -1651.369      -1613.300    
   -1576.108      -1539.771      -1504.269      -1469.581    
   -1435.687      -1402.567      -1370.203      -1338.576    
   -1307.668      -1277.462      -1247.941      -1219.088    
   -1190.888      -1163.325      -1136.383      -1110.048    
   -1084.306      -1059.142      -1034.543      -1010.496    
   -986.9874      -964.0050      -941.5366      -919.5702    
   -898.0942      -877.0974      -856.5687      -836.4976    
   -816.8735      -797.6863      -778.9262      -760.5835    
   -742.6489      -725.1132      -707.9675      -691.2032    
   -674.8118      -658.7850      -643.1149      -627.7934    
   -612.8130      -598.1662      -583.8456      -569.8440    
   -556.1545      -542.7702      -529.6844      -516.8906    
   -504.3823      -492.1531      -480.1971      -468.5081    
   -457.0803      -445.9079      -434.9852      -424.3068    
   -413.8673      -403.6615      -393.6841      -383.9303    
   -374.3951      -365.0737      -355.9617      -347.0543    
   -338.3473      -329.8364      -321.5174      -313.3861    
   -305.4388      -297.6715      -290.0804      -282.6620    
   -275.4125      -268.3287      -261.4069      -254.6440    
   -248.0366      -241.5816      -235.2758      -229.1162    
   -223.0998      -217.2236      -211.4848      -205.8804    
   -200.4078      -195.0641      -189.8467      -184.7528    
   -179.7799      -174.9253      -170.1864      -165.5609    
   -161.0461      -156.6396      -152.3390      -148.1420    
   -144.0462      -140.0493      -136.1490      -132.3432    
   -128.6296      -125.0062      -121.4708      -118.0214    
   -114.6560      -111.3727      -108.1696      -105.0448    
   -101.9967      -99.02343      -96.12336      -93.29487    
   -90.53642      -87.84649      -85.22362      -82.66640    
   -80.17345      -77.74345      -75.37510      -73.06711    
   -70.81825      -68.62727      -66.49296      -64.41411    
   -62.38950      -60.41793      -58.49820      -56.62911    
   -54.80946      -53.03808      -51.31378      -49.63541    
   -48.00185      -46.41198      -44.86473      -43.35907    
   -41.89399      -40.46854      -39.08180      -37.73289    
   -36.42099      -35.14530      -33.90506      -32.69956    
   -31.52810      -30.39002      -29.28470      -28.21151    
   -27.16988      -26.15921      -25.17895      -24.22855    
   -23.30745      -22.41512      -21.55102      -20.71460    
   -19.90533      -19.12267      -18.36608      -17.63501    
   -16.92891      -16.24723      -15.58940      -14.95487    
   -14.34307      -13.75344      -13.18539      -12.63835    
   -12.11176      -11.60503      -11.11758      -10.64886    
   -10.19828      -9.765289      -9.349312      -8.949797    
   -8.566197      -8.197970      -7.844582      -7.505511    
   -7.180243      -6.868276      -6.569121      -6.282299    
   -6.007344      -5.743804      -5.491242      -5.249231    
   -5.017361      -4.795236      -4.582473      -4.378704    
   -4.183575      -3.996747      -3.817894      -3.646702    
   -3.482873      -3.326122      -3.176174      -3.032769    
   -2.895656      -2.764600      -2.639371      -2.519754    
   -2.405542      -2.296538      -2.192553      -2.093407    
   -1.998929      -1.908955      -1.823327      -1.741897    
   -1.664519      -1.591058      -1.521382      -1.455364    
   -1.392886      -1.333833      -1.278095      -1.225567    
   -1.176152      -1.129754      -1.086284      -1.045657    
   -1.007795     -0.9726216     -0.9400671     -0.9100659    
  -0.8825570     -0.8574841     -0.8347949     -0.8144419    
  -0.7963814     -0.7805740     -0.7669842     -0.7555803    
  -0.7463341     -0.7392212     -0.7342201     -0.7313126    
   400                                                      #     CuI11  IS=2
    0.000000      -2899782.      -1428823.      -938705.0    
   -693795.2      -546967.0      -449178.2      -379410.6    
   -327155.3      -286574.0      -254163.7      -227695.1    
   -205682.2      -187096.3      -171202.3      -157461.4    
   -145469.5      -134917.4      -125564.8      -117222.0    
   -109737.1      -102987.2      -96871.87      -91307.96    
   -86226.30      -81568.75      -77286.15      -73336.59    
   -69684.18      -66297.96      -63151.11      -60220.28    
   -57485.04      -54927.43      -52531.60      -50283.55    
   -48170.78      -46182.20      -44307.86      -42538.83    
   -40867.08      -39285.38      -37787.17      -36366.51    
   -35018.01      -33736.73      -32518.21      -31358.33    
   -30253.32      -29199.75      -28194.43      -27234.43    
   -26317.06      -25439.83      -24600.43      -23796.71    
   -23026.70      -22288.54      -21580.53      -20901.06    
   -20248.64      -19621.87      -19019.46      -18440.19    
   -17882.91      -17346.56      -16830.13      -16332.67    
   -15853.30      -15391.19      -14945.54      -14515.61    
   -14100.70      -13700.16      -13313.35      -12939.69    
   -12578.61      -12229.60      -11892.13      -11565.75    
   -11250.00      -10944.44      -10648.67      -10362.32    
   -10084.99      -9816.355      -9556.070      -9303.819    
   -9059.300      -8822.223      -8592.313      -8369.306    
   -8152.952      -7943.009      -7739.249      -7541.452    
   -7349.408      -7162.916      -6981.783      -6805.825    
   -6634.866      -6468.736      -6307.273      -6150.321    
   -5997.730      -5849.358      -5705.065      -5564.721    
   -5428.197      -5295.372      -5166.127      -5040.350    
   -4917.932      -4798.768      -4682.758      -4569.804    
   -4459.813      -4352.695      -4248.363      -4146.733    
   -4047.725      -3951.261      -3857.265      -3765.666    
   -3676.393      -3589.379      -3504.558      -3421.868    
   -3341.248      -3262.639      -3185.985      -3111.230    
   -3038.320      -2967.206      -2897.837      -2830.165    
   -2764.144      -2699.728      -2636.875      -2575.541    
   -2515.686      -2457.270      -2400.255      -2344.604    
   -2290.280      -2237.249      -2185.477      -2134.931    
   -2085.580      -2037.391      -1990.336      -1944.385    
   -1899.509      -1855.682      -1812.877      -1771.068    
   -1730.230      -1690.338      -1651.369      -1613.300    
   -1576.108      -1539.771      -1504.269      -1469.581    
   -1435.687      -1402.567      -1370.203      -1338.576    
   -1307.668      -1277.462      -1247.941      -1219.088    
   -1190.888      -1163.325      -1136.383      -1110.048    
   -1084.306      -1059.142      -1034.543      -1010.496    
   -986.9876      -964.0052      -941.5368      -919.5704    
   -898.0944      -877.0976      -856.5690      -836.4979    
   -816.8738      -797.6866      -778.9265      -760.5838    
   -742.6492      -725.1135      -707.9678      -691.2035    
   -674.8121      -658.7854      -643.1152      -627.7937    
   -612.8133      -598.1665      -583.8459      -569.8443    
   -556.1549      -542.7706      -529.6848      -516.8909    
   -504.3826      -492.1535      -480.1974      -468.5084    
   -457.0806      -445.9081      -434.9855      -424.3071    
   -413.8675      -403.6617      -393.6843      -383.9304    
   -374.3952      -365.0738      -355.9617      -347.0543    
   -338.3473      -329.8363      -321.5172      -313.3860    
   -305.4386      -297.6712      -290.0801      -282.6616    
   -275.4121      -268.3282      -261.4063      -254.6433    
   -248.0359      -241.5808      -235.2749      -229.1152    
   -223.0987      -217.2224      -211.4835      -205.8791    
   -200.4063      -195.0626      -189.8450      -184.7510    
   -179.7779      -174.9231      -170.1842      -165.5584    
   -161.0435      -156.6368      -152.3361      -148.1389    
   -144.0429      -140.0457      -136.1453      -132.3392    
   -128.6254      -125.0017      -121.4660      -118.0163    
   -114.6506      -111.3670      -108.1636      -105.0385    
   -101.9900      -99.01638      -96.11594      -93.28708    
   -90.52823      -87.83790      -85.21463      -82.65700    
   -80.16365      -77.73324      -75.36448      -73.05610    
   -70.80685      -68.61551      -66.48085      -64.40167    
   -62.37676      -60.40492      -58.48494      -56.61564    
   -54.79582      -53.02429      -51.29987      -49.62143    
   -47.98782      -46.39793      -44.85069      -43.34506    
   -41.88004      -40.45466      -39.06801      -37.71922    
   -36.40744      -35.13188      -33.89178      -32.68643    
   -31.51512      -30.37721      -29.27204      -28.19902    
   -27.15755      -26.14705      -25.16696      -24.21672    
   -23.29579      -22.40362      -21.53967      -20.70341    
   -19.89430      -19.11179      -18.35535      -17.62443    
   -16.91848      -16.23694      -15.57926      -14.94488    
   -14.33322      -13.74372      -13.17581      -12.62892    
   -12.10246      -11.59587      -11.10857      -10.63999    
   -10.18956      -9.756705      -9.340875      -8.941510    
   -8.558064      -8.189993      -7.836766      -7.497861    
   -7.172765      -6.860976      -6.562004      -6.275373    
   -6.000617      -5.737285      -5.484939      -5.243154    
   -5.011521      -4.789644      -4.577140      -4.373643    
   -4.178799      -3.992269      -3.813727      -3.642861    
   -3.479373      -3.322977      -3.173399      -3.030379    
   -2.893667      -2.763024      -2.638224      -2.519048    
   -2.405289      -2.296750      -2.193239      -2.094577    
   -2.000589      -1.911110      -1.825980      -1.745047    
   -1.668166      -1.595196      -1.526004      -1.460461    
   -1.398445      -1.339838      -1.284528      -1.232409    
   -1.183378      -1.137339      -1.094200      -1.053875    
   -1.016282     -0.9813444     -0.9489909     -0.9191545    
  -0.8917731     -0.8667894     -0.8441507     -0.8238088    
  -0.8057199     -0.7898443     -0.7761465     -0.7645951    
  -0.7551621     -0.7478235     -0.7425584     -0.7393492    
 XXXXXXXXXXXX CORE STATES XXXXXXXXXXXXXXXXXXXXXX
                                                      CuI11     	  IS=1
  -0.4879954     -0.3281397     -0.2833367    
  -0.3700669      0.6615154     -0.2757229    
   0.1752216      0.1653789      0.9479373E-02
   0.4234387      0.1121063     -0.3146267E-02
   0.5031922E-01  0.2607386E-01   2.379009    
  -0.6799775      0.2556256      -2.629130    
  -0.3844410      0.4711531      0.9208137E-01
   0.1597463     -0.1171798     -0.9252923    
                                                      CuI11     	  IS=2
  -0.4773861     -0.2917840     -0.2812697    
  -0.3759753      0.6525285     -0.2692555    
   0.1754167      0.1645175      0.9633737E-02
   0.4230755      0.1115864     -0.3078920E-02
   0.5072941E-01  0.2671770E-01   2.344331    
  -0.7232505      0.1805533      -2.447479    
  -0.3820737      0.4662601      0.9674602E-01
   0.1604148     -0.1186056     -0.9172499    
     5                                                CuI11     	 
     1    0    0
   -648.9643      -648.9645    
     2    0    0
   -77.84253      -77.83712    
     2    1    0
   -67.24931      -67.24525    
     3    0    0
   -8.293899      -8.284760    
     3    1    0
   -5.193097      -5.184386    
