0.3 0.0010103
0.301 0.00109581
0.302 0.00118974
0.303 0.00129306
0.304 0.00140686
0.305 0.00153238
0.306 0.00167104
0.308 0.00199443
0.309 0.00218309
0.31 0.00239284
0.311 0.00262642
0.312 0.00288702
0.313 0.00317829
0.314 0.00350443
0.315 0.00387031
0.316 0.00428156
0.317 0.00474465
0.318 0.00526711
0.319 0.00585758
0.32 0.00652607
0.321 0.00728403
0.322 0.00814454
0.323 0.00912246
0.324 0.0102345
0.325 0.011499
0.326 0.012936
0.327 0.0145665
0.328 0.0164117
0.329 0.0184918
0.33 0.0208242
0.331 0.0234213
0.332 0.0262882
0.333 0.0294203
0.334 0.0328017
0.335 0.0364051
0.336 0.0401925
0.337 0.0441183
0.338 0.0481331
0.339 0.0521878
0.34 0.0562372
0.341 0.0602429
0.342 0.0641739
0.343 0.0680076
0.344 0.0717292
0.345 0.0753305
0.346 0.0788093
0.347 0.0821667
0.348 0.0854056
0.349 0.0885294
0.35 0.0915423
0.351 0.0944501
0.352 0.0972616
0.353 0.099988
0.354 0.102642
0.355 0.105232
0.356 0.107766
0.357 0.110242
0.358 0.112658
0.359 0.115014
0.36 0.117311
0.361 0.11956
0.362 0.121776
0.363 0.123978
0.364 0.126178
0.365 0.128383
0.366 0.130589
0.367 0.132784
0.368 0.134953
0.369 0.137084
0.37 0.139172
0.371 0.141226
0.372 0.143262
0.373 0.145306
0.374 0.147385
0.375 0.149518
0.376 0.151713
0.377 0.153964
0.378 0.156251
0.379 0.158545
0.38 0.160818
0.381 0.163052
0.382 0.165243
0.383 0.167399
0.384 0.169546
0.385 0.171715
0.386 0.17394
0.387 0.176252
0.388 0.178672
0.389 0.181207
0.39 0.183849
0.391 0.186571
0.392 0.189335
0.393 0.1921
0.394 0.194828
0.395 0.1975
0.396 0.200114
0.397 0.202688
0.398 0.205258
0.399 0.207868
0.4 0.210562
0.401 0.213378
0.402 0.216341
0.403 0.219462
0.404 0.222734
0.405 0.226138
0.406 0.229639
0.407 0.233194
0.408 0.236757
0.409 0.240285
0.41 0.243747
0.411 0.247125
0.412 0.250425
0.413 0.253668
0.414 0.256894
0.415 0.260152
0.416 0.263495
0.417 0.266973
0.418 0.270623
0.419 0.274462
0.42 0.278484
0.421 0.282661
0.422 0.286948
0.423 0.291289
0.424 0.295625
0.425 0.299907
0.426 0.304095
0.427 0.308166
0.428 0.312109
0.429 0.315931
0.43 0.319649
0.431 0.323292
0.432 0.326894
0.433 0.330499
0.434 0.33415
0.435 0.337895
0.436 0.341773
0.437 0.345818
0.438 0.350043
0.439 0.354437
0.44 0.358965
