0.3 0.00103713
0.301 0.00112519
0.302 0.00122193
0.303 0.0013284
0.304 0.00144573
0.305 0.00157518
0.306 0.00171824
0.307 0.00187658
0.308 0.00205209
0.309 0.00224698
0.31 0.00246375
0.311 0.00270527
0.312 0.00297482
0.313 0.00327622
0.314 0.00361385
0.315 0.00399278
0.316 0.00441883
0.317 0.00489879
0.318 0.00544044
0.319 0.00605278
0.32 0.00674616
0.321 0.00753243
0.322 0.00842509
0.323 0.00943946
0.324 0.0105926
0.325 0.0119032
0.326 0.0133915
0.327 0.0150785
0.328 0.0169851
0.329 0.0191306
0.33 0.0215312
0.331 0.0241973
0.332 0.0271315
0.333 0.0303264
0.334 0.0337632
0.335 0.0374115
0.336 0.0412316
0.337 0.0451769
0.338 0.0491981
0.339 0.0532472
0.34 0.057281
0.341 0.061263
0.342 0.0651646
0.343 0.0689653
0.344 0.072652
0.345 0.0762182
0.346 0.0796625
0.347 0.0829865
0.348 0.0861933
0.349 0.0892864
0.35 0.0922701
0.351 0.095151
0.352 0.0979382
0.353 0.100643
0.354 0.103278
0.355 0.105852
0.356 0.108368
0.357 0.110827
0.358 0.113226
0.359 0.115564
0.36 0.117846
0.361 0.120082
0.362 0.12229
0.363 0.124485
0.364 0.126681
0.365 0.12888
0.366 0.131078
0.367 0.133262
0.368 0.135417
0.369 0.137532
0.37 0.139606
0.371 0.141648
0.372 0.143677
0.373 0.145719
0.374 0.147799
0.375 0.149935
0.376 0.152131
0.377 0.15438
0.378 0.156657
0.379 0.158937
0.38 0.161191
0.381 0.163406
0.382 0.165577
0.383 0.16772
0.384 0.169858
0.385 0.172024
0.386 0.174251
0.387 0.176568
0.388 0.178995
0.389 0.181534
0.39 0.184175
0.391 0.18689
0.392 0.189638
0.393 0.192381
0.394 0.195084
0.395 0.19773
0.396 0.200321
0.397 0.20288
0.398 0.205442
0.399 0.208052
0.4 0.210754
