0.3 0.00103713
0.301 0.00112518
0.302 0.00122193
0.303 0.00132841
0.304 0.00144572
0.305 0.00157517
0.306 0.00171824
0.307 0.00187658
0.308 0.0020521
0.309 0.00224699
0.31 0.00246375
0.311 0.00270526
0.312 0.00297481
0.313 0.00327621
0.314 0.00361385
0.315 0.00399278
0.316 0.00441883
0.317 0.00489879
0.318 0.00544045
0.319 0.00605278
0.32 0.00674615
0.321 0.00753242
0.322 0.00842509
0.323 0.00943946
0.324 0.0105926
0.325 0.0119032
0.326 0.0133915
0.327 0.0150785
0.328 0.0169851
0.329 0.0191306
0.33 0.0215312
0.331 0.0241973
0.332 0.0271315
0.333 0.0303264
0.334 0.0337631
0.335 0.0374115
0.336 0.0412316
0.337 0.0451769
0.338 0.0491981
0.339 0.0532472
0.34 0.0572808
0.341 0.0612627
0.342 0.0651644
0.343 0.0689656
0.344 0.0726532
0.345 0.0762199
0.346 0.0796636
0.347 0.0829854
0.348 0.0861892
0.349 0.0892805
0.35 0.0922658
0.351 0.0951523
0.352 0.0979475
0.353 0.100659
0.354 0.103293
0.355 0.105856
0.356 0.108357
0.357 0.110799
0.358 0.113191
0.359 0.115537
0.36 0.117841
0.361 0.120109
0.362 0.122344
0.363 0.124551
0.364 0.126735
0.365 0.128901
0.366 0.131049
0.367 0.133184
0.368 0.135307
0.369 0.13742
0.37 0.139529
0.371 0.141638
0.372 0.14375
0.373 0.145867
0.374 0.147988
0.375 0.150114
0.376 0.152246
0.377 0.154388
0.378 0.156545
0.379 0.158721
0.38 0.16092
0.381 0.163143
0.382 0.165388
0.383 0.167652
0.384 0.169934
0.385 0.172238
0.386 0.174569
0.387 0.176934
0.388 0.17934
0.389 0.181788
0.39 0.184277
0.391 0.186802
0.392 0.189359
0.393 0.191944
0.394 0.19456
0.395 0.197214
0.396 0.199915
0.397 0.202671
0.398 0.205487
0.399 0.208362
0.4 0.21129
0.401 0.214263
0.402 0.217272
0.403 0.220315
0.404 0.223393
0.405 0.226513
0.406 0.229688
0.407 0.232928
0.408 0.236238
0.409 0.239617
0.41 0.243058
0.411 0.246547
0.412 0.250071
0.413 0.253621
0.414 0.257194
0.415 0.260793
0.416 0.264428
0.417 0.268111
0.418 0.271853
0.419 0.27566
0.42 0.279529
0.421 0.283449
0.422 0.287402
0.423 0.29137
0.424 0.295337
0.425 0.299295
0.426 0.303246
0.427 0.307198
0.428 0.311165
0.429 0.315162
0.43 0.319199
0.431 0.323278
0.432 0.327394
0.433 0.331533
0.434 0.335674
0.435 0.339797
0.436 0.343884
0.437 0.347923
0.438 0.351915
0.439 0.355872
0.44 0.359809
