  0.000000000000000E+000
  4.642330146362126E-006
  9.426040293790070E-006
  1.435543610432666E-005
  1.943495436694555E-005
  2.466916699096088E-005
  3.006278512105421E-005
  3.562066337762277E-005
  4.134780422626551E-005
  4.724936248033981E-005
  5.333064994064147E-005
  5.959714017638399E-005
  6.605447345178032E-005
  7.270846180266137E-005
  7.956509426770065E-005
  8.663054227895326E-005
  9.391116521656137E-005
  1.014135161326256E-004
  1.091443476493944E-004
  1.171106180370794E-004
  1.253194974767692E-004
  1.337783745140752E-004
  1.424948627093226E-004
  1.514768074902675E-004
  1.607322932135124E-004
  1.702696504409720E-004
  1.800974634379421E-004
  1.902245778995174E-004
  2.006601089123138E-004
  2.114134491586624E-004
  2.224942773706571E-004
  2.339125670416672E-004
  2.456785954031541E-004
  2.578029526748739E-004
  2.702965515967898E-004
  2.831706372512750E-004
  2.964367971844450E-004
  3.101069718357327E-004
  3.241934652850885E-004
  3.387089563274837E-004
  3.536665098846814E-004
  3.690795887645485E-004
  3.849620657784905E-004
  4.013282362279198E-004
  4.181928307709903E-004
  4.355710286811849E-004
  4.534784715096863E-004
  4.719312771638292E-004
  4.909460544143039E-004
  5.105399178441715E-004
  5.307305032531445E-004
  5.515359835309970E-004
  5.729750850143901E-004
  5.950671043418421E-004
  6.178319258220038E-004
  6.412900393308791E-004
  6.654625587540956E-004
  6.903712409908286E-004
  7.160385055364777E-004
  7.424874546617259E-004
  7.697418942061440E-004
  7.978263550050516E-004
  8.267661149689258E-004
  8.565872218352264E-004
  8.873165166131180E-004
  9.189816577421907E-004
  9.516111459869219E-004
  9.852343500892878E-004
  1.019881533202615E-003
  1.055583880130461E-003
  1.092373525395042E-003
  1.130283582160470E-003
  1.169348172036841E-003
  1.209602455791982E-003
  1.251082664998519E-003
  1.293826134644735E-003
  1.337871336738582E-003
  1.383257914935087E-003
  1.430026720218310E-003
  1.478219847669998E-003
  1.527880674357988E-003
  1.579053898378508E-003
  1.631785579087472E-003
  1.686123178557013E-003
  1.742115604294551E-003
  1.799813253262853E-003
  1.859268057240699E-003
  1.920533529564987E-003
  1.983664813296354E-003
  2.048718730851646E-003
  2.115753835147937E-003
  2.184830462304095E-003
  2.256010785947375E-003
  2.329358873173872E-003
  2.404940742213234E-003
  2.482824421849525E-003
  2.563080012651725E-003
  2.645779750068970E-003
  2.730998069447335E-003
  2.818811673026670E-003
  2.909299598977792E-003
  3.002543292542178E-003
  3.098626679338170E-003
  3.197636240899710E-003
  3.299661092515548E-003
  3.404793063439024E-003
  3.513126779540589E-003
  3.624759748477479E-003
  3.739792447457190E-003
  3.858328413673744E-003
  3.980474337498151E-003
  4.106340158506953E-003
  4.236039164435257E-003
  4.369688093143339E-003
  4.507407237688614E-003
  4.649320554597492E-003
  4.795555775434628E-003
  4.946244521769947E-003
  5.101522423646950E-003
  5.261529241658896E-003
  5.426408992742780E-003
  5.596310079804297E-003
  5.771385425290468E-003
  5.951792608830172E-003
  6.137694009066444E-003
  6.329256949808217E-003
  6.526653850633047E-003
  6.730062382076365E-003
  6.939665625546959E-003
  7.155652238112595E-003
  7.378216622304118E-003
  7.607559101090845E-003
  7.843886098184762E-003
  8.087410323835814E-003
  8.338350966285457E-003
  8.596933889050902E-003
  8.863391834217506E-003
  9.137964631922367E-003
  9.420899416217647E-003
  9.712450847507879E-003
  1.001288134176153E-002
  1.032246130670311E-002
  1.064146938519833E-002
  1.097019270605152E-002
  1.130892714244095E-002
  1.165797757822463E-002
  1.201765818235638E-002
  1.238829269165907E-002
  1.277021470220967E-002
  1.316376796959818E-002
  1.356930671833089E-002
  1.398719596065635E-002
  1.441781182510101E-002
  1.486154189501033E-002
  1.531878555739990E-002
  1.578995436243074E-002
  1.627547239383223E-002
  1.677577665060609E-002
  1.729131744035495E-002
  1.782255878458964E-002
  1.836997883637984E-002
  1.893407031072412E-002
  1.951534092802671E-002
  2.011431387108012E-002
  2.073152825596498E-002
  2.136753961729093E-002
  2.202292040821520E-002
  2.269826051568915E-002
  2.339416779139634E-002
  2.411126859886006E-002
  2.485020837721277E-002
  2.561165222213493E-002
  2.639628548448597E-002
  2.720481438716634E-002
  2.803796666076578E-002
  2.889649219857001E-002
  2.978116373151525E-002
  3.069277752369830E-002
  3.163215408906787E-002
  3.260013892994263E-002
  3.359760329802031E-002
  3.462544497856302E-002
  3.568458909846466E-002
  3.677598895892752E-002
  3.790062689349770E-002
  3.905951515223167E-002
  4.025369681278957E-002
  4.148424671927561E-002
  4.275227244967023E-002
  4.405891531272508E-002
  4.540535137521796E-002
  4.679279252049226E-002
  4.822248753923383E-002
  4.969572325346685E-002
  5.121382567478049E-002
  5.277816119782895E-002
  5.439013783017878E-002
  5.605120645961079E-002
  5.776286216001696E-002
  5.952664553706789E-002
  6.134414411486185E-002
  6.321699376480371E-002
  6.514688017799954E-002
  6.713554038249249E-002
  6.918476430670518E-002
  7.129639639049616E-002
  7.347233724528029E-002
  7.571454536470730E-002
  7.802503888743824E-002
  8.040589741360657E-002
  8.285926387659862E-002
  8.538734647183827E-002
  8.799242064431194E-002
  9.067683113662264E-002
  9.344299409941660E-002
  9.629339926608194E-002
  9.923061219367675E-002
  0.102257276572104     
  0.105376116603609     
  0.108589939454750     
  0.111901637783032     
  0.115314192340495     
  0.118830674656598     
  0.122454249802793     
  0.126188179241311     
  0.130035823760694     
  0.134000646500734     
  0.138086216069530     
  0.142296209755479     
  0.146634416837080     
  0.151104741993545     
  0.155711208819272     
  0.160457963445348     
  0.165349278271353     
  0.170389555810803     
  0.175583332653715     
  0.180935283549835     
  0.186450225616239     
  0.192133122673056     
  0.197989089711244     
  0.204023397496428     
  0.210241477312941     
  0.216648925852352     
  0.223251510250862     
  0.230055173280117     
  0.237066038696105     
  0.244290416750947     
  0.251734809872554     
  0.259405918517246     
  0.267310647200619     
  0.275456110712074     
  0.283849640518605     
  0.292498791363618     
  0.301411348066711     
  0.310595332530530     
  0.320059010961031     
  0.329810901307619     
  0.339859780929879     
  0.350214694497789     
  0.360884962132539     
  0.371880187795264     
  0.383210267931262     
  0.394885400377457     
  0.406916093541147     
  0.419313175858274     
  0.432087805539754     
  0.445251480614611     
  0.458816049278989     
  0.472793720560321     
  0.487197075306281     
  0.502039077508396     
  0.517333085970515     
  0.533092866332628     
  0.549332603460879     
  0.566066914214898     
  0.583310860603965     
  0.601079963343830     
  0.619390215826410     
  0.638258098514918     
  0.657700593777394     
  0.677735201171982     
  0.698379953197714     
  0.719653431524976     
  0.741574783720265     
  0.764163740480292     
  0.787440633390941     
  0.811426413227071     
  0.836142668809622     
  0.861611646437015     
  0.887856269908323     
  0.914900161156236     
  0.942767661508393     
  0.971483853596224     
   1.00107458393101     
   1.03156648616749     
   1.06298700507593     
   1.09536442124431     
   1.12872787653271     
   1.16310740030301     
   1.19853393644727     
   1.23503937123939     
   1.27265656203488     
   1.31141936684468     
   1.35136267480970     
   1.39252243760335     
