0.557 3.38373e-05 2.2548274715
0.558 3.57653e-05 2.2604996411
0.559 3.78305e-05 2.2647012482
0.56 4.001e-05 2.2701633375
0.561 4.23243e-05 2.2726843017
0.562 4.47845e-05 2.2760455874
0.563 4.74121e-05 2.2808774356
0.564 5.02186e-05 2.2846588820
0.565 5.31817e-05 2.2871798463
0.566 5.63926e-05 2.2934822570
0.567 5.97945e-05 2.2964233819
0.568 6.33991e-05 2.3023056319
0.569 6.72871e-05 2.3048265962
0.57 7.14229e-05 2.3090282033
0.571 7.58608e-05 2.3123894890
0.572 8.05782e-05 2.3163810157
0.573 8.56113e-05 2.3212128639
0.574 9.10514e-05 2.3262547925
0.575 9.68488e-05 2.3296160781
0.576 0.000103062 2.3342378460
0.577 0.00010975 2.3380192924
0.578 0.000116904 2.3413805781
0.579 0.000124598 2.3447418638
0.58 0.000132861 2.3495737119
0.581 0.000141741 2.3546156405
0.583 0.000161602 2.3621785333
0.584 0.000172696 2.3651196583
0.585 0.000184662 2.3701615868
0.586 0.000197575 2.3735228725
0.587 0.000211523 2.3764639975
0.588 0.000226605 2.3821361671
0.589 0.000242922 2.3865478546
0.59 0.000260592 2.3911696224
0.591 0.000279745 2.3953712295
0.592 0.000300528 2.3978921938
0.593 0.000323097 2.4020938009
0.594 0.000347636 2.4054550866
0.595 0.000374341 2.4100768544
0.596 0.000403438 2.4146986222
0.597 0.000435192 2.4193203900
0.598 0.000469851 2.4228917561
0.599 0.000507754 2.4275135239
0.6 0.00054925 2.4300344882
0.601 0.000594756 2.4329756132
0.602 0.000644717 2.4382276221
0.603 0.000699627 2.4424292292
0.604 0.000760141 2.4470509970
0.605 0.000826857 2.4508324434
0.606 0.00090057 2.4548239702
0.607 0.000982142 2.4598658987
0.608 0.00107264 2.4623868630
0.609 0.00117313 2.4661683094
0.61 0.00128503 2.4707900772
0.611 0.00140985 2.4762521665
0.612 0.00154939 2.4804537736
0.613 0.00170581 2.4838150593
0.614 0.00188152 2.4875965057
0.616 0.00230297 2.4953694788
0.617 0.00255615 2.4983106038
0.618 0.00284372 2.5027222913
0.619 0.00317143 2.5073440591
0.621 0.00397565 2.5157472733
0.622 0.00447 2.5199488804
0.623 0.00504083 2.5228900054
0.624 0.00570212 2.5268815322
0.625 0.00647066 2.5310831393
0.626 0.00736656 2.5365452285
0.627 0.00841346 2.5403266750
0.628 0.00963892 2.5453686035
0.629 0.0110745 2.5483097285
0.63 0.0127547 2.5529314963
0.631 0.0147155 2.5562927820
0.632 0.0169911 2.5583935855
0.633 0.0196082 2.5655363176
0.635 0.0258948 2.5730992104
0.636 0.0295183 2.5756201747
0.637 0.0333846 2.5819225854
0.638 0.0374071 2.5840233889
0.639 0.0414901 2.5886451568
0.64 0.0455421 2.5915862818
0.641 0.0494878 2.5957878889
0.642 0.0532735 2.6018802192
0.643 0.0568667 2.6056616656
0.644 0.0602531 2.6090229513
0.645 0.0634316 2.6132245584
0.646 0.06641 2.6174261655
0.647 0.0692012 2.6203672905
0.648 0.0718206 2.6237285762
0.649 0.0742842 2.6281402637
0.65 0.0766078 2.6327620315
0.651 0.0788064 2.6375938797
0.653 0.0828821 2.6443164510
0.654 0.0847828 2.6489382189
0.655 0.0866061 2.6522995046
0.656 0.0883607 2.6569212724
0.657 0.0900548 2.6611228795
0.658 0.0916955 2.6661648080
0.659 0.0932892 2.6691059330
0.66 0.0948417 2.6747781026
0.661 0.0963583 2.6785595490
0.662 0.0978436 2.6806603526
0.663 0.0993018 2.6848619597
0.664 0.100737 2.6901139686
0.665 0.102153 2.6943155757
0.666 0.103552 2.6985171828
0.667 0.104939 2.7022986292
0.668 0.106315 2.7056599149
0.669 0.107683 2.7109119238
0.67 0.109047 2.7142732095
0.671 0.110408 2.7172143345
0.672 0.111769 2.7222562630
0.673 0.113131 2.7239369059
0.674 0.114498 2.7310796380
0.675 0.115871 2.7340207629
0.676 0.117252 2.7373820486
0.677 0.118643 2.7399030129
0.678 0.120046 2.7459953432
0.679 0.121463 2.7493566289
0.68 0.122896 2.7535582360
0.681 0.124347 2.7579699235
