0.9 0.1192 2.8048878696
0.901 0.12024 2.8079690482
0.902 0.121284 2.8106300660
0.903 0.122332 2.8141314053
0.904 0.123381 2.8188932267
0.905 0.124432 2.8219744052
0.906 0.125485 2.8244953695
0.907 0.126541 2.8275765480
0.908 0.127598 2.8302375659
0.909 0.128659 2.8334587980
0.91 0.129722 2.8379405122
0.911 0.130787 2.8414418515
0.912 0.131852 2.8424222265
0.913 0.132923 2.8449431908
0.914 0.133995 2.8483044765
0.915 0.135069 2.8534864586
0.916 0.136143 2.8551671014
0.917 0.137219 2.8581082264
0.918 0.138301 2.8628700478
0.919 0.139382 2.8651109049
0.92 0.140468 2.8690324049
0.921 0.141552 2.8721135834
0.922 0.14264 2.8747746013
0.923 0.143728 2.8761751370
0.924 0.14482 2.8785560477
0.925 0.145914 2.8821974405
0.926 0.14701 2.8873794226
0.927 0.148107 2.8915810297
0.928 0.149204 2.8918611369
0.929 0.150306 2.8966229583
0.93 0.151409 2.8999842440
0.931 0.152512 2.9018049404
0.932 0.153617 2.9050261725
0.933 0.154726 2.9092277796
0.934 0.155834 2.9102081546
0.935 0.156948 2.9158102974
0.936 0.158059 2.9177710474
0.937 0.159174 2.9205721188
0.938 0.16029 2.9246336724
0.939 0.161405 2.9253339402
0.94 0.162525 2.9310761366
0.941 0.163646 2.9330368866
0.942 0.164768 2.9375186009
0.943 0.165893 2.9414401008
0.944 0.167017 2.9438210115
0.945 0.168143 2.9445212794
0.946 0.169273 2.9506836365
0.947 0.1704 2.9512438508
0.948 0.171532 2.9540449222
0.949 0.172665 2.9576863150
0.95 0.173799 2.9613277078
0.951 0.174934 2.9660895292
0.952 0.176071 2.9700110292
0.953 0.177209 2.9719717792
0.954 0.178349 2.9758932792
0.955 0.179488 2.9775739220
0.956 0.180629 2.9788344042
0.957 0.181774 2.9826158506
0.958 0.182919 2.9862572434
0.959 0.184065 2.9882179934
0.96 0.185214 2.9921394934
0.961 0.186362 2.9970413683
0.962 0.187513 3.0004026540
0.963 0.188664 3.0026435111
0.964 0.189817 3.0060047968
0.965 0.190971 3.0093660825
0.966 0.192126 3.0120271004
0.967 0.193281 3.0138477968
0.968 0.194442 3.0187496717
0.969 0.1956 3.0209905289
0.97 0.196761 3.0243518146
0.971 0.197923 3.0268727788
0.972 0.199087 3.0307942788
0.973 0.200251 3.0334552967
0.974 0.201416 3.0351359395
0.975 0.202585 3.0404579752
0.976 0.203754 3.0429789394
0.977 0.204924 3.0477407608
0.978 0.206094 3.0498415644
0.979 0.207266 3.0512421001
0.98 0.208442 3.0553036536
0.981 0.209617 3.0572644036
0.982 0.210795 3.0607657429
0.983 0.211973 3.0644071357
0.984 0.213153 3.0681885821
0.985 0.214334 3.0718299750
0.986 0.215517 3.0740708321
0.987 0.216699 3.0772920642
0.988 0.217886 3.0821939392
0.989 0.219073 3.0844347963
0.99 0.220261 3.0859753856
0.991 0.221452 3.0908772606
0.992 0.222642 3.0925579034
0.993 0.223837 3.0967595105
0.994 0.225031 3.0992804748
0.995 0.226227 3.1016613855
0.996 0.227424 3.1033420283
0.997 0.228624 3.1083839569
0.998 0.229825 3.1120253497
0.999 0.231028 3.1152465818
1 0.232231 3.1188879747
1.001 0.233436 3.1216890461
1.002 0.234643 3.1229495282
1.003 0.235851 3.1284116174
1.004 0.23706 3.1300922603
1.005 0.23827 3.1338737067
1.006 0.239479 3.1369548852
1.007 0.240682 3.1331734388
1.008 0.241884 3.1275712960
1.009 0.243091 3.1229495282
1.01 0.244303 3.1244901175
0.801 0.0351004 2.4966299610
0.802 0.03568 2.4995710859
0.803 0.0362645 2.5023721574
0.804 0.0368584 2.5064337109
0.805 0.0374587 2.5090947287
0.807 0.0386795 2.5166576215
0.808 0.0393019 2.5198788537
0.809 0.0399284 2.5219796572
0.81 0.0405633 2.5249207822
0.811 0.0412052 2.5287022286
0.812 0.0418535 2.5305229250
0.813 0.0425102 2.5344444250
0.814 0.0431728 2.5366852821
0.815 0.043842 2.5399065142
0.816 0.0445164 2.5436879606
0.817 0.0451998 2.5480296213
0.818 0.045888 2.5497102642
0.819 0.0465855 2.5539118713
0.82 0.0472872 2.5567129427
0.821 0.0479952 2.5589537998
0.822 0.0487117 2.5625951927
0.823 0.0494317 2.5649761034
0.824 0.0501598 2.5686174962
0.825 0.0508935 2.5705782462
0.826 0.0516344 2.5746397997
0.827 0.0523805 2.5782811926
0.828 0.0531337 2.5824827997
0.829 0.0538918 2.5840233889
0.83 0.0546541 2.5873846746
0.831 0.055426 2.5914462282
0.832 0.0562029 2.5953677282
0.833 0.0569831 2.5964881567
0.834 0.0577719 2.6004096567
0.835 0.058564 2.6023704067
0.836 0.0593615 2.6047513174
0.837 0.0601666 2.6100733531
0.838 0.0609758 2.6117539959
0.839 0.0617914 2.6163757637
0.84 0.0626102 2.6187566744
0.841 0.0634365 2.6225381208
0.842 0.0642676 2.6256192994
0.843 0.0651022 2.6271598887
0.844 0.0659428 2.6301010136
0.846 0.0676389 2.6362633707
0.847 0.0684958 2.6404649779
0.848 0.0693555 2.6442464243
0.849 0.0702222 2.6476077099
0.85 0.0710888 2.6491482992
0.851 0.0719654 2.6537700671
0.852 0.0728449 2.6565711385
0.853 0.0737297 2.6579716742
0.854 0.0746183 2.6614730134
0.855 0.0755124 2.6651144063
0.856 0.076413 2.6695961205
0.857 0.0773152 2.6708566027
0.858 0.0782239 2.6735176205
0.859 0.0791392 2.6778592812
0.86 0.0800591 2.6801001383
0.861 0.0809882 2.6848619597
0.862 0.081927 2.6882232454
0.863 0.0828756 2.6910243168
0.864 0.0838428 2.6925649061
0.865 0.0848512 2.6966264596
0.866 0.0859806 2.6999877453
0.867 0.0879868 2.7027888167
0.868 0.0866749 2.7047495667
0.869 0.0879918 2.7083909595
0.87 0.0890684 2.7116121917
0.871 0.0900817 2.7149734774
0.872 0.0910726 2.7181947095
0.873 0.0920552 2.7232366380
0.874 0.0930326 2.7246371737
0.875 0.0940101 2.7279984594
0.876 0.0949895 2.7307995308
0.877 0.0959685 2.7341608165
0.878 0.0969506 2.7366817808
0.879 0.0979322 2.7394828522
0.88 0.0989178 2.7421438700
0.881 0.0999074 2.7463454771
0.882 0.1009 2.7508271914
0.883 0.101894 2.7544685842
0.884 0.102889 2.7553089057
0.885 0.103889 2.7599306735
0.886 0.104889 2.7617513699
0.887 0.105894 2.7655328163
0.888 0.106903 2.7688941020
0.889 0.107914 2.7722553877
0.89 0.108925 2.7743561912
0.891 0.109941 2.7772973162
0.892 0.110961 2.7810787626
0.893 0.11198 2.7834596733
0.894 0.113003 2.7872411197
0.895 0.11403 2.7911626197
0.896 0.115058 2.7936835840
0.897 0.116091 2.7973249768
0.898 0.117125 2.7992857268
0.899 0.118162 2.8029271196
0.601 0.00104195 1.8725512509
0.602 0.00106042 1.8761926437
0.603 0.00107776 1.8788536615
0.604 0.00109713 1.8812345722
0.605 0.00111677 1.8851560722
0.606 0.00113506 1.8882372507
0.607 0.00115426 1.8906181614
0.608 0.00117584 1.8959401971
0.609 0.00119564 1.8973407328
0.61 0.00121733 1.9015423399
0.611 0.00123676 1.9037831971
0.612 0.0012591 1.9072845363
0.613 0.00128174 1.9106458220
0.614 0.00130303 1.9126065720
0.615 0.00132615 1.9166681256
0.616 0.00134918 1.9197493041
0.617 0.00137235 1.9231105898
0.618 0.00139626 1.9264718755
0.619 0.001421 1.9303933755
0.62 0.00144594 1.9329143397
0.621 0.00147109 1.9357154111
0.622 0.00149645 1.9380963218
0.623 0.00152203 1.9407573397
0.624 0.00154984 1.9460793754
0.625 0.00157581 1.9477600182
0.626 0.00160332 1.9514014110
0.627 0.00163037 1.9539223753
0.628 0.00166043 1.9579839289
0.629 0.00168902 1.9606449467
0.63 0.00171892 1.9634460181
0.631 0.00174706 1.9658269288
0.632 0.00177971 1.9712890180
0.633 0.00181075 1.9729696609
0.634 0.00184138 1.9760508394
0.635 0.00187378 1.9798322858
0.636 0.00190701 1.9823532501
0.637 0.00193975 1.9861346965
0.638 0.00197359 1.9889357679
0.639 0.00200922 1.9917368393
0.64 0.0020433 1.9941177500
0.641 0.0020798 1.9970588750
0.642 0.00211614 2.0001400536
0.643 0.00215329 2.0030811786
0.644 0.00219005 2.0071427321
0.645 0.00223014 2.0120446071
0.646 0.002269 2.0145655713
0.647 0.00230912 2.0179268570
0.648 0.00234894 2.0198876070
0.649 0.00239103 2.0232488927
0.65 0.00243218 2.0252096427
0.651 0.00247606 2.0284308748
0.652 0.00251892 2.0323523748
0.653 0.00256266 2.0355736069
0.654 0.00260883 2.0392149997
0.655 0.00265526 2.0417359640
0.656 0.00270191 2.0456574640
0.657 0.00274988 2.0487386425
0.658 0.002798 2.0515397139
0.659 0.00284781 2.0549009996
0.66 0.00289805 2.0568617496
0.661 0.0029489 2.0602230353
0.662 0.00300202 2.0631641603
0.663 0.00305406 2.0673657674
0.664 0.00310803 2.0691864638
0.665 0.00316385 2.0750687138
0.666 0.00321995 2.0771695173
0.667 0.00327565 2.0792703209
0.668 0.00333559 2.0834719280
0.669 0.00339345 2.0843122494
0.67 0.00345359 2.0873934280
0.671 0.00351557 2.0918751422
0.672 0.0035784 2.0953764815
