#--------  atom file: al.al  -  start   --------
     3                                                       #NL
   0.3484850       0.053030       0.010714  
    13            2.990764      2.990764
   -0.011554                                                !EF
    0.0                                            !Potential Shift
    0                                              !Swap spin
    2                                              !NS   
   293
       66.51504       -1299933      -636146.8      -415079.5
      -304688.9      -238566.7      -194576.5      -163231.7
      -139788.7      -121612.5      -107121.8      -95310.53
      -85508.02      -77249.89      -70204.49      -64128.62
       -58839.9      -54198.85      -50097.04      -46448.83
      -43185.76      -40252.38      -37603.36      -35201.26
      -33014.86      -31017.97      -29188.42      -27507.34
      -25958.56      -24528.14      -23204.01      -21975.65
      -20833.89      -19770.63      -18778.76      -17851.99
      -16984.71      -16171.94      -15409.21      -14692.52
      -14018.28      -13383.24      -12784.48      -12219.34
       -11685.4      -11180.47      -10702.56      -10249.82
      -9820.589      -9413.328      -9026.628      -8659.188
      -8309.813      -7977.399      -7660.925      -7359.444
      -7072.083      -6798.027      -6536.521      -6286.863
      -6048.397      -5820.514      -5602.643      -5394.252
      -5194.844      -5003.952      -4821.139      -4645.995
      -4478.137      -4317.202      -4162.851      -4014.764
      -3872.639      -3736.194      -3605.161      -3479.287
      -3358.333      -3242.075      -3130.299      -3022.803
      -2919.397        -2819.9       -2724.14      -2631.955
      -2543.191      -2457.701      -2375.347      -2295.996
      -2219.522      -2145.807      -2074.736      -2006.202
      -1940.101      -1876.336      -1814.812       -1755.44
      -1698.135      -1642.817      -1589.407      -1537.832
       -1488.02      -1439.904      -1393.421      -1348.506
      -1305.103      -1263.154      -1222.605      -1183.405
      -1145.503      -1108.853      -1073.408      -1039.126
      -1005.963      -973.8813      -942.8411      -912.8057
      -883.7398      -855.6094      -828.3819      -802.0259
      -776.5113      -751.8093       -727.892      -704.7328
       -682.306      -660.5869      -639.5517      -619.1777
      -599.4429       -580.326      -561.8068      -543.8657
      -526.4838      -509.6429      -493.3254      -477.5145
       -462.194      -447.3481      -432.9616        -419.02
      -405.5093      -392.4157      -379.7262      -367.4281
      -355.5091      -343.9574      -332.7616      -321.9106
      -311.3937      -301.2007      -291.3214      -281.7463
      -272.4659      -263.4712      -254.7534      -246.3041
       -238.115      -230.1781      -222.4857      -215.0303
      -207.8047       -200.802      -194.0152      -187.4378
      -181.0634      -174.8859      -168.8993      -163.0979
      -157.4759      -152.0282      -146.7493      -141.6344
      -136.6785      -131.8769      -127.2251      -122.7188
      -118.3537      -114.1257       -110.031      -106.0658
      -102.2263       -98.5091      -94.91071      -91.42782
      -88.05718      -84.79564       -81.6401      -78.58754
      -75.63498      -72.77951      -70.01826      -67.34841
      -64.76718      -62.27186      -59.85978      -57.52836
      -55.27508      -53.09748       -50.9932      -48.95997
      -46.99561      -45.09802      -43.26521      -41.49525
      -39.78633      -38.13671      -36.54473      -35.00879
      -33.52738      -32.09903      -30.72235      -29.39596
      -28.11855      -26.88885      -25.70559      -24.56756
      -23.47355      -22.42238      -21.41286      -20.44382
      -19.51412      -18.62261      -17.76812      -16.94953
      -16.16568      -15.41545      -14.69768      -14.01126
      -13.35505      -12.72795      -12.12884      -11.55661
       -11.0102      -10.48851      -9.990511      -9.515159
      -9.061447       -8.62839      -8.215032      -7.820447
      -7.443741      -7.084057      -6.740571      -6.412503
      -6.099111      -5.799694      -5.513597      -5.240208
      -4.978959      -4.729331      -4.490847      -4.263075
      -4.045623      -3.838141      -3.640314      -3.451856
       -3.27251       -3.10203      -2.940174      -2.786699
      -2.641353       -2.50386      -2.373923      -2.251218
      -2.135392      -2.026078      -1.922899      -1.825482
      -1.733463      -1.646502      -1.564283      -1.486525
      -1.412982      -1.343443      -1.277732      -1.215708
      -1.157254       -1.10228      -1.050722      -1.002533
     -0.9576855     -0.9161697     -0.8779815     -0.8431294
     -0.8116316     -0.7835142     -0.7588094     -0.7375588
     -0.7198006       -0.70558     -0.6949452     -0.6879428
     -0.6846363
   293
       66.51504       -1299933      -636146.8      -415079.5
      -304688.9      -238566.7      -194576.5      -163231.7
      -139788.7      -121612.5      -107121.8      -95310.53
      -85508.02      -77249.89      -70204.49      -64128.62
       -58839.9      -54198.85      -50097.04      -46448.83
      -43185.76      -40252.38      -37603.36      -35201.26
      -33014.86      -31017.97      -29188.42      -27507.34
      -25958.56      -24528.14      -23204.01      -21975.65
      -20833.89      -19770.63      -18778.76      -17851.99
      -16984.71      -16171.94      -15409.21      -14692.52
      -14018.28      -13383.24      -12784.48      -12219.34
       -11685.4      -11180.47      -10702.56      -10249.82
      -9820.589      -9413.328      -9026.628      -8659.188
      -8309.813      -7977.399      -7660.925      -7359.444
      -7072.083      -6798.027      -6536.521      -6286.863
      -6048.397      -5820.514      -5602.643      -5394.252
      -5194.844      -5003.952      -4821.139      -4645.995
      -4478.137      -4317.202      -4162.851      -4014.764
      -3872.639      -3736.194      -3605.161      -3479.287
      -3358.333      -3242.075      -3130.299      -3022.803
      -2919.397        -2819.9       -2724.14      -2631.955
      -2543.191      -2457.701      -2375.347      -2295.996
      -2219.522      -2145.807      -2074.736      -2006.202
      -1940.101      -1876.336      -1814.812       -1755.44
      -1698.135      -1642.817      -1589.407      -1537.832
       -1488.02      -1439.904      -1393.421      -1348.506
      -1305.103      -1263.154      -1222.605      -1183.405
      -1145.503      -1108.853      -1073.408      -1039.126
      -1005.963      -973.8813      -942.8411      -912.8057
      -883.7398      -855.6094      -828.3819      -802.0259
      -776.5113      -751.8093       -727.892      -704.7328
       -682.306      -660.5869      -639.5517      -619.1777
      -599.4429       -580.326      -561.8068      -543.8657
      -526.4838      -509.6429      -493.3254      -477.5145
       -462.194      -447.3481      -432.9616        -419.02
      -405.5093      -392.4157      -379.7262      -367.4281
      -355.5091      -343.9574      -332.7616      -321.9106
      -311.3937      -301.2007      -291.3214      -281.7463
      -272.4659      -263.4712      -254.7534      -246.3041
       -238.115      -230.1781      -222.4857      -215.0303
      -207.8047       -200.802      -194.0152      -187.4378
      -181.0634      -174.8859      -168.8993      -163.0979
      -157.4759      -152.0282      -146.7493      -141.6344
      -136.6785      -131.8769      -127.2251      -122.7188
      -118.3537      -114.1257       -110.031      -106.0658
      -102.2263       -98.5091      -94.91071      -91.42782
      -88.05718      -84.79564       -81.6401      -78.58754
      -75.63498      -72.77951      -70.01826      -67.34841
      -64.76718      -62.27186      -59.85978      -57.52836
      -55.27508      -53.09748       -50.9932      -48.95997
      -46.99561      -45.09802      -43.26521      -41.49525
      -39.78633      -38.13671      -36.54473      -35.00879
      -33.52738      -32.09903      -30.72235      -29.39596
      -28.11855      -26.88885      -25.70559      -24.56756
      -23.47355      -22.42238      -21.41286      -20.44382
      -19.51412      -18.62261      -17.76812      -16.94953
      -16.16568      -15.41545      -14.69768      -14.01126
      -13.35505      -12.72795      -12.12884      -11.55661
       -11.0102      -10.48851      -9.990511      -9.515159
      -9.061447       -8.62839      -8.215032      -7.820447
      -7.443741      -7.084057      -6.740571      -6.412503
      -6.099111      -5.799694      -5.513597      -5.240208
      -4.978959      -4.729331      -4.490847      -4.263075
      -4.045623      -3.838141      -3.640314      -3.451856
       -3.27251       -3.10203      -2.940174      -2.786699
      -2.641353       -2.50386      -2.373923      -2.251218
      -2.135392      -2.026078      -1.922899      -1.825482
      -1.733463      -1.646502      -1.564283      -1.486525
      -1.412982      -1.343443      -1.277732      -1.215708
      -1.157254       -1.10228      -1.050722      -1.002533
     -0.9576855     -0.9161697     -0.8779815     -0.8431294
     -0.8116316     -0.7835142     -0.7588094     -0.7375588
     -0.7198006       -0.70558     -0.6949452     -0.6879428
     -0.6846363
