#--------  atom file: pb.pb  -  start   --------
     3                                                       #NL
   0.3484850       0.053030       0.010714  
    82            3.3      3.3
   -0.01068                                                !EF
    0.0                                            !Potential Shift
    0                                              !Swap spin
    2                                              !NS   
   421
       638.5589       -8199066       -4040998       -2655515
       -1963176       -1548090       -1271627       -1074374
      -926624.7      -811875.8      -720224.9      -645370.7
      -583112.4      -530541.5      -485580.9      -446707.2
      -412777.8      -382919.1      -356451.6      -332838.9
      -311651.8        -292543      -275228.2      -259472.7
      -245080.8      -231888.3        -219756      -208565.5
      -198215.5      -188618.3      -179698.1      -171388.9
        -163633      -156379.6      -149583.9      -143206.3
      -137211.5        -131568      -126247.8      -121225.7
      -116478.9      -111986.9      -107731.3      -103695.3
      -99863.47      -96222.06      -92758.32      -89460.66
      -86318.44      -83321.89      -80462.04      -77730.61
      -75119.97      -72623.06      -70233.37      -67944.84
      -65751.86       -63649.2      -61632.01      -59695.77
      -57836.27      -56049.55      -54331.93      -52679.97
      -51090.44      -49560.31      -48086.74      -46667.05
      -45298.73      -43979.42      -42706.89      -41479.03
      -40293.88      -39149.55      -38044.27      -36976.38
      -35944.29      -34946.51       -33981.6      -33048.23
      -32145.11      -31271.03      -30424.83      -29605.43
      -28811.77      -28042.86      -27297.76      -26575.56
      -25875.41      -25196.49      -24538.01      -23899.23
      -23279.44      -22677.95      -22094.12      -21527.31
      -20976.94      -20442.43      -19923.24      -19418.84
      -18928.73      -18452.42      -17989.47      -17539.42
      -17101.85      -16676.35      -16262.53      -15860.02
      -15468.44      -15087.45      -14716.72      -14355.92
      -14004.75       -13662.9      -13330.09      -13006.04
      -12690.48      -12383.16      -12083.83      -11792.25
      -11508.19      -11231.42      -10961.74      -10698.93
       -10442.8      -10193.15      -9949.795      -9712.556
       -9481.26      -9255.737      -9035.825      -8821.368
      -8612.213      -8408.214      -8209.228      -8015.118
      -7825.751      -7640.998      -7460.734      -7284.838
      -7113.194      -6945.687      -6782.208      -6622.651
      -6466.912       -6314.89      -6166.489      -6021.613
      -5880.173      -5742.078      -5607.242      -5475.582
      -5347.016      -5221.466      -5098.854      -4979.106
      -4862.151      -4747.917      -4636.336      -4527.343
      -4420.873      -4316.863      -4215.254      -4115.985
          -4019      -3924.244      -3831.662      -3741.201
      -3652.812      -3566.443      -3482.048      -3399.579
      -3318.991      -3240.239      -3163.281      -3088.074
      -3014.577      -2942.751      -2872.557      -2803.956
      -2736.913      -2671.391      -2607.356      -2544.772
      -2483.607      -2423.829      -2365.405      -2308.304
      -2252.496      -2197.953      -2144.644      -2092.542
      -2041.619      -1991.849      -1943.206      -1895.664
      -1849.198      -1803.784      -1759.398      -1716.018
      -1673.621      -1632.185      -1591.689      -1552.113
      -1513.435      -1475.637      -1438.699      -1402.602
      -1367.328       -1332.86       -1299.18       -1266.27
      -1234.114      -1202.695      -1171.999      -1142.008
      -1112.707      -1084.083      -1056.118        -1028.8
      -1002.115      -976.0473       -950.585      -925.7146
      -901.4234      -877.6988      -854.5289      -831.9017
      -809.8058        -788.23      -767.1634      -746.5953
      -726.5153      -706.9132      -687.7791      -669.1032
       -650.876      -633.0879      -615.7297      -598.7923
      -582.2666      -566.1438       -550.415      -535.0716
       -520.105      -505.5067      -491.2685       -477.382
      -463.8392      -450.6321      -437.7529       -425.194
      -412.9477       -401.007      -389.3645      -378.0135
      -366.9472       -356.159      -345.6428      -335.3924
      -325.4019      -315.6656       -306.178      -296.9337
      -287.9274      -279.1538      -270.6081       -262.285
      -254.1798      -246.2876      -238.6034      -231.1226
      -223.8405      -216.7525      -209.8541       -203.141
      -196.6091      -190.2542      -184.0726      -178.0605
      -172.2143      -166.5308      -161.0065      -155.6385
      -150.4236      -145.3588      -140.4415      -135.6686
      -131.0375      -126.5454      -122.1894      -117.9669
       -113.875       -109.911       -106.072      -102.3551
      -98.75746      -95.27606      -91.90805      -88.65035
      -85.50003      -82.45405      -79.50939      -76.66311
      -73.91217      -71.25366      -68.68464      -66.20225
      -63.80371      -61.48622      -59.24716      -57.08389
       -54.9939      -52.97477      -51.02413      -49.13974
      -47.31938      -45.56099      -43.86253      -42.22204
      -40.63767      -39.10754      -37.62999       -36.2032
       -34.8256      -33.49552      -32.21139      -30.97172
      -29.77495      -28.61974       -27.5046      -26.42823
      -25.38931      -24.38656      -23.41886      -22.48495
      -21.58385      -20.71442      -19.87571      -19.06675
      -18.28659      -17.53445      -16.80938      -16.11067
      -15.43747      -14.78907      -14.16473       -13.5637
       -12.9854      -12.42901        -11.894      -11.37963
      -10.88531      -10.41041      -9.954279      -9.516395
      -9.096055      -8.692787      -8.305931       -7.93497
      -7.579349      -7.238493      -6.911949      -6.599103
      -6.299559      -6.012732      -5.738202      -5.475484
      -5.224111      -4.983697      -4.753735      -4.533922
      -4.323756      -4.122925      -3.931019      -3.747686
      -3.572608      -3.405393       -3.24581      -3.093453
      -2.948111      -2.809436      -2.677185      -2.551096
      -2.430886      -2.316373      -2.207244      -2.103372
      -2.004457      -1.910357      -1.820845       -1.73574
       -1.65489      -1.578075      -1.505213      -1.436064
      -1.370566      -1.308515      -1.249823      -1.194352
      -1.141975       -1.09262      -1.046125      -1.002475
     -0.9614963     -0.9231734     -0.8873803      -0.854072
     -0.8231794     -0.7946251      -0.768396     -0.7443853
     -0.7226313     -0.7030218     -0.6855895     -0.6702742
     -0.6570838     -0.6460125     -0.6370451     -0.6301773
     -0.6255307
   421
       638.5589       -8199066       -4040998       -2655515
       -1963176       -1548090       -1271627       -1074374
      -926624.7      -811875.8      -720224.9      -645370.7
      -583112.4      -530541.5      -485580.9      -446707.2
      -412777.8      -382919.1      -356451.6      -332838.9
      -311651.8        -292543      -275228.2      -259472.7
      -245080.8      -231888.3        -219756      -208565.5
      -198215.5      -188618.3      -179698.1      -171388.9
        -163633      -156379.6      -149583.9      -143206.3
      -137211.5        -131568      -126247.8      -121225.7
      -116478.9      -111986.9      -107731.3      -103695.3
      -99863.47      -96222.06      -92758.32      -89460.66
      -86318.44      -83321.89      -80462.04      -77730.61
      -75119.97      -72623.06      -70233.37      -67944.84
      -65751.86       -63649.2      -61632.01      -59695.77
      -57836.27      -56049.55      -54331.93      -52679.97
      -51090.44      -49560.31      -48086.74      -46667.05
      -45298.73      -43979.42      -42706.89      -41479.03
      -40293.88      -39149.55      -38044.27      -36976.38
      -35944.29      -34946.51       -33981.6      -33048.23
      -32145.11      -31271.03      -30424.83      -29605.43
      -28811.77      -28042.86      -27297.76      -26575.56
      -25875.41      -25196.49      -24538.01      -23899.23
      -23279.44      -22677.95      -22094.12      -21527.31
      -20976.94      -20442.43      -19923.24      -19418.84
      -18928.73      -18452.42      -17989.47      -17539.42
      -17101.85      -16676.35      -16262.53      -15860.02
      -15468.44      -15087.45      -14716.72      -14355.92
      -14004.75       -13662.9      -13330.09      -13006.04
      -12690.48      -12383.16      -12083.83      -11792.25
      -11508.19      -11231.42      -10961.74      -10698.93
       -10442.8      -10193.15      -9949.795      -9712.556
       -9481.26      -9255.737      -9035.825      -8821.368
      -8612.213      -8408.214      -8209.228      -8015.118
      -7825.751      -7640.998      -7460.734      -7284.838
      -7113.194      -6945.687      -6782.208      -6622.651
      -6466.912       -6314.89      -6166.489      -6021.613
      -5880.173      -5742.078      -5607.242      -5475.582
      -5347.016      -5221.466      -5098.854      -4979.106
      -4862.151      -4747.917      -4636.336      -4527.343
      -4420.873      -4316.863      -4215.254      -4115.985
          -4019      -3924.244      -3831.662      -3741.201
      -3652.812      -3566.443      -3482.048      -3399.579
      -3318.991      -3240.239      -3163.281      -3088.074
      -3014.577      -2942.751      -2872.557      -2803.956
      -2736.913      -2671.391      -2607.356      -2544.772
      -2483.607      -2423.829      -2365.405      -2308.304
      -2252.496      -2197.953      -2144.644      -2092.542
      -2041.619      -1991.849      -1943.206      -1895.664
      -1849.198      -1803.784      -1759.398      -1716.018
      -1673.621      -1632.185      -1591.689      -1552.113
      -1513.435      -1475.637      -1438.699      -1402.602
      -1367.328       -1332.86       -1299.18       -1266.27
      -1234.114      -1202.695      -1171.999      -1142.008
      -1112.707      -1084.083      -1056.118        -1028.8
      -1002.115      -976.0473       -950.585      -925.7146
      -901.4234      -877.6988      -854.5289      -831.9017
      -809.8058        -788.23      -767.1634      -746.5953
      -726.5153      -706.9132      -687.7791      -669.1032
       -650.876      -633.0879      -615.7297      -598.7923
      -582.2666      -566.1438       -550.415      -535.0716
       -520.105      -505.5067      -491.2685       -477.382
      -463.8392      -450.6321      -437.7529       -425.194
      -412.9477       -401.007      -389.3645      -378.0135
      -366.9472       -356.159      -345.6428      -335.3924
      -325.4019      -315.6656       -306.178      -296.9337
      -287.9274      -279.1538      -270.6081       -262.285
      -254.1798      -246.2876      -238.6034      -231.1226
      -223.8405      -216.7525      -209.8541       -203.141
      -196.6091      -190.2542      -184.0726      -178.0605
      -172.2143      -166.5308      -161.0065      -155.6385
      -150.4236      -145.3588      -140.4415      -135.6686
      -131.0375      -126.5454      -122.1894      -117.9669
       -113.875       -109.911       -106.072      -102.3551
      -98.75746      -95.27606      -91.90805      -88.65035
      -85.50003      -82.45405      -79.50939      -76.66311
      -73.91217      -71.25366      -68.68464      -66.20225
      -63.80371      -61.48622      -59.24716      -57.08389
       -54.9939      -52.97477      -51.02413      -49.13974
      -47.31938      -45.56099      -43.86253      -42.22204
      -40.63767      -39.10754      -37.62999       -36.2032
       -34.8256      -33.49552      -32.21139      -30.97172
      -29.77495      -28.61974       -27.5046      -26.42823
      -25.38931      -24.38656      -23.41886      -22.48495
      -21.58385      -20.71442      -19.87571      -19.06675
      -18.28659      -17.53445      -16.80938      -16.11067
      -15.43747      -14.78907      -14.16473       -13.5637
       -12.9854      -12.42901        -11.894      -11.37963
      -10.88531      -10.41041      -9.954279      -9.516395
      -9.096055      -8.692787      -8.305931       -7.93497
      -7.579349      -7.238493      -6.911949      -6.599103
      -6.299559      -6.012732      -5.738202      -5.475484
      -5.224111      -4.983697      -4.753735      -4.533922
      -4.323756      -4.122925      -3.931019      -3.747686
      -3.572608      -3.405393       -3.24581      -3.093453
      -2.948111      -2.809436      -2.677185      -2.551096
      -2.430886      -2.316373      -2.207244      -2.103372
      -2.004457      -1.910357      -1.820845       -1.73574
       -1.65489      -1.578075      -1.505213      -1.436064
      -1.370566      -1.308515      -1.249823      -1.194352
      -1.141975       -1.09262      -1.046125      -1.002475
     -0.9614963     -0.9231734     -0.8873803      -0.854072
     -0.8231794     -0.7946251      -0.768396     -0.7443853
     -0.7226313     -0.7030218     -0.6855895     -0.6702742
     -0.6570838     -0.6460125     -0.6370451     -0.6301773
     -0.6255307
