0.4 0.605673 1.2589792060
0.401 0.608453 1.2589792060
0.402 0.611235 1.2589792060
0.403 0.614018 1.2589792060
0.404 0.616816 1.2892249527
0.405 0.619645 1.2892249527
0.406 0.62248 1.2892249527
0.407 0.625319 1.2892249527
0.408 0.62816 1.2892249527
0.409 0.631 1.2892249527
0.41 0.633839 1.2892249527
0.411 0.636675 1.2892249527
0.412 0.639508 1.2892249527
0.413 0.642337 1.2892249527
0.414 0.645163 1.2892249527
0.415 0.647984 1.2892249527
0.416 0.650841 1.3194706994
0.417 0.653702 1.3194706994
0.418 0.656565 1.3194706994
0.419 0.659427 1.3194706994
0.42 0.662286 1.3194706994
0.421 0.665141 1.3194706994
0.422 0.667991 1.3194706994
0.423 0.670835 1.3194706994
0.424 0.673672 1.3194706994
0.425 0.676504 1.3194706994
0.426 0.679329 1.3194706994
0.427 0.682147 1.3194706994
0.428 0.68496 1.3194706994
0.429 0.687768 1.3194706994
0.43 0.690569 1.3194706994
0.431 0.693391 1.3497164461
0.432 0.696231 1.3497164461
0.433 0.699071 1.3497164461
0.434 0.70191 1.3497164461
0.435 0.704747 1.3497164461
0.436 0.707579 1.3497164461
0.437 0.710406 1.3497164461
0.438 0.713228 1.3497164461
0.439 0.716043 1.3497164461
0.44 0.718853 1.3497164461
0.441 0.721657 1.3497164461
0.442 0.724469 1.3799621928
0.443 0.727307 1.3799621928
0.444 0.730148 1.3799621928
0.445 0.73299 1.3799621928
0.446 0.735849 1.4102079395
0.447 0.738734 1.4102079395
0.448 0.741623 1.4102079395
0.449 0.744513 1.4102079395
0.45 0.747401 1.4102079395
0.451 0.750286 1.4102079395
0.452 0.753168 1.4102079395
0.453 0.756045 1.4102079395
0.454 0.758918 1.4102079395
0.455 0.761787 1.4102079395
0.456 0.764652 1.4102079395
0.457 0.767515 1.4102079395
0.458 0.770375 1.4102079395
0.459 0.773234 1.4102079395
0.46 0.776091 1.4102079395
0.461 0.778953 1.4253308129
0.462 0.78183 1.4253308129
0.463 0.78471 1.4253308129
0.464 0.787592 1.4253308129
0.465 0.790494 1.4555765595
0.466 0.793422 1.4555765595
0.467 0.796355 1.4555765595
0.468 0.799293 1.4555765595
0.469 0.802232 1.4555765595
0.47 0.80517 1.4555765595
0.471 0.808106 1.4555765595
0.472 0.811039 1.4555765595
0.473 0.813967 1.4555765595
0.474 0.816891 1.4555765595
0.475 0.81981 1.4555765595
0.476 0.822727 1.5160680529
0.477 0.825718 1.5160680529
0.478 0.828719 1.5160680529
0.479 0.831725 1.5160680529
0.48 0.834733 1.5160680529
0.481 0.837739 1.5160680529
0.482 0.840742 1.5160680529
0.483 0.843738 1.5160680529
0.484 0.846727 1.5160680529
0.485 0.849709 1.5160680529
0.486 0.852682 1.5160680529
0.487 0.855649 1.5160680529
0.488 0.858618 1.5311909263
0.489 0.861594 1.5311909263
0.49 0.864569 1.5311909263
0.491 0.867541 1.5311909263
0.492 0.87051 1.5311909263
0.493 0.873475 1.5311909263
0.494 0.876438 1.5311909263
0.495 0.879401 1.5614366730
0.496 0.882437 1.5916824197
0.497 0.885492 1.5916824197
0.498 0.888557 1.5916824197
0.499 0.891631 1.5916824197
0.5 0.894711 1.5916824197
0.501 0.897795 1.5916824197
0.502 0.900869 1.5916824197
0.503 0.903681 1.5916824197
0.504 0.903334 1.5879017013
0.505 0.908842 1.5916824197
0.506 0.912668 1.5916824197
0.507 0.913429 1.5916824197
0.508 0.904211 1.5765595463
0.509 0.918513 1.5916824197
0.51 0.923432 1.5916824197
0.511 0.917637 1.5916824197
0.512 0.915454 1.5765595463
0.513 0.93066 1.5916824197
0.514 0.93508 1.5916824197
0.515 0.938571 1.5916824197
0.516 0.941851 1.5916824197
0.517 0.94504 1.5916824197
0.518 0.947849 1.6219281664
0.519 0.936492 1.6068052930
0.52 0.948107 1.6219281664
0.521 0.955709 1.6219281664
0.522 0.958128 1.6521739130
0.523 0.933153 1.6219281664
0.524 0.957866 1.6521739130
0.525 0.96593 1.6521739130
0.526 0.970111 1.6521739130
0.527 0.973669 1.6521739130
0.528 0.977017 1.6521739130
0.529 0.980272 1.6521739130
0.53 0.983479 1.6521739130
0.531 0.986666 1.6521739130
0.532 0.989838 1.6521739130
0.533 0.992869 1.6521739130
0.534 0.981248 1.6370510397
0.535 0.989644 1.6521739130
0.536 1.00036 1.6521739130
0.537 1.00406 1.6521739130
0.538 0.992733 1.6370510397
0.539 1.00588 1.6521739130
0.54 1.01237 1.6521739130
0.541 1.01527 1.6521739130
0.542 0.989569 1.6219281664
0.543 1.01571 1.6521739130
0.544 1.02257 1.6521739130
0.545 1.02647 1.6521739130
0.546 1.02988 1.6521739130
0.547 1.03311 1.6521739130
0.548 1.03628 1.6521739130
0.549 1.03942 1.6672967864
0.55 1.04256 1.6672967864
0.551 1.04572 1.6672967864
0.552 1.04873 1.6672967864
0.553 1.02223 1.6975425331
0.554 1.04027 1.7277882798
0.555 1.0546 1.7277882798
0.556 1.05896 1.7580340265
0.557 1.06256 1.7580340265
0.558 1.06594 1.7580340265
0.559 1.06924 1.7580340265
0.56 1.0725 1.7580340265
0.561 1.07574 1.7580340265
0.562 1.07898 1.7580340265
0.563 1.08224 1.7580340265
0.564 1.08519 1.7882797732
0.565 1.07385 1.7731568998
0.566 1.08992 1.7882797732
0.567 1.09411 1.7882797732
0.568 1.09567 1.8185255198
0.569 1.07124 1.7882797732
0.57 1.10084 1.8185255198
0.571 1.10537 1.8185255198
0.572 1.09421 1.8034026465
0.573 1.10625 1.8185255198
0.574 1.11414 1.8185255198
0.575 1.11797 1.8185255198
0.576 1.12143 1.8185255198
0.577 1.1248 1.8185255198
0.578 1.12815 1.8185255198
0.579 1.1312 1.8185255198
0.58 1.10493 1.7882797732
0.581 1.13278 1.8185255198
0.582 1.13848 1.8185255198
0.583 1.14222 1.8487712665
0.584 1.14561 1.8487712665
0.585 1.14888 1.8487712665
0.586 1.15211 1.8487712665
0.587 1.1553 1.8487712665
0.588 1.15848 1.8487712665
0.589 1.16165 1.8487712665
0.59 1.1648 1.8487712665
0.591 1.16795 1.8487712665
0.592 1.17109 1.8487712665
0.593 1.17424 1.8487712665
0.594 1.1774 1.8487712665
0.595 1.18057 1.8487712665
0.596 1.18379 1.8487712665
0.597 1.18708 1.8487712665
0.598 1.19014 1.8790170132
0.599 1.14907 1.8336483932
0.2 0.148122 0.6389413989
0.201 0.149766 0.6389413989
0.202 0.15142 0.6691871456
0.203 0.153112 0.6691871456
0.204 0.154813 0.6691871456
0.205 0.156519 0.6691871456
0.206 0.158228 0.6691871456
0.207 0.159938 0.6691871456
0.208 0.16165 0.6691871456
0.209 0.163362 0.6691871456
0.21 0.165075 0.6691871456
0.211 0.16679 0.6691871456
0.212 0.168507 0.6691871456
0.213 0.170227 0.6691871456
0.214 0.171951 0.6691871456
0.215 0.173678 0.6691871456
0.216 0.175411 0.6691871456
0.217 0.177149 0.6691871456
0.218 0.178892 0.6691871456
0.219 0.180641 0.6691871456
0.22 0.182395 0.6691871456
0.221 0.18416 0.6994328922
0.222 0.185968 0.6994328922
0.223 0.187789 0.6994328922
0.224 0.18962 0.6994328922
0.225 0.191457 0.6994328922
0.226 0.193299 0.6994328922
0.227 0.195143 0.6994328922
0.228 0.196989 0.6994328922
0.229 0.198836 0.6994328922
0.23 0.200682 0.6994328922
0.231 0.202529 0.6994328922
0.232 0.204374 0.6994328922
0.233 0.206248 0.7296786389
0.234 0.208141 0.7296786389
0.235 0.210039 0.7296786389
0.236 0.21194 0.7296786389
0.237 0.213843 0.7296786389
0.238 0.215745 0.7296786389
0.239 0.217646 0.7296786389
0.24 0.219545 0.7296786389
0.241 0.221442 0.7296786389
0.242 0.223337 0.7296786389
0.243 0.225231 0.7296786389
0.244 0.227129 0.7448015123
0.245 0.229044 0.7448015123
0.246 0.230963 0.7448015123
0.247 0.232884 0.7448015123
0.248 0.234845 0.8052930057
0.249 0.236863 0.8052930057
0.25 0.238896 0.8052930057
0.251 0.240937 0.8052930057
0.252 0.242985 0.8052930057
0.253 0.245034 0.8052930057
0.254 0.247084 0.8052930057
0.255 0.249134 0.8052930057
0.256 0.251182 0.8052930057
0.257 0.253229 0.8052930057
0.258 0.255276 0.8052930057
0.259 0.257325 0.8355387524
0.26 0.259417 0.8355387524
0.261 0.261519 0.8355387524
0.262 0.263628 0.8355387524
0.263 0.265743 0.8355387524
0.264 0.267864 0.8355387524
0.265 0.26999 0.8355387524
0.266 0.272119 0.8355387524
0.267 0.274252 0.8355387524
0.268 0.276388 0.8355387524
0.269 0.278528 0.8355387524
0.27 0.280672 0.8355387524
0.271 0.28282 0.8355387524
0.272 0.284972 0.8355387524
0.273 0.287128 0.8355387524
0.274 0.289289 0.8355387524
0.275 0.29147 0.8506616257
0.276 0.293663 0.8506616257
0.277 0.295863 0.8506616257
0.278 0.298068 0.8809073724
0.279 0.300319 0.8809073724
0.28 0.30258 0.8809073724
0.281 0.304848 0.8809073724
0.282 0.307126 0.9111531191
0.283 0.309444 0.9111531191
0.284 0.311768 0.9111531191
0.285 0.314095 0.9111531191
0.286 0.316423 0.9111531191
0.287 0.318748 0.9111531191
0.288 0.321071 0.9111531191
0.289 0.32339 0.9111531191
0.29 0.325705 0.9111531191
0.291 0.328016 0.9111531191
0.292 0.330323 0.9111531191
0.293 0.332628 0.9111531191
0.294 0.334931 0.9111531191
0.295 0.337233 0.9111531191
0.296 0.339533 0.9111531191
0.297 0.341833 0.9111531191
0.298 0.344134 0.9111531191
0.299 0.346435 0.9111531191
0.3 0.348737 0.9111531191
0.301 0.35104 0.9111531191
0.302 0.353344 0.9111531191
0.303 0.35565 0.9111531191
0.304 0.357957 0.9111531191
0.305 0.360279 0.9413988658
0.306 0.362634 0.9413988658
0.307 0.364997 0.9413988658
0.308 0.367365 0.9413988658
0.309 0.369747 0.9565217391
0.31 0.372143 0.9565217391
0.311 0.374541 0.9565217391
0.312 0.376939 0.9565217391
0.313 0.379367 0.9867674858
0.314 0.38181 0.9867674858
0.315 0.384257 0.9867674858
0.316 0.386703 0.9867674858
0.317 0.389149 0.9867674858
0.318 0.391592 0.9867674858
0.319 0.394031 0.9867674858
0.32 0.396467 0.9867674858
0.321 0.3989 0.9867674858
0.322 0.401329 0.9867674858
0.323 0.403756 0.9867674858
0.324 0.406204 1.0472589792
0.325 0.408717 1.0472589792
0.326 0.411243 1.0472589792
0.327 0.413777 1.0472589792
0.328 0.416315 1.0472589792
0.329 0.418856 1.0472589792
0.33 0.421396 1.0472589792
0.331 0.423935 1.0472589792
0.332 0.426471 1.0472589792
0.333 0.429004 1.0472589792
0.334 0.431535 1.0472589792
0.335 0.434064 1.0472589792
0.336 0.436592 1.0472589792
0.337 0.439119 1.0472589792
0.338 0.441646 1.0472589792
0.339 0.444175 1.0775047259
0.34 0.446746 1.0775047259
0.341 0.449323 1.0775047259
0.342 0.451907 1.0775047259
0.343 0.454505 1.1077504726
0.344 0.457138 1.1077504726
0.345 0.459776 1.1077504726
0.346 0.462419 1.1077504726
0.347 0.465061 1.1077504726
0.348 0.467703 1.1077504726
0.349 0.470341 1.1077504726
0.35 0.472975 1.1077504726
0.351 0.475605 1.1077504726
0.352 0.478231 1.1077504726
0.353 0.480852 1.1077504726
0.354 0.483469 1.1077504726
0.355 0.486082 1.1077504726
0.356 0.488692 1.1077504726
0.357 0.491299 1.1077504726
0.358 0.493903 1.1077504726
0.359 0.496504 1.1077504726
0.36 0.499103 1.1077504726
0.361 0.501699 1.1077504726
0.362 0.504293 1.1077504726
0.363 0.506884 1.1077504726
0.364 0.509473 1.1077504726
0.365 0.512059 1.1077504726
0.366 0.514643 1.1077504726
0.367 0.517225 1.1077504726
0.368 0.519803 1.1077504726
0.369 0.522379 1.1077504726
0.37 0.524978 1.1379962193
0.371 0.527595 1.1379962193
0.372 0.530215 1.1379962193
0.373 0.532835 1.1379962193
0.374 0.53547 1.1531190926
0.375 0.53811 1.1531190926
0.376 0.540749 1.1531190926
0.377 0.543385 1.1531190926
0.378 0.546016 1.1531190926
0.379 0.548642 1.1531190926
0.38 0.551262 1.1531190926
0.381 0.553887 1.1984877127
0.382 0.556562 1.1984877127
0.383 0.559243 1.1984877127
0.384 0.561927 1.1984877127
0.385 0.564628 1.2287334594
0.386 0.567355 1.2287334594
0.387 0.570087 1.2287334594
0.388 0.572819 1.2287334594
0.389 0.575551 1.2287334594
0.39 0.57828 1.2287334594
0.391 0.581007 1.2287334594
0.392 0.58373 1.2287334594
0.393 0.586451 1.2287334594
0.394 0.589169 1.2287334594
0.395 0.591886 1.2287334594
0.396 0.594603 1.2589792060
0.397 0.59736 1.2589792060
0.398 0.600125 1.2589792060
0.399 0.602896 1.2589792060
