#  Bulk results for: Pt, IVXC=1, NK=   60
     3                                                      # NL
    .3484850       .5303000E-01   .1071400E-01
    78.00000       2.897350       2.897350                  # AZ, WSR
   -.2218807E-01                                            # Fermi Energy
     .0E+00                                                 # Pot.Shift
     0                                                      # SW
     2                                                      # NS
   400                                                      #     Pt     IS=1
    .0000000E+00  -7799122.      -3841761.      -2523198.    
   -1864328.      -1469332.      -1206269.      -1018594.    
   -878031.7      -768876.8      -681704.5      -610517.5    
   -551317.7      -501337.2      -458598.8      -421652.9    
   -389411.9      -361044.4      -335903.8      -313479.5    
   -293363.0      -275223.8      -258791.3      -243842.2    
   -230190.3      -217679.1      -206176.4      -195569.5    
   -185761.7      -176669.9      -168221.8      -160354.6    
   -153013.4      -146149.8      -139721.3      -133690.1    
   -128022.7      -122689.1      -117662.7      -112919.3    
   -108437.5      -104197.8      -100182.4      -96375.55    
   -92762.56      -89330.27      -86066.60      -82960.52    
   -80001.89      -77181.45      -74490.65      -71921.62    
   -69467.11      -67120.41      -64875.31      -62726.06    
   -60667.33      -58694.16      -56801.93      -54986.33    
   -53243.37      -51569.29      -49960.60      -48414.02    
   -46926.48      -45495.11      -44117.20      -42790.22    
   -41511.78      -40279.63      -39091.66      -37945.88    
   -36840.41      -35773.47      -34743.37      -33748.54    
   -32787.47      -31858.74      -30961.00      -30092.97    
   -29253.44      -28441.26      -27655.33      -26894.62    
   -26158.13      -25444.93      -24754.12      -24084.84    
   -23436.28      -22807.67      -22198.27      -21607.36    
   -21034.28      -20478.37      -19939.03      -19415.66    
   -18907.71      -18414.62      -17935.88      -17471.00    
   -17019.50      -16580.93      -16154.85      -15740.85    
   -15338.52      -14947.47      -14567.34      -14197.77    
   -13838.41      -13488.95      -13149.06      -12818.44    
   -12496.79      -12183.84      -11879.32      -11582.96    
   -11294.51      -11013.73      -10740.38      -10474.25    
   -10215.11      -9962.756      -9716.984      -9477.601    
   -9244.417      -9017.253      -8795.931      -8580.284    
   -8370.148      -8165.365      -7965.782      -7771.252    
   -7581.632      -7396.785      -7216.578      -7040.880    
   -6869.569      -6702.522      -6539.623      -6380.759    
   -6225.820      -6074.700      -5927.296      -5783.508    
   -5643.240      -5506.398      -5372.891      -5242.630    
   -5115.530      -4991.508      -4870.483      -4752.377    
   -4637.115      -4524.621      -4414.826      -4307.659    
   -4203.052      -4100.942      -4001.263      -3903.954    
   -3808.956      -3716.210      -3625.661      -3537.252    
   -3450.931      -3366.647      -3284.349      -3203.989    
   -3125.519      -3048.893      -2974.067      -2900.997    
   -2829.642      -2759.959      -2691.910      -2625.454    
   -2560.555      -2497.175      -2435.278      -2374.830    
   -2315.796      -2258.143      -2201.838      -2146.850    
   -2093.149      -2040.703      -1989.483      -1939.461    
   -1890.609      -1842.899      -1796.305      -1750.801    
   -1706.362      -1662.962      -1620.578      -1579.186    
   -1538.764      -1499.290      -1460.740      -1423.096    
   -1386.335      -1350.438      -1315.386      -1281.160    
   -1247.740      -1215.110      -1183.251      -1152.146    
   -1121.778      -1092.132      -1063.190      -1034.938    
   -1007.359      -980.4391      -954.1629      -928.5160    
   -903.4844      -879.0542      -855.2119      -831.9443    
   -809.2386      -787.0823      -765.4632      -744.3695    
   -723.7896      -703.7123      -684.1267      -665.0222    
   -646.3883      -628.2150      -610.4924      -593.2107    
   -576.3606      -559.9325      -543.9174      -528.3062    
   -513.0900      -498.2601      -483.8077      -469.7242    
   -456.0012      -442.6303      -429.6033      -416.9119    
   -404.5482      -392.5042      -380.7722      -369.3445    
   -358.2137      -347.3725      -336.8139      -326.5309    
   -316.5169      -306.7655      -297.2703      -288.0255    
   -279.0252      -270.2637      -261.7356      -253.4357    
   -245.3588      -237.4999      -229.8541      -222.4164    
   -215.1821      -208.1464      -201.3046      -194.6521    
   -188.1843      -181.8967      -175.7850      -169.8450    
   -164.0725      -158.4638      -153.0150      -147.7225    
   -142.5831      -137.5934      -132.7504      -128.0510    
   -123.4924      -119.0719      -114.7867      -110.6342    
   -106.6118      -102.7168      -98.94666      -95.29873    
   -91.77040      -88.35898      -85.06178      -81.87608    
   -78.79912      -75.82809      -72.96018      -70.19254    
   -67.52232      -64.94664      -62.46265      -60.06750    
   -57.75834      -55.53237      -53.38683      -51.31900    
   -49.32621      -47.40586      -45.55541      -43.77240    
   -42.05446      -40.39926      -38.80459      -37.26830    
   -35.78834      -34.36269      -32.98947      -31.66681    
   -30.39294      -29.16614      -27.98476      -26.84718    
   -25.75185      -24.69726      -23.68195      -22.70450    
   -21.76354      -20.85774      -19.98583      -19.14658    
   -18.33880      -17.56135      -16.81314      -16.09314    
   -15.40035      -14.73382      -14.09265      -13.47596    
   -12.88294      -12.31278      -11.76473      -11.23806    
   -10.73206      -10.24606      -9.779406      -9.331459    
   -8.901604      -8.489245      -8.093798      -7.714698    
   -7.351391      -7.003339      -6.670016      -6.350909    
   -6.045517      -5.753353      -5.473941      -5.206820    
   -4.951537      -4.707656      -4.474752      -4.252413    
   -4.040239      -3.837843      -3.644853      -3.460907    
   -3.285657      -3.118767      -2.960050      -2.809036    
   -2.665440      -2.528977      -2.399372      -2.276362    
   -2.159695      -2.049130      -1.944438      -1.845399    
   -1.751805      -1.663458      -1.580168      -1.501756    
   -1.428053      -1.358899      -1.294141      -1.233636    
   -1.177251      -1.124857      -1.076337      -1.031580    
   -.9904807      -.9529437      -.9188785      -.8882016    
   -.8608358      -.8367094      -.8157568      -.7979173    
   -.7831356      -.7713610      -.7625471      -.7566522    
   400                                                      #     Pt     IS=2
    .0000000E+00  -7799122.      -3841761.      -2523198.    
   -1864328.      -1469332.      -1206269.      -1018594.    
   -878031.7      -768876.8      -681704.5      -610517.5    
   -551317.7      -501337.2      -458598.8      -421652.9    
   -389411.9      -361044.4      -335903.8      -313479.5    
   -293363.0      -275223.8      -258791.3      -243842.2    
   -230190.3      -217679.1      -206176.4      -195569.5    
   -185761.7      -176669.9      -168221.8      -160354.6    
   -153013.4      -146149.8      -139721.3      -133690.1    
   -128022.7      -122689.1      -117662.7      -112919.3    
   -108437.5      -104197.8      -100182.4      -96375.55    
   -92762.56      -89330.27      -86066.60      -82960.52    
   -80001.89      -77181.45      -74490.65      -71921.62    
   -69467.11      -67120.41      -64875.31      -62726.06    
   -60667.33      -58694.16      -56801.93      -54986.33    
   -53243.37      -51569.29      -49960.60      -48414.02    
   -46926.48      -45495.11      -44117.20      -42790.22    
   -41511.78      -40279.63      -39091.66      -37945.88    
   -36840.41      -35773.47      -34743.37      -33748.54    
   -32787.47      -31858.74      -30961.00      -30092.97    
   -29253.44      -28441.26      -27655.33      -26894.62    
   -26158.13      -25444.93      -24754.12      -24084.84    
   -23436.28      -22807.67      -22198.27      -21607.36    
   -21034.28      -20478.37      -19939.03      -19415.66    
   -18907.71      -18414.62      -17935.88      -17471.00    
   -17019.50      -16580.93      -16154.85      -15740.85    
   -15338.52      -14947.47      -14567.34      -14197.77    
   -13838.41      -13488.95      -13149.06      -12818.44    
   -12496.79      -12183.84      -11879.32      -11582.96    
   -11294.51      -11013.73      -10740.38      -10474.25    
   -10215.11      -9962.756      -9716.984      -9477.601    
   -9244.417      -9017.253      -8795.931      -8580.284    
   -8370.148      -8165.365      -7965.782      -7771.252    
   -7581.632      -7396.785      -7216.578      -7040.880    
   -6869.569      -6702.522      -6539.623      -6380.759    
   -6225.820      -6074.700      -5927.296      -5783.508    
   -5643.240      -5506.398      -5372.891      -5242.630    
   -5115.530      -4991.508      -4870.483      -4752.377    
   -4637.115      -4524.621      -4414.826      -4307.659    
   -4203.052      -4100.942      -4001.263      -3903.954    
   -3808.956      -3716.210      -3625.661      -3537.252    
   -3450.931      -3366.647      -3284.349      -3203.989    
   -3125.519      -3048.893      -2974.067      -2900.997    
   -2829.642      -2759.959      -2691.910      -2625.454    
   -2560.555      -2497.175      -2435.278      -2374.830    
   -2315.796      -2258.143      -2201.838      -2146.850    
   -2093.149      -2040.703      -1989.483      -1939.461    
   -1890.609      -1842.899      -1796.305      -1750.801    
   -1706.362      -1662.962      -1620.578      -1579.186    
   -1538.764      -1499.290      -1460.740      -1423.096    
   -1386.335      -1350.438      -1315.386      -1281.160    
   -1247.740      -1215.110      -1183.251      -1152.146    
   -1121.778      -1092.132      -1063.190      -1034.938    
   -1007.359      -980.4391      -954.1629      -928.5160    
   -903.4844      -879.0542      -855.2119      -831.9443    
   -809.2386      -787.0823      -765.4632      -744.3695    
   -723.7896      -703.7123      -684.1267      -665.0222    
   -646.3883      -628.2150      -610.4924      -593.2107    
   -576.3606      -559.9325      -543.9174      -528.3062    
   -513.0900      -498.2601      -483.8077      -469.7242    
   -456.0012      -442.6303      -429.6033      -416.9119    
   -404.5482      -392.5042      -380.7722      -369.3445    
   -358.2137      -347.3725      -336.8139      -326.5309    
   -316.5169      -306.7655      -297.2703      -288.0255    
   -279.0252      -270.2637      -261.7356      -253.4357    
   -245.3588      -237.4999      -229.8541      -222.4164    
   -215.1821      -208.1464      -201.3046      -194.6521    
   -188.1843      -181.8967      -175.7850      -169.8450    
   -164.0725      -158.4638      -153.0150      -147.7225    
   -142.5831      -137.5934      -132.7504      -128.0510    
   -123.4924      -119.0719      -114.7867      -110.6342    
   -106.6118      -102.7168      -98.94666      -95.29873    
   -91.77040      -88.35898      -85.06178      -81.87608    
   -78.79912      -75.82809      -72.96018      -70.19254    
   -67.52232      -64.94664      -62.46265      -60.06750    
   -57.75834      -55.53237      -53.38683      -51.31900    
   -49.32621      -47.40586      -45.55541      -43.77240    
   -42.05446      -40.39926      -38.80459      -37.26830    
   -35.78834      -34.36269      -32.98947      -31.66681    
   -30.39294      -29.16614      -27.98476      -26.84718    
   -25.75185      -24.69726      -23.68195      -22.70450    
   -21.76354      -20.85774      -19.98583      -19.14658    
   -18.33880      -17.56135      -16.81314      -16.09314    
   -15.40035      -14.73382      -14.09265      -13.47596    
   -12.88294      -12.31278      -11.76473      -11.23806    
   -10.73206      -10.24606      -9.779406      -9.331459    
   -8.901604      -8.489245      -8.093798      -7.714698    
   -7.351391      -7.003339      -6.670016      -6.350909    
   -6.045517      -5.753353      -5.473941      -5.206820    
   -4.951537      -4.707656      -4.474752      -4.252413    
   -4.040239      -3.837843      -3.644853      -3.460907    
   -3.285657      -3.118767      -2.960050      -2.809036    
   -2.665440      -2.528977      -2.399372      -2.276362    
   -2.159695      -2.049130      -1.944438      -1.845399    
   -1.751805      -1.663458      -1.580168      -1.501756    
   -1.428053      -1.358899      -1.294141      -1.233636    
   -1.177251      -1.124857      -1.076337      -1.031580    
   -.9904807      -.9529437      -.9188785      -.8882016    
   -.8608358      -.8367094      -.8157568      -.7979173    
   -.7831356      -.7713610      -.7625471      -.7566526    
 XXXXXXXXXXXXXXXXXXXXXXXXXXXXXXXXXXXXXXXXXXXX
                                                      Pt           IS=1
   -.5598667      -.3618950      -.2866613    
   -.4829403       .6440548      -.2643508    
    .1500831       .1584168       .2299397E-01
    .4270466       .1186636       .1058277E-01
    .6093212E-01   .2482576E-01   .7697906    
   -.7529581       .4332930      -2.553592    
   -.3339056       .4314851       .1369162    
    .1564566      -.1002034      -.4899241    
                                                      Pt           IS=2
   -.5598667      -.3618950      -.2866613    
   -.4829403       .6440548      -.2643508    
    .1500831       .1584168       .2299397E-01
    .4270466       .1186636       .1058277E-01
    .6093212E-01   .2482576E-01   .7697906    
   -.7529581       .4332930      -2.553592    
   -.3339056       .4314851       .1369162    
    .1564566      -.1002034      -.4899241    
    12                                                Pt          
     1    0    0
   -5754.380      -5754.380    
     2    0    0
   -1010.300      -1010.300    
     2    1    0
   -875.4494      -875.4494    
     3    0    0
   -237.1394      -237.1394    
     3    1    0
   -197.9140      -197.9140    
     3    2    0
   -155.4182      -155.4182    
     4    0    0
   -50.74872      -50.74872    
     4    1    0
   -37.88776      -37.88776    
     4    2    0
   -22.29856      -22.29856    
     4    3    0
   -4.969091      -4.969091    
     5    0    0
   -7.287847      -7.287847    
     5    1    0
   -3.914836      -3.914836    
