 #  AES results:
     3                                                      # NL
 #  No QSCR at this stage
    46.00000       2.872900       2.872900                  # AZ, WSR
    .0000000E+00                                            # Fermi Energy
     .0E+00                                                 # Pot.Shift
     0                                                      # SW
     2                                                      # NS
   400                                                      # AES        IS=1
    .0000000E+00  -4599575.      -2265807.      -1488214.    
   -1099661.      -866722.1      -711587.1      -600909.8    
   -518016.8      -453645.1      -402237.2      -360256.1    
   -325344.2      -295869.0      -270664.7      -248876.4    
   -229862.6      -213133.2      -198306.6      -185081.9    
   -173218.2      -162520.6      -152829.4      -144013.0    
   -135961.6      -128582.9      -121798.9      -115543.2    
   -109758.8      -104396.5      -99413.89      -94773.86    
   -90443.98      -86395.80      -82604.16      -79046.82    
   -75704.01      -72558.08      -69593.27      -66795.42    
   -64151.79      -61650.90      -59282.34      -57036.70    
   -54905.42      -52880.69      -50955.40      -49123.04    
   -47377.63      -45713.70      -44126.23      -42610.55    
   -41162.41      -39777.84      -38453.18      -37185.04    
   -35970.28      -34805.96      -33689.37      -32617.96    
   -31589.38      -30601.41      -29652.00      -28739.21    
   -27861.22      -27016.35      -26203.00      -25419.67    
   -24664.96      -23937.54      -23236.16      -22559.65    
   -21906.90      -21276.87      -20668.55      -20081.02    
   -19513.38      -18964.81      -18434.50      -17921.70    
   -17425.70      -16945.82      -16481.41      -16031.85    
   -15596.58      -15175.02      -14766.66      -14370.98    
   -13987.52      -13615.81      -13255.41      -12905.92    
   -12566.93      -12238.05      -11918.94      -11609.24    
   -11308.62      -11016.76      -10733.35      -10458.12    
   -10190.76      -9931.028      -9678.655      -9433.397    
   -9195.017      -8963.290      -8737.996      -8518.927    
   -8305.881      -8098.666      -7897.095      -7700.990    
   -7510.178      -7324.494      -7143.780      -6967.880    
   -6796.649      -6629.942      -6467.623      -6309.560    
   -6155.625      -6005.695      -5859.651      -5717.379    
   -5578.768      -5443.711      -5312.105      -5183.851    
   -5058.851      -4937.015      -4818.250      -4702.471    
   -4589.593      -4479.534      -4372.218      -4267.566    
   -4165.506      -4065.965      -3968.876      -3874.171    
   -3781.785      -3691.656      -3603.723      -3517.927    
   -3434.210      -3352.518      -3272.797      -3194.995    
   -3119.061      -3044.946      -2972.603      -2901.987    
   -2833.051      -2765.754      -2700.053      -2635.906    
   -2573.276      -2512.122      -2452.408      -2394.098    
   -2337.157      -2281.550      -2227.244      -2174.206    
   -2122.407      -2071.815      -2022.400      -1974.134    
   -1926.990      -1880.939      -1835.956      -1792.014    
   -1749.089      -1707.156      -1666.191      -1626.172    
   -1587.076      -1548.880      -1511.564      -1475.107    
   -1439.488      -1404.687      -1370.685      -1337.463    
   -1305.003      -1273.287      -1242.297      -1212.017    
   -1182.429      -1153.518      -1125.268      -1097.664    
   -1070.690      -1044.333      -1018.578      -993.4113    
   -968.8197      -944.7903      -921.3103      -898.3674    
   -875.9498      -854.0456      -832.6435      -811.7325    
   -791.3017      -771.3405      -751.8388      -732.7864    
   -714.1735      -695.9906      -678.2282      -660.8773    
   -643.9287      -627.3738      -611.2040      -595.4108    
   -579.9859      -564.9213      -550.2090      -535.8413    
   -521.8105      -508.1092      -494.7301      -481.6660    
   -468.9099      -456.4549      -444.2944      -432.4218    
   -420.8306      -409.5147      -398.4679      -387.6843    
   -377.1581      -366.8835      -356.8553      -347.0679    
   -337.5161      -328.1950      -319.0995      -310.2248    
   -301.5663      -293.1193      -284.8794      -276.8420    
   -269.0030      -261.3581      -253.9031      -246.6338    
   -239.5463      -232.6366      -225.9006      -219.3347    
   -212.9350      -206.6977      -200.6193      -194.6962    
   -188.9249      -183.3022      -177.8246      -172.4892    
   -167.2927      -162.2322      -157.3048      -152.5078    
   -147.8385      -143.2941      -138.8721      -134.5701    
   -130.3855      -126.3160      -122.3592      -118.5127    
   -114.7742      -111.1415      -107.6122      -104.1841    
   -100.8549      -97.62225      -94.48397      -91.43774    
   -88.48129      -85.61235      -82.82863      -80.12788    
   -77.50781      -74.96619      -72.50077      -70.10934    
   -67.78972      -65.53975      -63.35730      -61.24032    
   -59.18677      -57.19469      -55.26218      -53.38739    
   -51.56857      -49.80400      -48.09209      -46.43129    
   -44.82014      -43.25725      -41.74131      -40.27107    
   -38.84536      -37.46304      -36.12301      -34.82421    
   -33.56561      -32.34617      -31.16486      -30.02063    
   -28.91245      -27.83925      -26.79997      -25.79355    
   -24.81892      -23.87504      -22.96090      -22.07552    
   -21.21796      -20.38733      -19.58279      -18.80357    
   -18.04893      -17.31821      -16.61077      -15.92603    
   -15.26345      -14.62253      -14.00278      -13.40376    
   -12.82503      -12.26616      -11.72677      -11.20644    
   -10.70480      -10.22143      -9.755964      -9.308002    
   -8.877153      -8.463022      -8.065209      -7.683312    
   -7.316925      -6.965638      -6.629040      -6.306715    
   -5.998250      -5.703227      -5.421230      -5.151845    
   -4.894658      -4.649259      -4.415242      -4.192205    
   -3.979750      -3.777488      -3.585033      -3.402009    
   -3.228046      -3.062783      -2.905868      -2.756955    
   -2.615711      -2.481808      -2.354932      -2.234774    
   -2.121036      -2.013431      -1.911680      -1.815512    
   -1.724667      -1.638893      -1.557948      -1.481597    
   -1.409614      -1.341782      -1.277891      -1.217740    
   -1.161135      -1.107888      -1.057821      -1.010759    
   -.9665382      -.9249975      -.8859836      -.8493489    
   -.8149516      -.7826554      -.7523289      -.7238463    
   -.6970861      -.6719318      -.6482710      -.6259957    
   -.6050017      -.5851887      -.5664599      -.5487221    
   400                                                      # AES        IS=2
    .0000000E+00  -4599575.      -2265807.      -1488214.    
   -1099661.      -866722.1      -711587.1      -600909.8    
   -518016.8      -453645.1      -402237.2      -360256.1    
   -325344.2      -295869.0      -270664.7      -248876.4    
   -229862.6      -213133.2      -198306.6      -185081.9    
   -173218.2      -162520.6      -152829.4      -144013.0    
   -135961.6      -128582.9      -121798.9      -115543.2    
   -109758.8      -104396.5      -99413.89      -94773.86    
   -90443.98      -86395.80      -82604.16      -79046.82    
   -75704.01      -72558.08      -69593.27      -66795.42    
   -64151.79      -61650.90      -59282.34      -57036.70    
   -54905.42      -52880.69      -50955.40      -49123.04    
   -47377.63      -45713.70      -44126.23      -42610.55    
   -41162.41      -39777.84      -38453.18      -37185.04    
   -35970.28      -34805.96      -33689.37      -32617.96    
   -31589.38      -30601.41      -29652.00      -28739.21    
   -27861.22      -27016.35      -26203.00      -25419.67    
   -24664.96      -23937.54      -23236.16      -22559.65    
   -21906.90      -21276.87      -20668.55      -20081.02    
   -19513.38      -18964.81      -18434.50      -17921.70    
   -17425.70      -16945.82      -16481.41      -16031.85    
   -15596.58      -15175.02      -14766.66      -14370.98    
   -13987.52      -13615.81      -13255.41      -12905.92    
   -12566.93      -12238.05      -11918.94      -11609.24    
   -11308.62      -11016.76      -10733.35      -10458.12    
   -10190.76      -9931.028      -9678.655      -9433.397    
   -9195.017      -8963.290      -8737.996      -8518.927    
   -8305.881      -8098.666      -7897.095      -7700.990    
   -7510.178      -7324.494      -7143.780      -6967.880    
   -6796.649      -6629.942      -6467.623      -6309.560    
   -6155.625      -6005.695      -5859.651      -5717.379    
   -5578.768      -5443.711      -5312.105      -5183.851    
   -5058.851      -4937.015      -4818.250      -4702.471    
   -4589.593      -4479.534      -4372.218      -4267.566    
   -4165.506      -4065.965      -3968.876      -3874.171    
   -3781.785      -3691.656      -3603.723      -3517.927    
   -3434.210      -3352.518      -3272.797      -3194.995    
   -3119.061      -3044.946      -2972.603      -2901.987    
   -2833.051      -2765.754      -2700.053      -2635.906    
   -2573.276      -2512.122      -2452.408      -2394.098    
   -2337.157      -2281.550      -2227.244      -2174.206    
   -2122.407      -2071.815      -2022.400      -1974.134    
   -1926.990      -1880.939      -1835.956      -1792.014    
   -1749.089      -1707.156      -1666.191      -1626.172    
   -1587.076      -1548.880      -1511.564      -1475.107    
   -1439.488      -1404.687      -1370.685      -1337.463    
   -1305.003      -1273.287      -1242.297      -1212.017    
   -1182.429      -1153.518      -1125.268      -1097.664    
   -1070.690      -1044.333      -1018.578      -993.4113    
   -968.8197      -944.7903      -921.3103      -898.3674    
   -875.9498      -854.0456      -832.6435      -811.7325    
   -791.3017      -771.3405      -751.8388      -732.7864    
   -714.1735      -695.9906      -678.2282      -660.8773    
   -643.9287      -627.3738      -611.2040      -595.4108    
   -579.9859      -564.9213      -550.2090      -535.8413    
   -521.8105      -508.1092      -494.7301      -481.6660    
   -468.9099      -456.4549      -444.2944      -432.4218    
   -420.8306      -409.5147      -398.4679      -387.6843    
   -377.1581      -366.8835      -356.8553      -347.0679    
   -337.5161      -328.1950      -319.0995      -310.2248    
   -301.5663      -293.1193      -284.8794      -276.8420    
   -269.0030      -261.3581      -253.9031      -246.6338    
   -239.5463      -232.6366      -225.9006      -219.3347    
   -212.9350      -206.6977      -200.6193      -194.6962    
   -188.9249      -183.3022      -177.8246      -172.4892    
   -167.2927      -162.2322      -157.3048      -152.5078    
   -147.8385      -143.2941      -138.8721      -134.5701    
   -130.3855      -126.3160      -122.3592      -118.5127    
   -114.7742      -111.1415      -107.6122      -104.1841    
   -100.8549      -97.62225      -94.48397      -91.43774    
   -88.48129      -85.61235      -82.82863      -80.12788    
   -77.50781      -74.96619      -72.50077      -70.10934    
   -67.78972      -65.53975      -63.35730      -61.24032    
   -59.18677      -57.19469      -55.26218      -53.38739    
   -51.56857      -49.80400      -48.09209      -46.43129    
   -44.82014      -43.25725      -41.74131      -40.27107    
   -38.84536      -37.46304      -36.12301      -34.82421    
   -33.56561      -32.34617      -31.16486      -30.02063    
   -28.91245      -27.83925      -26.79997      -25.79355    
   -24.81892      -23.87504      -22.96090      -22.07552    
   -21.21796      -20.38733      -19.58279      -18.80357    
   -18.04893      -17.31821      -16.61077      -15.92603    
   -15.26345      -14.62253      -14.00278      -13.40376    
   -12.82503      -12.26616      -11.72677      -11.20644    
   -10.70480      -10.22143      -9.755964      -9.308002    
   -8.877153      -8.463022      -8.065209      -7.683312    
   -7.316925      -6.965638      -6.629040      -6.306715    
   -5.998250      -5.703227      -5.421230      -5.151845    
   -4.894658      -4.649259      -4.415242      -4.192205    
   -3.979750      -3.777488      -3.585033      -3.402009    
   -3.228046      -3.062783      -2.905868      -2.756955    
   -2.615711      -2.481808      -2.354932      -2.234774    
   -2.121036      -2.013431      -1.911680      -1.815512    
   -1.724667      -1.638893      -1.557948      -1.481597    
   -1.409614      -1.341782      -1.277891      -1.217740    
   -1.161135      -1.107888      -1.057821      -1.010759    
   -.9665382      -.9249975      -.8859836      -.8493489    
   -.8149516      -.7826554      -.7523289      -.7238463    
   -.6970861      -.6719318      -.6482710      -.6259957    
   -.6050017      -.5851887      -.5664599      -.5487221    
 XXXXXXXXXXXXXXXXXXXXXXXXXXXXXXXXXXXXXXXXXXXX
                                                  AES              IS=1
   -.1554029       .8107195       .2038304E-01
   -.1554030       .8107195       .2038303E-01
    .1640801       .1459177       .2116669E-01
    .4280982       .1034069       .4340612E-02
    .5268111E-01   .4541929E-01   1.013296    
   -1.000000      -2.000000      -3.000000    
    .3379735      -.3187195      -.1213895    
   -.1481039       .1381747       .5486000    
                                                  AES              IS=2
   -.1554029       .8107195       .2038304E-01
   -.1554030       .8107195       .2038303E-01
    .1640801       .1459177       .2116669E-01
    .4280982       .1034069       .4340612E-02
    .5268111E-01   .4541929E-01   1.013296    
   -1.000000      -2.000000      -3.000000    
    .3379735      -.3187195      -.1213895    
   -.1481039       .1381747       .5486000    
     8                                            AES             
     1    0    0
   -1772.676      -1772.676    
     2    0    0
   -258.4579      -258.4579    
     2    1    0
   -231.7791      -231.7791    
     3    0    0
   -46.21751      -46.21751    
     3    1    0
   -37.45756      -37.45756    
     3    2    0
   -23.51394      -23.51394    
     4    0    0
   -5.874777      -5.874777    
     4    1    0
   -3.382958      -3.382958    
