   2.05800628  -0.20000000
   1.44349798  -0.20000000
   2.05992971  -0.19959960
   1.44621942  -0.19959960
   2.06184521  -0.19919920
   1.44893812  -0.19919920
   2.06375288  -0.19879880
   1.45165410  -0.19879880
   2.06565284  -0.19839840
   1.45436739  -0.19839840
   2.06754519  -0.19799800
   1.45707801  -0.19799800
   2.06943006  -0.19759760
   1.45978599  -0.19759760
   2.07130753  -0.19719720
   1.46249135  -0.19719720
   2.07317771  -0.19679680
   1.46519412  -0.19679680
   2.07504071  -0.19639640
   1.46789433  -0.19639640
   2.07689662  -0.19599600
   1.47059199  -0.19599600
   2.07874554  -0.19559560
   1.47328714  -0.19559560
   2.08058756  -0.19519520
   1.47597981  -0.19519520
   2.08242278  -0.19479479
   1.47867000  -0.19479479
   2.08425129  -0.19439439
   1.48135776  -0.19439439
   2.08607317  -0.19399399
   1.48404311  -0.19399399
   2.08788851  -0.19359359
   1.48672606  -0.19359359
   2.08969741  -0.19319319
   1.48940665  -0.19319319
   2.09149993  -0.19279279
   1.49208489  -0.19279279
   2.09329618  -0.19239239
   1.49476082  -0.19239239
   2.09508621  -0.19199199
   1.49743445  -0.19199199
   2.09687013  -0.19159159
   1.50010582  -0.19159159
   2.09864799  -0.19119119
   1.50277493  -0.19119119
   2.10041989  -0.19079079
   1.50544183  -0.19079079
   2.10218589  -0.19039039
   1.50810652  -0.19039039
   2.10394606  -0.18998999
   1.51076904  -0.18998999
   2.10570049  -0.18958959
   1.51342941  -0.18958959
   2.10744923  -0.18918919
   1.51608765  -0.18918919
   2.10919237  -0.18878879
   1.51874378  -0.18878879
   2.11092996  -0.18838839
   1.52139784  -0.18838839
   2.11266208  -0.18798799
   1.52404983  -0.18798799
   2.11438879  -0.18758759
   1.52669978  -0.18758759
   1.11323511  -0.18758759
   1.09063494  -0.18758759
   2.11611015  -0.18718719
   1.52934772  -0.18718719
   1.14453530  -0.18718719
   1.05751267  -0.18718719
   2.11782623  -0.18678679
   1.53199367  -0.18678679
   1.16080668  -0.18678679
   1.03940684  -0.18678679
   2.11953709  -0.18638639
   1.53463765  -0.18638639
   1.17335578  -0.18638639
   1.02501069  -0.18638639
   2.12124280  -0.18598599
   1.53727968  -0.18598599
   1.18395413  -0.18598599
   1.01255244  -0.18598599
   2.12294341  -0.18558559
   1.53991979  -0.18558559
   1.19330549  -0.18558559
   1.00132808  -0.18558559
   2.12463898  -0.18518519
   1.54255799  -0.18518519
   1.20177431  -0.18518519
   0.99097291  -0.18518519
   2.12632957  -0.18478478
   1.54519432  -0.18478478
   1.20957800  -0.18478478
   0.98126926  -0.18478478
   2.12801524  -0.18438438
   1.54782879  -0.18438438
   1.21685843  -0.18438438
   0.97207500  -0.18438438
   2.12969604  -0.18398398
   1.55046142  -0.18398398
   1.22371413  -0.18398398
   0.96329134  -0.18398398
   2.13137203  -0.18358358
   1.55309224  -0.18358358
   1.23021679  -0.18358358
   0.95484634  -0.18358358
   2.13304327  -0.18318318
   1.55572126  -0.18318318
   1.23642040  -0.18318318
   0.94668569  -0.18318318
   2.13470980  -0.18278278
   1.55834852  -0.18278278
   1.24236685  -0.18278278
   0.93876724  -0.18278278
   2.13637168  -0.18238238
   1.56097403  -0.18238238
   1.24808936  -0.18238238
   0.93105750  -0.18238238
   2.13802896  -0.18198198
   1.56359781  -0.18198198
   1.25361479  -0.18198198
   0.92352930  -0.18198198
   2.13968170  -0.18158158
   1.56621989  -0.18158158
   1.25896520  -0.18158158
   0.91616029  -0.18158158
   2.14132994  -0.18118118
   1.56884029  -0.18118118
   1.26415899  -0.18118118
   0.90893177  -0.18118118
   2.14297374  -0.18078078
   1.57145902  -0.18078078
   1.26921165  -0.18078078
   0.90182793  -0.18078078
   2.14461313  -0.18038038
   1.57407611  -0.18038038
   1.27413640  -0.18038038
   0.89483525  -0.18038038
   2.14624817  -0.17997998
   1.57669159  -0.17997998
   1.27894458  -0.17997998
   0.88794204  -0.17997998
   2.14787891  -0.17957958
   1.57930546  -0.17957958
   1.28364605  -0.17957958
   0.88113814  -0.17957958
   2.14950539  -0.17917918
   1.58191776  -0.17917918
   1.28824939  -0.17917918
   0.87441460  -0.17917918
   2.15112766  -0.17877878
   1.58452851  -0.17877878
   1.29276218  -0.17877878
   0.86776353  -0.17877878
   2.15274577  -0.17837838
   1.58713772  -0.17837838
   1.29719108  -0.17837838
   0.86117789  -0.17837838
   2.15435975  -0.17797798
   1.58974542  -0.17797798
   1.30154204  -0.17797798
   0.85465138  -0.17797798
   2.15596965  -0.17757758
   1.59235162  -0.17757758
   1.30582036  -0.17757758
   0.84817831  -0.17757758
   2.15757552  -0.17717718
   1.59495636  -0.17717718
   1.31003082  -0.17717718
   0.84175355  -0.17717718
   2.15917739  -0.17677678
   1.59755964  -0.17677678
   1.31417769  -0.17677678
   0.83537241  -0.17677678
   2.16077531  -0.17637638
   1.60016150  -0.17637638
   1.31826487  -0.17637638
   0.82903060  -0.17637638
   2.16236932  -0.17597598
   1.60276195  -0.17597598
   1.32229588  -0.17597598
   0.82272419  -0.17597598
   2.16395946  -0.17557558
   1.60536101  -0.17557558
   1.32627393  -0.17557558
   0.81644955  -0.17557558
   2.16554577  -0.17517518
   1.60795870  -0.17517518
   1.33020197  -0.17517518
   0.81020330  -0.17517518
   2.16712828  -0.17477477
   1.61055505  -0.17477477
   1.33408267  -0.17477477
   0.80398231  -0.17477477
   2.16870705  -0.17437437
   1.61315008  -0.17437437
   1.33791851  -0.17437437
   0.79778365  -0.17437437
   2.17028210  -0.17397397
   1.61574380  -0.17397397
   1.34171177  -0.17397397
   0.79160457  -0.17397397
   2.17185348  -0.17357357
   1.61833624  -0.17357357
   1.34546455  -0.17357357
   0.78544249  -0.17357357
   2.17342121  -0.17317317
   1.62092741  -0.17317317
   1.34917880  -0.17317317
   0.77929496  -0.17317317
   2.17498534  -0.17277277
   1.62351734  -0.17277277
   1.35285631  -0.17277277
   0.77315965  -0.17277277
   2.17654591  -0.17237237
   1.62610605  -0.17237237
   1.35649878  -0.17237237
   0.76703437  -0.17237237
   2.17810294  -0.17197197
   1.62869356  -0.17197197
   1.36010775  -0.17197197
   0.76091700  -0.17197197
   2.17965648  -0.17157157
   1.63127989  -0.17157157
   1.36368469  -0.17157157
   0.75480553  -0.17157157
   2.18120656  -0.17117117
   1.63386506  -0.17117117
   1.36723095  -0.17117117
   0.74869802  -0.17117117
   2.18275321  -0.17077077
   1.63644909  -0.17077077
   1.37074781  -0.17077077
   0.74259258  -0.17077077
   2.18429646  -0.17037037
   1.63903200  -0.17037037
   1.37423646  -0.17037037
   0.73648740  -0.17037037
   2.18583636  -0.16996997
   1.64161381  -0.16996997
   1.37769803  -0.16996997
   0.73038074  -0.16996997
   2.18737293  -0.16956957
   1.64419455  -0.16956957
   1.38113356  -0.16956957
   0.72427086  -0.16956957
   2.18890620  -0.16916917
   1.64677423  -0.16916917
   1.38454405  -0.16916917
   0.71815609  -0.16916917
   2.19043621  -0.16876877
   1.64935287  -0.16876877
   1.38793043  -0.16876877
   0.71203478  -0.16876877
   2.19196299  -0.16836837
   1.65193049  -0.16836837
   1.39129358  -0.16836837
   0.70590533  -0.16836837
   2.19348656  -0.16796797
   1.65450712  -0.16796797
   1.39463434  -0.16796797
   0.69976613  -0.16796797
   2.19500697  -0.16756757
   1.65708277  -0.16756757
   1.39795349  -0.16756757
   0.69361560  -0.16756757
   2.19652423  -0.16716717
   1.65965746  -0.16716717
   1.40125178  -0.16716717
   0.68745218  -0.16716717
   2.19803839  -0.16676677
   1.66223122  -0.16676677
   1.40452991  -0.16676677
   0.68127432  -0.16676677
   2.19954946  -0.16636637
   1.66480407  -0.16636637
   1.40778856  -0.16636637
   0.67508045  -0.16636637
   2.20105748  -0.16596597
   1.66737602  -0.16596597
   1.41102836  -0.16596597
   0.66886901  -0.16596597
   2.20256248  -0.16556557
   1.66994710  -0.16556557
   1.41424992  -0.16556557
   0.66263845  -0.16556557
   2.20406449  -0.16516517
   1.67251733  -0.16516517
   1.41745382  -0.16516517
   0.65638719  -0.16516517
   2.20556353  -0.16476476
   1.67508672  -0.16476476
   1.42064060  -0.16476476
   0.65011364  -0.16476476
   2.20705963  -0.16436436
   1.67765530  -0.16436436
   1.42381078  -0.16436436
   0.64381620  -0.16436436
   2.20855282  -0.16396396
   1.68022309  -0.16396396
   1.42696488  -0.16396396
   0.63749324  -0.16396396
   2.21004312  -0.16356356
   1.68279011  -0.16356356
   1.43010335  -0.16356356
   0.63114311  -0.16356356
   2.21153057  -0.16316316
   1.68535638  -0.16316316
   1.43322665  -0.16316316
   0.62476411  -0.16316316
   2.21301518  -0.16276276
   1.68792192  -0.16276276
   1.43633523  -0.16276276
   0.61835452  -0.16276276
   2.21449699  -0.16236236
   1.69048674  -0.16236236
   1.43942950  -0.16236236
   0.61191258  -0.16236236
   2.21597602  -0.16196196
   1.69305088  -0.16196196
   1.44250985  -0.16196196
   0.60543648  -0.16196196
   2.21745230  -0.16156156
   1.69561435  -0.16156156
   1.44557667  -0.16156156
   0.59892435  -0.16156156
   2.21892584  -0.16116116
   1.69817717  -0.16116116
   1.44863032  -0.16116116
   0.59237427  -0.16116116
   2.22039668  -0.16076076
   1.70073937  -0.16076076
   1.45167116  -0.16076076
   0.58578426  -0.16076076
   2.22186484  -0.16036036
   1.70330096  -0.16036036
   1.45469952  -0.16036036
   0.57915225  -0.16036036
   2.22333035  -0.15995996
   1.70586196  -0.15995996
   1.45771573  -0.15995996
   0.57247612  -0.15995996
   2.22479322  -0.15955956
   1.70842239  -0.15955956
   1.46072009  -0.15955956
   0.56575365  -0.15955956
   2.22625348  -0.15915916
   1.71098229  -0.15915916
   1.46371291  -0.15915916
   0.55898253  -0.15915916
   2.22771116  -0.15875876
   1.71354165  -0.15875876
   1.46669447  -0.15875876
   0.55216034  -0.15875876
   2.22916628  -0.15835836
   1.71610052  -0.15835836
   1.46966506  -0.15835836
   0.54528456  -0.15835836
   2.23061886  -0.15795796
   1.71865890  -0.15795796
   1.47262493  -0.15795796
   0.53835254  -0.15795796
   2.23206892  -0.15755756
   1.72121682  -0.15755756
   1.47557435  -0.15755756
   0.53136151  -0.15755756
   2.23351649  -0.15715716
   1.72377431  -0.15715716
   1.47851356  -0.15715716
   0.52430852  -0.15715716
   2.23496159  -0.15675676
   1.72633137  -0.15675676
   1.48144281  -0.15675676
   0.51719049  -0.15675676
   2.23640423  -0.15635636
   1.72888803  -0.15635636
   1.48436232  -0.15635636
   0.51000416  -0.15635636
   2.23784445  -0.15595596
   1.73144432  -0.15595596
   1.48727232  -0.15595596
   0.50274605  -0.15595596
   2.23928226  -0.15555556
   1.73400025  -0.15555556
   1.49017302  -0.15555556
   0.49541249  -0.15555556
   2.24071768  -0.15515516
   1.73655585  -0.15515516
   1.49306463  -0.15515516
   0.48799957  -0.15515516
   2.24215074  -0.15475475
   1.73911113  -0.15475475
   1.49594736  -0.15475475
   0.48050310  -0.15475475
   2.24358145  -0.15435435
   1.74166612  -0.15435435
   1.49882139  -0.15435435
   0.47291861  -0.15435435
   2.24500984  -0.15395395
   1.74422085  -0.15395395
   1.50168692  -0.15395395
   0.46524131  -0.15395395
   2.24643593  -0.15355355
   1.74677532  -0.15355355
   1.50454413  -0.15355355
   0.45746604  -0.15355355
   2.24785973  -0.15315315
   1.74932956  -0.15315315
   1.50739320  -0.15315315
   0.44958724  -0.15315315
   2.24928127  -0.15275275
   1.75188360  -0.15275275
   1.51023429  -0.15275275
   0.44159890  -0.15275275
   2.25070056  -0.15235235
   1.75443745  -0.15235235
   1.51306757  -0.15235235
   0.43349450  -0.15235235
   2.25211762  -0.15195195
   1.75699114  -0.15195195
   1.51589321  -0.15195195
   0.42526694  -0.15195195
   2.25353248  -0.15155155
   1.75954469  -0.15155155
   1.51871136  -0.15155155
   0.41690849  -0.15155155
   2.25494516  -0.15115115
   1.76209812  -0.15115115
   1.52152218  -0.15115115
   0.40841064  -0.15115115
   2.25635566  -0.15075075
   1.76465146  -0.15075075
   1.52432580  -0.15075075
   0.39976406  -0.15075075
   2.25776402  -0.15035035
   1.76720472  -0.15035035
   1.52712237  -0.15035035
   0.39095843  -0.15035035
   2.25917024  -0.14994995
   1.76975792  -0.14994995
   1.52991204  -0.14994995
   0.38198233  -0.14994995
   2.26057435  -0.14954955
   1.77231110  -0.14954955
   1.53269493  -0.14954955
   0.37282298  -0.14954955
   2.26197636  -0.14914915
   1.77486426  -0.14914915
   1.53547118  -0.14914915
   0.36346611  -0.14914915
   2.26337630  -0.14874875
   1.77741744  -0.14874875
   1.53824092  -0.14874875
   0.35389559  -0.14874875
   2.26477418  -0.14834835
   1.77997066  -0.14834835
   1.54100426  -0.14834835
   0.34409317  -0.14834835
   2.26617001  -0.14794795
   1.78252394  -0.14794795
   1.54376134  -0.14794795
   0.33403799  -0.14794795
   2.26756382  -0.14754755
   1.78507729  -0.14754755
   1.54651226  -0.14754755
   0.32370604  -0.14754755
   2.26895562  -0.14714715
   1.78763076  -0.14714715
   1.54925715  -0.14714715
   0.31306949  -0.14714715
   2.27034543  -0.14674675
   1.79018435  -0.14674675
   1.55199611  -0.14674675
   0.30209570  -0.14674675
   2.27173327  -0.14634635
   1.79273809  -0.14634635
   1.55472925  -0.14634635
   0.29074605  -0.14634635
   2.27311915  -0.14594595
   1.79529200  -0.14594595
   1.55745668  -0.14594595
   0.27897418  -0.14594595
   2.27450309  -0.14554555
   1.79784611  -0.14554555
   1.56017850  -0.14554555
   0.26672374  -0.14554555
   2.27588510  -0.14514515
   1.80040044  -0.14514515
   1.56289481  -0.14514515
   0.25392498  -0.14514515
   2.27726520  -0.14474474
   1.80295501  -0.14474474
   1.56560572  -0.14474474
   0.24048988  -0.14474474
   2.27864342  -0.14434434
   1.80550985  -0.14434434
   1.56831131  -0.14434434
   0.22630460  -0.14434434
   2.28001975  -0.14394394
   1.80806498  -0.14394394
   1.57101168  -0.14394394
   0.21121752  -0.14394394
   2.28139423  -0.14354354
   1.81062043  -0.14354354
   1.57370692  -0.14354354
   0.19501888  -0.14354354
   2.28276685  -0.14314314
   1.81317621  -0.14314314
   1.57639712  -0.14314314
   0.17740385  -0.14314314
   2.28413765  -0.14274274
   1.81573236  -0.14274274
   1.57908237  -0.14274274
   0.15789841  -0.14274274
   2.28550664  -0.14234234
   1.81828889  -0.14234234
   1.58176275  -0.14234234
   0.13568900  -0.14234234
   2.28687382  -0.14194194
   1.82084583  -0.14194194
   1.58443835  -0.14194194
   0.10913622  -0.14194194
   0.06687560  -0.14194194
   2.28823922  -0.14154154
   1.82340321  -0.14154154
   1.58710925  -0.14154154
   0.07368403  -0.14154154
   0.13002767  -0.14154154
   2.28960286  -0.14114114
   1.82596105  -0.14114114
   1.58977552  -0.14114114
   0.17135449  -0.14114114
   2.29096473  -0.14074074
   1.82851938  -0.14074074
   1.59243724  -0.14074074
   0.20454372  -0.14074074
   2.29232487  -0.14034034
   1.83107821  -0.14034034
   1.59509450  -0.14034034
   0.23309826  -0.14034034
   2.29368328  -0.13993994
   1.83363758  -0.13993994
   1.59774736  -0.13993994
   0.25855875  -0.13993994
   2.29503998  -0.13953954
   1.83619751  -0.13953954
   1.60039590  -0.13953954
   0.28176570  -0.13953954
   2.29639498  -0.13913914
   1.83875803  -0.13913914
   1.60304019  -0.13913914
   0.30323738  -0.13913914
   2.29774830  -0.13873874
   1.84131915  -0.13873874
   1.60568029  -0.13873874
   0.32332012  -0.13873874
   2.29909995  -0.13833834
   1.84388092  -0.13833834
   1.60831629  -0.13833834
   0.34225889  -0.13833834
   2.30044994  -0.13793794
   1.84644335  -0.13793794
   1.61094824  -0.13793794
   0.36023455  -0.13793794
   2.30179830  -0.13753754
   1.84900647  -0.13753754
   1.61357620  -0.13753754
   0.37738509  -0.13753754
   2.30314502  -0.13713714
   1.85157030  -0.13713714
   1.61620026  -0.13713714
   0.39381866  -0.13713714
   2.30449013  -0.13673674
   1.85413487  -0.13673674
   1.61882046  -0.13673674
   0.40962187  -0.13673674
   2.30583364  -0.13633634
   1.85670022  -0.13633634
   1.62143686  -0.13633634
   0.42486538  -0.13633634
   2.30717557  -0.13593594
   1.85926636  -0.13593594
   1.62404954  -0.13593594
   0.43960771  -0.13593594
   2.30851591  -0.13553554
   1.86183332  -0.13553554
   1.62665855  -0.13553554
   0.45389797  -0.13553554
   2.30985470  -0.13513514
   1.86440113  -0.13513514
   1.62926395  -0.13513514
   0.46777787  -0.13513514
   2.31119194  -0.13473473
   1.86696982  -0.13473473
   1.63186579  -0.13473473
   0.48128317  -0.13473473
   2.31252765  -0.13433433
   1.86953942  -0.13433433
   1.63446413  -0.13433433
   0.49444482  -0.13433433
   2.31386183  -0.13393393
   1.87210994  -0.13393393
   1.63705903  -0.13393393
   0.50728982  -0.13393393
   2.31519450  -0.13353353
   1.87468143  -0.13353353
   1.63965054  -0.13353353
   0.51984188  -0.13353353
   2.31652567  -0.13313313
   1.87725391  -0.13313313
   1.64223872  -0.13313313
   0.53212196  -0.13313313
   2.31785536  -0.13273273
   1.87982741  -0.13273273
   1.64482361  -0.13273273
   0.54414870  -0.13273273
   2.31918358  -0.13233233
   1.88240195  -0.13233233
   1.64740527  -0.13233233
   0.55593875  -0.13233233
   2.32051034  -0.13193193
   1.88497757  -0.13193193
   1.64998375  -0.13193193
   0.56750710  -0.13193193
   2.32183565  -0.13153153
   1.88755430  -0.13153153
   1.65255910  -0.13153153
   0.57886723  -0.13153153
   2.32315952  -0.13113113
   1.89013216  -0.13113113
   1.65513136  -0.13113113
   0.59003138  -0.13113113
   2.32448197  -0.13073073
   1.89271119  -0.13073073
   1.65770059  -0.13073073
   0.60101068  -0.13073073
   2.32580301  -0.13033033
   1.89529141  -0.13033033
   1.66026684  -0.13033033
   0.61181527  -0.13033033
   2.32712265  -0.12992993
   1.89787286  -0.12992993
   1.66283014  -0.12992993
   0.62245443  -0.12992993
   2.32844090  -0.12952953
   1.90045556  -0.12952953
   1.66539055  -0.12952953
   0.63293672  -0.12952953
   2.32975777  -0.12912913
   1.90303955  -0.12912913
   1.66794810  -0.12912913
   0.64326996  -0.12912913
   2.33107328  -0.12872873
   1.90562485  -0.12872873
   1.67050286  -0.12872873
   0.65346143  -0.12872873
   2.33238743  -0.12832833
   1.90821151  -0.12832833
   1.67305485  -0.12832833
   0.66351783  -0.12832833
   2.33370024  -0.12792793
   1.91079955  -0.12792793
   1.67560412  -0.12792793
   0.67344539  -0.12792793
   2.33501172  -0.12752753
   1.91338900  -0.12752753
   1.67815071  -0.12752753
   0.68324990  -0.12752753
   2.33632189  -0.12712713
   1.91597990  -0.12712713
   1.68069467  -0.12712713
   0.69293676  -0.12712713
   2.33763074  -0.12672673
   1.91857227  -0.12672673
   1.68323604  -0.12672673
   0.70251099  -0.12672673
   2.33893830  -0.12632633
   1.92116616  -0.12632633
   1.68577485  -0.12632633
   0.71197732  -0.12632633
   2.34024457  -0.12592593
   1.92376159  -0.12592593
   1.68831115  -0.12592593
   0.72134015  -0.12592593
   2.34154956  -0.12552553
   1.92635860  -0.12552553
   1.69084497  -0.12552553
   0.73060362  -0.12552553
   2.34285329  -0.12512513
   1.92895722  -0.12512513
   1.69337636  -0.12512513
   0.73977164  -0.12512513
   2.34415577  -0.12472472
   1.93155749  -0.12472472
   1.69590535  -0.12472472
   0.74884785  -0.12472472
   2.34545700  -0.12432432
   1.93415944  -0.12432432
   1.69843198  -0.12432432
   0.75783573  -0.12432432
   2.34675700  -0.12392392
   1.93676311  -0.12392392
   1.70095629  -0.12392392
   0.76673852  -0.12392392
   2.34805579  -0.12352352
   1.93936853  -0.12352352
   1.70347832  -0.12352352
   0.77555932  -0.12352352
   2.34935335  -0.12312312
   1.94197573  -0.12312312
   1.70599809  -0.12312312
   0.78430104  -0.12312312
   2.35064972  -0.12272272
   1.94458476  -0.12272272
   1.70851566  -0.12272272
   0.79296645  -0.12272272
   2.35194490  -0.12232232
   1.94719566  -0.12232232
   1.71103104  -0.12232232
   0.80155817  -0.12232232
   2.35323890  -0.12192192
   1.94980844  -0.12192192
   1.71354428  -0.12192192
   0.81007869  -0.12192192
   2.35453173  -0.12152152
   1.95242317  -0.12152152
   1.71605541  -0.12152152
   0.81853039  -0.12152152
   2.35582340  -0.12112112
   1.95503987  -0.12112112
   1.71856447  -0.12112112
   0.82691552  -0.12112112
   2.35711392  -0.12072072
   1.95765857  -0.12072072
   1.72107148  -0.12072072
   0.83523623  -0.12072072
   2.35840330  -0.12032032
   1.96027933  -0.12032032
   1.72357649  -0.12032032
   0.84349457  -0.12032032
   2.35969155  -0.11991992
   1.96290218  -0.11991992
   1.72607952  -0.11991992
   0.85169250  -0.11991992
   2.36097869  -0.11951952
   1.96552716  -0.11951952
   1.72858061  -0.11951952
   0.85983188  -0.11951952
   2.36226471  -0.11911912
   1.96815430  -0.11911912
   1.73107978  -0.11911912
   0.86791451  -0.11911912
   2.36354963  -0.11871872
   1.73357708  -0.11871872
   1.97078365  -0.11871872
   0.87594209  -0.11871872
   2.36483347  -0.11831832
   1.73607253  -0.11831832
   1.97341526  -0.11831832
   0.88391626  -0.11831832
   2.36611622  -0.11791792
   1.73856616  -0.11791792
   1.97604915  -0.11791792
   0.89183859  -0.11791792
   2.36739791  -0.11751752
   1.74105801  -0.11751752
   1.97868538  -0.11751752
   0.89971060  -0.11751752
   2.36867853  -0.11711712
   1.74354810  -0.11711712
   1.98132399  -0.11711712
   0.90753371  -0.11711712
   2.36995811  -0.11671672
   1.74603646  -0.11671672
   1.98396502  -0.11671672
   0.91530934  -0.11671672
   2.37123664  -0.11631632
   1.74852312  -0.11631632
   1.98660850  -0.11631632
   0.92303880  -0.11631632
   2.37251414  -0.11591592
   1.75100812  -0.11591592
   1.98925450  -0.11591592
   0.93072339  -0.11591592
   2.37379062  -0.11551552
   1.75349148  -0.11551552
   1.99190305  -0.11551552
   0.93836434  -0.11551552
   2.37506608  -0.11511512
   1.75597322  -0.11511512
   1.99455419  -0.11511512
   0.94596284  -0.11511512
   2.37634054  -0.11471471
   1.75845339  -0.11471471
   1.99720798  -0.11471471
   0.95352004  -0.11471471
   2.37761401  -0.11431431
   1.76093201  -0.11431431
   1.99986446  -0.11431431
   0.96103704  -0.11431431
   2.37888649  -0.11391391
   1.76340909  -0.11391391
   2.00252367  -0.11391391
   0.96851492  -0.11391391
   2.38015800  -0.11351351
   1.76588468  -0.11351351
   2.00518567  -0.11351351
   0.97595470  -0.11351351
   2.38142853  -0.11311311
   1.76835880  -0.11311311
   2.00785050  -0.11311311
   0.98335738  -0.11311311
   2.38269812  -0.11271271
   1.77083148  -0.11271271
   2.01051822  -0.11271271
   0.99072392  -0.11271271
   2.38396675  -0.11231231
   1.77330274  -0.11231231
   2.01318886  -0.11231231
   0.99805525  -0.11231231
   2.38523444  -0.11191191
   1.77577261  -0.11191191
   2.01586249  -0.11191191
   1.00535228  -0.11191191
   2.38650120  -0.11151151
   1.77824111  -0.11151151
   2.01853915  -0.11151151
   1.01261586  -0.11151151
   2.38776704  -0.11111111
   1.78070828  -0.11111111
   2.02121890  -0.11111111
   1.01984686  -0.11111111
   2.38903197  -0.11071071
   1.78317414  -0.11071071
   2.02390178  -0.11071071
   1.02704608  -0.11071071
   2.39029599  -0.11031031
   1.78563871  -0.11031031
   2.02658785  -0.11031031
   1.03421431  -0.11031031
   2.39155912  -0.10990991
   1.78810202  -0.10990991
   2.02927717  -0.10990991
   1.04135232  -0.10990991
   2.39282136  -0.10950951
   1.79056410  -0.10950951
   2.03196978  -0.10950951
   1.04846087  -0.10950951
   2.39408273  -0.10910911
   1.79302496  -0.10910911
   2.03466576  -0.10910911
   1.05554067  -0.10910911
   2.39534322  -0.10870871
   1.79548464  -0.10870871
   2.03736514  -0.10870871
   1.06259242  -0.10870871
   2.39660286  -0.10830831
   1.79794316  -0.10830831
   2.04006799  -0.10830831
   1.06961680  -0.10830831
   2.39786164  -0.10790791
   1.80040055  -0.10790791
   2.04277437  -0.10790791
   1.07661449  -0.10790791
   2.39911958  -0.10750751
   1.80285682  -0.10750751
   2.04548433  -0.10750751
   1.08358612  -0.10750751
   2.40037669  -0.10710711
   1.80531200  -0.10710711
   2.04819794  -0.10710711
   1.09053231  -0.10710711
   2.40163297  -0.10670671
   1.80776613  -0.10670671
   2.05091526  -0.10670671
   1.09745369  -0.10670671
   2.40288844  -0.10630631
   1.81021921  -0.10630631
   2.05363635  -0.10630631
   1.10435084  -0.10630631
   2.40414309  -0.10590591
   1.81267128  -0.10590591
   2.05636126  -0.10590591
   1.11122434  -0.10590591
   2.40539695  -0.10550551
   1.81512235  -0.10550551
   2.05909007  -0.10550551
   1.11807475  -0.10550551
   2.40665001  -0.10510511
   1.81757246  -0.10510511
   2.06182284  -0.10510511
   1.12490262  -0.10510511
   2.40790229  -0.10470470
   1.82002162  -0.10470470
   2.06455964  -0.10470470
   1.13170849  -0.10470470
   2.40915379  -0.10430430
   1.82246985  -0.10430430
   2.06730052  -0.10430430
   1.13849287  -0.10430430
   2.41040453  -0.10390390
   1.82491719  -0.10390390
   2.07004557  -0.10390390
   1.14525627  -0.10390390
   2.41165451  -0.10350350
   1.82736365  -0.10350350
   2.07279485  -0.10350350
   1.15199920  -0.10350350
   2.41290374  -0.10310310
   1.82980926  -0.10310310
   2.07554842  -0.10310310
   1.15872212  -0.10310310
   2.41415223  -0.10270270
   1.83225403  -0.10270270
   2.07830636  -0.10270270
   1.16542552  -0.10270270
   2.41539998  -0.10230230
   1.83469799  -0.10230230
   2.08106875  -0.10230230
   1.17210985  -0.10230230
   2.41664701  -0.10190190
   1.83714117  -0.10190190
   2.08383565  -0.10190190
   1.17877557  -0.10190190
   2.41789332  -0.10150150
   1.83958358  -0.10150150
   2.08660714  -0.10150150
   1.18542311  -0.10150150
   2.41913893  -0.10110110
   1.84202525  -0.10110110
   2.08938330  -0.10110110
   1.19205291  -0.10110110
   2.42038383  -0.10070070
   1.84446619  -0.10070070
   2.09216420  -0.10070070
   1.19866538  -0.10070070
   2.42162804  -0.10030030
   1.84690644  -0.10030030
   2.09494993  -0.10030030
   1.20526093  -0.10030030
   2.42287157  -0.09989990
   1.84934601  -0.09989990
   2.09774056  -0.09989990
   1.21183998  -0.09989990
   2.42411442  -0.09949950
   1.85178492  -0.09949950
   2.10053617  -0.09949950
   1.21840290  -0.09949950
   2.42535660  -0.09909910
   1.85422319  -0.09909910
   2.10333686  -0.09909910
   1.22495008  -0.09909910
   2.42659812  -0.09869870
   1.85666086  -0.09869870
   2.10614269  -0.09869870
   1.23148191  -0.09869870
   2.42783899  -0.09829830
   1.85909793  -0.09829830
   2.10895376  -0.09829830
   1.23799875  -0.09829830
   2.42907921  -0.09789790
   1.86153443  -0.09789790
   2.11177016  -0.09789790
   1.24450096  -0.09789790
   2.43031880  -0.09749750
   1.86397037  -0.09749750
   2.11459197  -0.09749750
   1.25098890  -0.09749750
   2.43155776  -0.09709710
   1.86640579  -0.09709710
   2.11741929  -0.09709710
   1.25746291  -0.09709710
   2.43279610  -0.09669670
   1.86884071  -0.09669670
   2.12025221  -0.09669670
   1.26392333  -0.09669670
   2.43403383  -0.09629630
   1.87127513  -0.09629630
   2.12309081  -0.09629630
   1.27037050  -0.09629630
   2.43527095  -0.09589590
   1.87370909  -0.09589590
   2.12593521  -0.09589590
   1.27680473  -0.09589590
   2.43650748  -0.09549550
   1.87614260  -0.09549550
   2.12878549  -0.09549550
   1.28322636  -0.09549550
   2.43774342  -0.09509510
   1.87857568  -0.09509510
   2.13164176  -0.09509510
   1.28963570  -0.09509510
   2.43897878  -0.09469469
   1.88100836  -0.09469469
   2.13450411  -0.09469469
   1.29603305  -0.09469469
   2.44021357  -0.09429429
   1.88344066  -0.09429429
   2.13737265  -0.09429429
   1.30241872  -0.09429429
   2.44144779  -0.09389389
   1.88587259  -0.09389389
   2.14024749  -0.09389389
   1.30879300  -0.09389389
   2.44268145  -0.09349349
   1.88830418  -0.09349349
   2.14312873  -0.09349349
   1.31515619  -0.09349349
   2.44391457  -0.09309309
   1.89073544  -0.09309309
   2.14601648  -0.09309309
   1.32150856  -0.09309309
   2.44514715  -0.09269269
   1.89316640  -0.09269269
   2.14891085  -0.09269269
   1.32785041  -0.09269269
   2.44637919  -0.09229229
   1.89559708  -0.09229229
   2.15181196  -0.09229229
   1.33418201  -0.09229229
   2.44761071  -0.09189189
   1.89802750  -0.09189189
   2.15471993  -0.09189189
   1.34050363  -0.09189189
   2.44884171  -0.09149149
   1.90045767  -0.09149149
   2.15763487  -0.09149149
   1.34681553  -0.09149149
   2.45007220  -0.09109109
   1.90288762  -0.09109109
   2.16055690  -0.09109109
   1.35311798  -0.09109109
   2.45130219  -0.09069069
   1.90531736  -0.09069069
   2.16348615  -0.09069069
   1.35941124  -0.09069069
   2.45253169  -0.09029029
   1.90774693  -0.09029029
   2.16642274  -0.09029029
   1.36569555  -0.09029029
   2.45376070  -0.08988989
   1.91017633  -0.08988989
   2.16936680  -0.08988989
   1.37197117  -0.08988989
   2.45498923  -0.08948949
   1.91260558  -0.08948949
   2.17231846  -0.08948949
   1.37823834  -0.08948949
   2.45621730  -0.08908909
   1.91503471  -0.08908909
   2.17527786  -0.08908909
   1.38449730  -0.08908909
   2.45744490  -0.08868869
   1.91746374  -0.08868869
   2.17824514  -0.08868869
   1.39074829  -0.08868869
   2.45867204  -0.08828829
   1.91989269  -0.08828829
   2.18122042  -0.08828829
   1.39699154  -0.08828829
   2.45989874  -0.08788789
   1.92232157  -0.08788789
   2.18420386  -0.08788789
   1.40322727  -0.08788789
   2.46112500  -0.08748749
   1.92475040  -0.08748749
   2.18719561  -0.08748749
   1.40945572  -0.08748749
   2.46235083  -0.08708709
   1.92717921  -0.08708709
   2.19019580  -0.08708709
   1.41567710  -0.08708709
   2.46357624  -0.08668669
   1.92960801  -0.08668669
   2.19320460  -0.08668669
   1.42189163  -0.08668669
   2.46480123  -0.08628629
   1.93203683  -0.08628629
   2.19622215  -0.08628629
   1.42809953  -0.08628629
   2.46602582  -0.08588589
   1.93446568  -0.08588589
   2.19924862  -0.08588589
   1.43430100  -0.08588589
   2.46725000  -0.08548549
   1.93689459  -0.08548549
   2.20228417  -0.08548549
   1.44049625  -0.08548549
   2.46847380  -0.08508509
   1.93932357  -0.08508509
   2.20532897  -0.08508509
   1.44668549  -0.08508509
   2.46969721  -0.08468468
   1.94175264  -0.08468468
   2.20838318  -0.08468468
   1.45286892  -0.08468468
   2.47092024  -0.08428428
   1.94418182  -0.08428428
   2.21144699  -0.08428428
   1.45904673  -0.08428428
   2.47214291  -0.08388388
   1.94661113  -0.08388388
   2.21452056  -0.08388388
   1.46521912  -0.08388388
   2.47336522  -0.08348348
   1.94904060  -0.08348348
   2.21760408  -0.08348348
   1.47138628  -0.08348348
   2.47458717  -0.08308308
   1.95147023  -0.08308308
   2.22069774  -0.08308308
   1.47754840  -0.08308308
   2.47580879  -0.08268268
   1.95390005  -0.08268268
   2.22380173  -0.08268268
   1.48370566  -0.08268268
   2.47703006  -0.08228228
   1.95633009  -0.08228228
   2.22691624  -0.08228228
   1.48985824  -0.08228228
   2.47825101  -0.08188188
   1.95876035  -0.08188188
   2.23004147  -0.08188188
   1.49600633  -0.08188188
   2.47947164  -0.08148148
   1.96119086  -0.08148148
   2.23317762  -0.08148148
   1.50215009  -0.08148148
   2.48069195  -0.08108108
   1.96362163  -0.08108108
   2.23632492  -0.08108108
   1.50828971  -0.08108108
   2.48191196  -0.08068068
   1.96605270  -0.08068068
   2.23948356  -0.08068068
   1.51442534  -0.08068068
   2.48313168  -0.08028028
   1.96848407  -0.08028028
   2.24265378  -0.08028028
   1.52055717  -0.08028028
   2.48435110  -0.07987988
   1.97091577  -0.07987988
   2.24583579  -0.07987988
   1.52668535  -0.07987988
   2.48557025  -0.07947948
   1.97334781  -0.07947948
   2.24902982  -0.07947948
   1.53281005  -0.07947948
   2.48678912  -0.07907908
   1.97578022  -0.07907908
   2.25223612  -0.07907908
   1.53893141  -0.07907908
   2.48800773  -0.07867868
   1.97821301  -0.07867868
   2.25545493  -0.07867868
   1.54504961  -0.07867868
   2.48922609  -0.07827828
   1.98064621  -0.07827828
   2.25868649  -0.07827828
   1.55116479  -0.07827828
   2.49044420  -0.07787788
   1.98307983  -0.07787788
   2.26193106  -0.07787788
   1.55727711  -0.07787788
   2.49166207  -0.07747748
   1.98551390  -0.07747748
   2.26518890  -0.07747748
   1.56338670  -0.07747748
   2.49287970  -0.07707708
   1.98794842  -0.07707708
   2.26846028  -0.07707708
   1.56949372  -0.07707708
   2.49409712  -0.07667668
   1.99038344  -0.07667668
   2.27174547  -0.07667668
   1.57559830  -0.07667668
   2.49531431  -0.07627628
   1.99281895  -0.07627628
   2.27504476  -0.07627628
   1.58170060  -0.07627628
   2.49653131  -0.07587588
   1.99525498  -0.07587588
   2.27835844  -0.07587588
   1.58780073  -0.07587588
   2.49774810  -0.07547548
   1.99769156  -0.07547548
   2.28168680  -0.07547548
   1.59389884  -0.07547548
   2.49896470  -0.07507508
   2.00012870  -0.07507508
   2.28503015  -0.07507508
   1.59999506  -0.07507508
   2.50018112  -0.07467467
   2.00256642  -0.07467467
   2.28838880  -0.07467467
   1.60608951  -0.07467467
   2.50139737  -0.07427427
   2.00500474  -0.07427427
   2.29176308  -0.07427427
   1.61218233  -0.07427427
   2.50261346  -0.07387387
   2.00744368  -0.07387387
   2.29515332  -0.07387387
   1.61827362  -0.07387387
   2.50382938  -0.07347347
   2.00988327  -0.07347347
   2.29855985  -0.07347347
   1.62436352  -0.07347347
   2.50504516  -0.07307307
   2.01232351  -0.07307307
   2.30198303  -0.07307307
   1.63045213  -0.07307307
   2.50626080  -0.07267267
   2.01476444  -0.07267267
   2.30542321  -0.07267267
   1.63653957  -0.07267267
   2.50747631  -0.07227227
   2.01720607  -0.07227227
   2.30888076  -0.07227227
   1.64262595  -0.07227227
   2.50869170  -0.07187187
   2.01964841  -0.07187187
   2.31235608  -0.07187187
   1.64871139  -0.07187187
   2.50990697  -0.07147147
   2.02209150  -0.07147147
   2.31584953  -0.07147147
   1.65479597  -0.07147147
   2.51112213  -0.07107107
   2.02453535  -0.07107107
   2.31936153  -0.07107107
   1.66087980  -0.07107107
   2.51233721  -0.07067067
   2.02697998  -0.07067067
   2.32289250  -0.07067067
   1.66696299  -0.07067067
   2.51355219  -0.07027027
   2.02942542  -0.07027027
   2.32644284  -0.07027027
   1.67304562  -0.07027027
   2.51476709  -0.06986987
   2.03187167  -0.06986987
   2.33001301  -0.06986987
   1.67912778  -0.06986987
   2.51598192  -0.06946947
   2.03431877  -0.06946947
   2.33360345  -0.06946947
   1.68520957  -0.06946947
   2.51719670  -0.06906907
   2.03676673  -0.06906907
   2.33721463  -0.06906907
   1.69129107  -0.06906907
   2.51841142  -0.06866867
   2.03921558  -0.06866867
   2.34084703  -0.06866867
   1.69737236  -0.06866867
   2.51962609  -0.06826827
   2.04166532  -0.06826827
   2.34450113  -0.06826827
   1.70345351  -0.06826827
   2.52084073  -0.06786787
   2.04411600  -0.06786787
   2.34817745  -0.06786787
   1.70953461  -0.06786787
   2.52205535  -0.06746747
   2.04656762  -0.06746747
   2.35187650  -0.06746747
   1.71561571  -0.06746747
   2.52326995  -0.06706707
   2.04902020  -0.06706707
   2.35559884  -0.06706707
   1.72169690  -0.06706707
   2.52448454  -0.06666667
   2.05147377  -0.06666667
   2.35934500  -0.06666667
   1.72777822  -0.06666667
   2.52569913  -0.06626627
   2.05392835  -0.06626627
   2.36311557  -0.06626627
   1.73385974  -0.06626627
   2.52691374  -0.06586587
   2.05638396  -0.06586587
   2.36691114  -0.06586587
   1.73994151  -0.06586587
   2.52812837  -0.06546547
   2.05884061  -0.06546547
   2.37073231  -0.06546547
   1.74602359  -0.06546547
   2.52934302  -0.06506507
   2.06129834  -0.06506507
   2.37457972  -0.06506507
   1.75210601  -0.06506507
   2.53055772  -0.06466466
   2.06375716  -0.06466466
   2.37845402  -0.06466466
   1.75818883  -0.06466466
   2.53177246  -0.06426426
   2.06621710  -0.06426426
   2.38235587  -0.06426426
   1.76427208  -0.06426426
   2.53298726  -0.06386386
   2.06867816  -0.06386386
   2.38628598  -0.06386386
   1.77035579  -0.06386386
   2.53420213  -0.06346346
   2.07114039  -0.06346346
   2.39024505  -0.06346346
   1.77643999  -0.06346346
   2.53541708  -0.06306306
   2.07360379  -0.06306306
   2.39423383  -0.06306306
   1.78252470  -0.06306306
   2.53663212  -0.06266266
   2.07606839  -0.06266266
   2.39825308  -0.06266266
   1.78860995  -0.06266266
   2.53784725  -0.06226226
   2.07853421  -0.06226226
   2.40230359  -0.06226226
   1.79469575  -0.06226226
   2.53906249  -0.06186186
   2.08100128  -0.06186186
   2.40638619  -0.06186186
   1.80078211  -0.06186186
   2.54027785  -0.06146146
   2.08346960  -0.06146146
   2.41050171  -0.06146146
   1.80686903  -0.06146146
   2.54149333  -0.06106106
   2.08593922  -0.06106106
   2.41465104  -0.06106106
   1.81295650  -0.06106106
   2.54270895  -0.06066066
   2.08841014  -0.06066066
   2.41883507  -0.06066066
   1.81904453  -0.06066066
   2.54392472  -0.06026026
   2.09088240  -0.06026026
   2.42305476  -0.06026026
   1.82513311  -0.06026026
   2.54514065  -0.05985986
   2.09335601  -0.05985986
   2.42731107  -0.05985986
   1.83122220  -0.05985986
   2.54635675  -0.05945946
   2.09583099  -0.05945946
   2.43160501  -0.05945946
   1.83731180  -0.05945946
   2.54757302  -0.05905906
   2.09830737  -0.05905906
   2.43593762  -0.05905906
   1.84340186  -0.05905906
   2.54878948  -0.05865866
   2.10078517  -0.05865866
   2.44031000  -0.05865866
   1.84949236  -0.05865866
   2.55000615  -0.05825826
   2.10326441  -0.05825826
   2.44472326  -0.05825826
   1.85558325  -0.05825826
   2.55122302  -0.05785786
   2.10574512  -0.05785786
   2.44917857  -0.05785786
   1.86167449  -0.05785786
   2.55244012  -0.05745746
   2.10822732  -0.05745746
   2.45367714  -0.05745746
   1.86776601  -0.05745746
   2.55365744  -0.05705706
   2.11071103  -0.05705706
   2.45822023  -0.05705706
   1.87385777  -0.05705706
   2.55487501  -0.05665666
   2.11319628  -0.05665666
   2.46280916  -0.05665666
   1.87994968  -0.05665666
   2.55609284  -0.05625626
   2.11568308  -0.05625626
   2.46744527  -0.05625626
   1.88604168  -0.05625626
   2.55731093  -0.05585586
   2.11817146  -0.05585586
   2.47212998  -0.05585586
   1.89213368  -0.05585586
   2.55852930  -0.05545546
   2.12066145  -0.05545546
   2.47686476  -0.05545546
   1.89822560  -0.05545546
   2.55974795  -0.05505506
   2.12315307  -0.05505506
   2.48165115  -0.05505506
   1.90431734  -0.05505506
   2.56096691  -0.05465465
   2.12564634  -0.05465465
   2.48649074  -0.05465465
   1.91040879  -0.05465465
   2.56218618  -0.05425425
   2.12814129  -0.05425425
   2.49138519  -0.05425425
   1.91649985  -0.05425425
   2.56340577  -0.05385385
   2.13063794  -0.05385385
   2.49633623  -0.05385385
   1.92259040  -0.05385385
   2.56462569  -0.05345345
   2.13313631  -0.05345345
   2.50134568  -0.05345345
   1.92868030  -0.05345345
   2.56584596  -0.05305305
   2.13563643  -0.05305305
   2.50641542  -0.05305305
   1.93476944  -0.05305305
   2.56706659  -0.05265265
   2.13813832  -0.05265265
   2.51154743  -0.05265265
   1.94085765  -0.05265265
   2.56828760  -0.05225225
   2.14064201  -0.05225225
   2.51674376  -0.05225225
   1.94694480  -0.05225225
   2.56950898  -0.05185185
   2.14314753  -0.05185185
   2.52200658  -0.05185185
   1.95303073  -0.05185185
   2.57073077  -0.05145145
   2.14565489  -0.05145145
   2.52733815  -0.05145145
   1.95911527  -0.05145145
   2.57195296  -0.05105105
   2.14816412  -0.05105105
   2.53274082  -0.05105105
   1.96519825  -0.05105105
   2.57317557  -0.05065065
   2.15067525  -0.05065065
   2.53821710  -0.05065065
   1.97127949  -0.05065065
   2.57439862  -0.05025025
   2.15318830  -0.05025025
   2.54376957  -0.05025025
   1.97735879  -0.05025025
   2.57562212  -0.04984985
   2.15570330  -0.04984985
   2.54940098  -0.04984985
   1.98343595  -0.04984985
   2.57684608  -0.04944945
   2.15822028  -0.04944945
   2.55511422  -0.04944945
   1.98951078  -0.04944945
   2.57807051  -0.04904905
   2.16073925  -0.04904905
   2.56091229  -0.04904905
   1.99558305  -0.04904905
   2.57929543  -0.04864865
   2.16326025  -0.04864865
   2.56679841  -0.04864865
   2.00165254  -0.04864865
   2.58052085  -0.04824825
   2.16578330  -0.04824825
   2.57277595  -0.04824825
   2.00771903  -0.04824825
   2.58174679  -0.04784785
   2.16830843  -0.04784785
   2.57884845  -0.04784785
   2.01378226  -0.04784785
   2.58297325  -0.04744745
   2.17083566  -0.04744745
   2.58501969  -0.04744745
   2.01984200  -0.04744745
   2.58420026  -0.04704705
   2.17336502  -0.04704705
   2.59129365  -0.04704705
   2.02589799  -0.04704705
   2.58542783  -0.04664665
   2.17589654  -0.04664665
   2.59767457  -0.04664665
   2.03194997  -0.04664665
   2.58665597  -0.04624625
   2.17843024  -0.04624625
   2.60416694  -0.04624625
   2.03799766  -0.04624625
   2.58788470  -0.04584585
   2.18096615  -0.04584585
   2.04404080  -0.04584585
   2.61077554  -0.04584585
   2.58911403  -0.04544545
   2.18350431  -0.04544545
   2.05007908  -0.04544545
   2.61750547  -0.04544545
   2.59034398  -0.04504505
   2.18604472  -0.04504505
   2.05611224  -0.04504505
   2.62436217  -0.04504505
   2.59157456  -0.04464464
   2.18858744  -0.04464464
   2.06213996  -0.04464464
   2.63135148  -0.04464464
   2.59280579  -0.04424424
   2.19113247  -0.04424424
   2.06816194  -0.04424424
   2.63847963  -0.04424424
   2.59403768  -0.04384384
   2.19367985  -0.04384384
   2.07417787  -0.04384384
   2.64575336  -0.04384384
   2.59527025  -0.04344344
   2.19622961  -0.04344344
   2.08018744  -0.04344344
   2.65317988  -0.04344344
   2.59650352  -0.04304304
   2.19878178  -0.04304304
   2.08619033  -0.04304304
   2.66076703  -0.04304304
   2.59773750  -0.04264264
   2.20133638  -0.04264264
   2.09218620  -0.04264264
   2.66852327  -0.04264264
   2.59897221  -0.04224224
   2.20389344  -0.04224224
   2.09817474  -0.04224224
   2.67645781  -0.04224224
   2.60020767  -0.04184184
   2.20645300  -0.04184184
   2.10415561  -0.04184184
   2.68458067  -0.04184184
   2.60144389  -0.04144144
   2.20901507  -0.04144144
   2.11012847  -0.04144144
   2.69290284  -0.04144144
   2.60268089  -0.04104104
   2.21157970  -0.04104104
   2.11609298  -0.04104104
   2.70143637  -0.04104104
   2.60391869  -0.04064064
   2.21414691  -0.04064064
   2.12204881  -0.04064064
   2.71019453  -0.04064064
   2.60515731  -0.04024024
   2.21671673  -0.04024024
   2.12799561  -0.04024024
   2.71919206  -0.04024024
   2.60639676  -0.03983984
   2.21928918  -0.03983984
   2.13393303  -0.03983984
   2.72844533  -0.03983984
   2.60763706  -0.03943944
   2.22186431  -0.03943944
   2.13986074  -0.03943944
   2.73797266  -0.03943944
   2.60887824  -0.03903904
   2.22444214  -0.03903904
   2.14577839  -0.03903904
   2.74779468  -0.03903904
   2.61012031  -0.03863864
   2.22702270  -0.03863864
   2.15168565  -0.03863864
   2.75793472  -0.03863864
   2.61136328  -0.03823824
   2.22960602  -0.03823824
   2.15758216  -0.03823824
   2.76841944  -0.03823824
   2.61260719  -0.03783784
   2.23219214  -0.03783784
   2.16346760  -0.03783784
   2.77927945  -0.03783784
   2.61385204  -0.03743744
   2.23478108  -0.03743744
   2.16934164  -0.03743744
   2.79055027  -0.03743744
   2.61509787  -0.03703704
   2.23737287  -0.03703704
   2.17520394  -0.03703704
   2.80227351  -0.03703704
   2.61634469  -0.03663664
   2.23996756  -0.03663664
   2.18105419  -0.03663664
   2.81449847  -0.03663664
   2.61759251  -0.03623624
   2.24256516  -0.03623624
   2.18689207  -0.03623624
   2.82728432  -0.03623624
   2.61884137  -0.03583584
   2.24516571  -0.03583584
   2.19271726  -0.03583584
   2.84070317  -0.03583584
   2.62009129  -0.03543544
   2.24776925  -0.03543544
   2.19852948  -0.03543544
   2.85484448  -0.03543544
   2.62134228  -0.03503504
   2.25037581  -0.03503504
   2.20432843  -0.03503504
   2.86982157  -0.03503504
   2.62259437  -0.03463463
   2.25298542  -0.03463463
   2.21011381  -0.03463463
   2.88578175  -0.03463463
   2.62384759  -0.03423423
   2.25559811  -0.03423423
   2.21588538  -0.03423423
   2.90292265  -0.03423423
   2.62510194  -0.03383383
   2.25821392  -0.03383383
   2.22164285  -0.03383383
   2.92152049  -0.03383383
   2.62635747  -0.03343343
   2.26083287  -0.03343343
   2.22738599  -0.03343343
   2.94198251  -0.03343343
   2.62761419  -0.03303303
   2.26345502  -0.03303303
   2.23311455  -0.03303303
   2.96495578  -0.03303303
   2.62887213  -0.03263263
   2.26608038  -0.03263263
   2.23882833  -0.03263263
   2.99159006  -0.03263263
   2.63013131  -0.03223223
   2.26870899  -0.03223223
   2.24452710  -0.03223223
   3.02435474  -0.03223223
   2.63139176  -0.03183183
   2.27134089  -0.03183183
   2.25021068  -0.03183183
   3.07136162  -0.03183183
   2.63265350  -0.03143143
   2.27397612  -0.03143143
   2.25587888  -0.03143143
   2.63391656  -0.03103103
   2.27661470  -0.03103103
   2.26153156  -0.03103103
   2.63518097  -0.03063063
   2.27925667  -0.03063063
   2.26716857  -0.03063063
   2.63644675  -0.03023023
   2.28190208  -0.03023023
   2.27278978  -0.03023023
   2.63771394  -0.02982983
   2.28455095  -0.02982983
   2.27839509  -0.02982983
   2.63898256  -0.02942943
   2.28720332  -0.02942943
   2.28398440  -0.02942943
   2.64025263  -0.02902903
   2.28985923  -0.02902903
   2.28955766  -0.02902903
   2.64152420  -0.02862863
   2.29251871  -0.02862863
   2.29511481  -0.02862863
   2.64279729  -0.02822823
   2.29518180  -0.02822823
   2.30065582  -0.02822823
   2.64407193  -0.02782783
   2.29784854  -0.02782783
   2.30618069  -0.02782783
   2.64534815  -0.02742743
   2.30051897  -0.02742743
   2.31168943  -0.02742743
   2.64662599  -0.02702703
   2.30319312  -0.02702703
   2.31718207  -0.02702703
   2.64790547  -0.02662663
   2.30587104  -0.02662663
   2.32265866  -0.02662663
   2.64918664  -0.02622623
   2.30855275  -0.02622623
   2.32811928  -0.02622623
   2.65046952  -0.02582583
   2.31123831  -0.02582583
   2.33356403  -0.02582583
   2.65175415  -0.02542543
   2.31392774  -0.02542543
   2.33899302  -0.02542543
   2.65304057  -0.02502503
   2.31662109  -0.02502503
   2.34440640  -0.02502503
   2.65432881  -0.02462462
   2.31931839  -0.02462462
   2.34980432  -0.02462462
   2.65561892  -0.02422422
   2.32201970  -0.02422422
   2.35518696  -0.02422422
   2.65691092  -0.02382382
   2.32472503  -0.02382382
   2.36055453  -0.02382382
   2.65820486  -0.02342342
   2.32743445  -0.02342342
   2.36590725  -0.02342342
   2.65950078  -0.02302302
   2.33014798  -0.02302302
   2.37124535  -0.02302302
   2.66079872  -0.02262262
   2.33286567  -0.02262262
   2.37656912  -0.02262262
   2.66209872  -0.02222222
   2.33558755  -0.02222222
   2.38187882  -0.02222222
   2.66340082  -0.02182182
   2.33831368  -0.02182182
   2.38717476  -0.02182182
   2.66470507  -0.02142142
   2.34104409  -0.02142142
   2.39245727  -0.02142142
   2.66601152  -0.02102102
   2.34377882  -0.02102102
   2.39772668  -0.02102102
   2.66732020  -0.02062062
   2.34651791  -0.02062062
   2.40298335  -0.02062062
   2.66863117  -0.02022022
   2.34926141  -0.02022022
   2.40822767  -0.02022022
   2.66994448  -0.01981982
   2.35200936  -0.01981982
   2.41346003  -0.01981982
   2.67126017  -0.01941942
   2.35476181  -0.01941942
   2.41868084  -0.01941942
   2.67257830  -0.01901902
   2.35751878  -0.01901902
   2.42389054  -0.01901902
   2.67389891  -0.01861862
   2.36028034  -0.01861862
   2.42908957  -0.01861862
   2.67522207  -0.01821822
   2.36304651  -0.01821822
   2.43427841  -0.01821822
   2.67654782  -0.01781782
   2.36581735  -0.01781782
   2.43945753  -0.01781782
   2.67787623  -0.01741742
   2.36859290  -0.01741742
   2.44462742  -0.01741742
   2.67920735  -0.01701702
   2.37137320  -0.01701702
   2.44978861  -0.01701702
   2.68054123  -0.01661662
   2.37415829  -0.01661662
   2.45494163  -0.01661662
   2.68187795  -0.01621622
   2.37694823  -0.01621622
   2.46008701  -0.01621622
   2.68321756  -0.01581582
   2.37974304  -0.01581582
   2.46522532  -0.01581582
   2.68456013  -0.01541542
   2.38254279  -0.01541542
   2.47035713  -0.01541542
   2.68590572  -0.01501502
   2.38534751  -0.01501502
   2.47548303  -0.01501502
   2.68725441  -0.01461461
   2.38815724  -0.01461461
   2.48060362  -0.01461461
   2.68860626  -0.01421421
   2.39097204  -0.01421421
   2.48571952  -0.01421421
   2.68996134  -0.01381381
   2.39379195  -0.01381381
   2.49083137  -0.01381381
   2.69131973  -0.01341341
   2.39661700  -0.01341341
   2.49593980  -0.01341341
   2.69268150  -0.01301301
   2.39944725  -0.01301301
   2.50104548  -0.01301301
   2.69404674  -0.01261261
   2.40228274  -0.01261261
   2.50614909  -0.01261261
   2.69541552  -0.01221221
   2.40512352  -0.01221221
   2.51125131  -0.01221221
   2.69678792  -0.01181181
   2.40796962  -0.01181181
   2.51635284  -0.01181181
   2.69816403  -0.01141141
   2.41082110  -0.01141141
   2.52145441  -0.01141141
   2.69954395  -0.01101101
   2.41367800  -0.01101101
   2.52655675  -0.01101101
   2.70092775  -0.01061061
   2.41654036  -0.01061061
   2.53166061  -0.01061061
   2.70231554  -0.01021021
   2.41940823  -0.01021021
   2.53676676  -0.01021021
   2.70370741  -0.00980981
   2.42228165  -0.00980981
   2.54187596  -0.00980981
   2.70510346  -0.00940941
   2.42516067  -0.00940941
   2.54698903  -0.00940941
   2.70650379  -0.00900901
   2.42804532  -0.00900901
   2.55210678  -0.00900901
   2.70790851  -0.00860861
   2.43093566  -0.00860861
   2.55723003  -0.00860861
   2.70931772  -0.00820821
   2.43383171  -0.00820821
   2.56235965  -0.00820821
   2.71073154  -0.00780781
   2.43673354  -0.00780781
   2.56749650  -0.00780781
   2.71215010  -0.00740741
   2.43964117  -0.00740741
   2.57264147  -0.00740741
   2.71357349  -0.00700701
   2.44255465  -0.00700701
   2.57779547  -0.00700701
   2.71500186  -0.00660661
   2.44547402  -0.00660661
   2.58295945  -0.00660661
   2.71643533  -0.00620621
   2.44839932  -0.00620621
   2.58813435  -0.00620621
   2.71787403  -0.00580581
   2.45133059  -0.00580581
   2.59332116  -0.00580581
   2.71931810  -0.00540541
   2.45426786  -0.00540541
   2.59852089  -0.00540541
   2.72076768  -0.00500501
   2.45721119  -0.00500501
   2.60373457  -0.00500501
   2.72222293  -0.00460460
   2.46016059  -0.00460460
   2.60896327  -0.00460460
   2.72368398  -0.00420420
   2.46311611  -0.00420420
   2.61420809  -0.00420420
   2.72515100  -0.00380380
   2.46607778  -0.00380380
   2.61947015  -0.00380380
   2.72662415  -0.00340340
   2.46904564  -0.00340340
   2.62475063  -0.00340340
   2.72810361  -0.00300300
   2.47201971  -0.00300300
   2.63005071  -0.00300300
   2.72958954  -0.00260260
   2.47500004  -0.00260260
   2.63537166  -0.00260260
   2.73108213  -0.00220220
   2.47798665  -0.00220220
   2.64071476  -0.00220220
   2.73258157  -0.00180180
   2.48097959  -0.00180180
   2.64608139  -0.00180180
   2.73408820  -0.00140140
   2.48398041  -0.00140140
   2.65147604  -0.00140140
   2.73560174  -0.00100100
   2.48698417  -0.00100100
   2.65688996  -0.00100100
   2.73712292  -0.00060060
   2.48999619  -0.00060060
   2.66233550  -0.00060060
   2.73865177  -0.00020020
   2.49301455  -0.00020020
   2.66781026  -0.00020020
   2.74018852   0.00020020
   2.49603931   0.00020020
   2.67331593   0.00020020
   2.74173340   0.00060060
   2.49907050   0.00060060
   2.67885419   0.00060060
   2.74328666   0.00100100
   2.50210811   0.00100100
   2.68442682   0.00100100
   2.74484856   0.00140140
   2.50515217   0.00140140
   2.69003566   0.00140140
   2.74641935   0.00180180
   2.50820268   0.00180180
   2.69568264   0.00180180
   2.74799932   0.00220220
   2.51125964   0.00220220
   2.70136978   0.00220220
   2.74958875   0.00260260
   2.51432305   0.00260260
   2.70709921   0.00260260
   2.75118793   0.00300300
   2.51739291   0.00300300
   2.71287319   0.00300300
   2.75279718   0.00340340
   2.52046920   0.00340340
   2.71869408   0.00340340
   2.75441682   0.00380380
   2.52355191   0.00380380
   2.72456439   0.00380380
   2.75604719   0.00420420
   2.52664103   0.00420420
   2.73048677   0.00420420
   2.75768863   0.00460460
   2.52973652   0.00460460
   2.73646403   0.00460460
   2.75934151   0.00500501
   2.53283837   0.00500501
   2.74249918   0.00500501
   2.76100621   0.00540541
   2.53594654   0.00540541
   2.74859539   0.00540541
   2.76268314   0.00580581
   2.53906098   0.00580581
   2.75475609   0.00580581
   2.76437269   0.00620621
   2.54218166   0.00620621
   2.76098492   0.00620621
   2.76607530   0.00660661
   2.54530851   0.00660661
   2.76728580   0.00660661
   2.76779143   0.00700701
   2.54844149   0.00700701
   2.77366294   0.00700701
   2.76952155   0.00740741
   2.55158051   0.00740741
   2.78012089   0.00740741
   2.77126614   0.00780781
   2.55472551   0.00780781
   2.78666456   0.00780781
   2.77302572   0.00820821
   2.55787641   0.00820821
   2.79329931   0.00820821
   2.77480082   0.00860861
   2.56103310   0.00860861
   2.80003093   0.00860861
   2.77659203   0.00900901
   2.56419549   0.00900901
   2.80686579   0.00900901
   2.77839988   0.00940941
   2.56736347   0.00940941
   2.81381083   0.00940941
   2.78022503   0.00980981
   2.57053691   0.00980981
   2.82087373   0.00980981
   2.78206809   0.01021021
   2.57371568   0.01021021
   2.82806294   0.01021021
   2.78392975   0.01061061
   2.57689964   0.01061061
   2.83538788   0.01061061
   2.78581071   0.01101101
   2.58008863   0.01101101
   2.84285902   0.01101101
   2.78771169   0.01141141
   2.58328247   0.01141141
   2.85048814   0.01141141
   2.78963347   0.01181181
   2.58648099   0.01181181
   2.85828850   0.01181181
   2.79157685   0.01221221
   2.58968398   0.01221221
   2.86627518   0.01221221
   2.79354268   0.01261261
   2.59289124   0.01261261
   2.87446539   0.01261261
   2.79553183   0.01301301
   2.59610254   0.01301301
   2.88287900   0.01301301
   2.79754523   0.01341341
   2.59931763   0.01341341
   2.89153908   0.01341341
   2.79958386   0.01381381
   2.60253625   0.01381381
   2.90047272   0.01381381
   2.80164872   0.01421421
   2.60575812   0.01421421
   2.90971209   0.01421421
   2.80374087   0.01461461
   2.60898295   0.01461461
   2.91929585   0.01461461
   2.80586145   0.01501502
   2.61221042   0.01501502
   2.92927121   0.01501502
   2.80801161   0.01541542
   2.61544020   0.01541542
   2.93969679   0.01541542
   2.81019258   0.01581582
   2.61867193   0.01581582
   2.95064693   0.01581582
   2.81240565   0.01621622
   2.62190522   0.01621622
   2.96221830   0.01621622
   2.81465218   0.01661662
   2.62513970   0.01661662
   2.97454061   0.01661662
   2.81693357   0.01701702
   2.62837492   0.01701702
   2.98779496   0.01701702
   2.81925132   0.01741742
   2.63161046   0.01741742
   3.00224781   0.01741742
   2.82160698   0.01781782
   2.63484584   0.01781782
   3.01832084   0.01781782
   2.82400219   0.01821822
   2.63808057   0.01821822
   3.03675760   0.01821822
   2.82643868   0.01861862
   2.64131415   0.01861862
   3.05912972   0.01861862
   2.82891825   0.01901902
   2.64454603   0.01901902
   3.09035807   0.01901902
   2.83144280   0.01941942
   2.64777565   0.01941942
   2.83401431   0.01981982
   2.65100243   0.01981982
   2.83663488   0.02022022
   2.65422577   0.02022022
   2.83930672   0.02062062
   2.65744502   0.02062062
   2.84203214   0.02102102
   2.66065953   0.02102102
   2.84481356   0.02142142
   2.66386863   0.02142142
   2.84765356   0.02182182
   2.66707162   0.02182182
   2.85055483   0.02222222
   2.67026779   0.02222222
   2.85352022   0.02262262
   2.67345639   0.02262262
   2.85655272   0.02302302
   2.67663668   0.02302302
   2.85965550   0.02342342
   2.67980789   0.02342342
   2.86283189   0.02382382
   2.68296924   0.02382382
   2.68611995   0.02422422
   2.86608544   0.02422422
   2.68925920   0.02462462
   2.86941990   0.02462462
   2.69238621   0.02502503
   2.87283924   0.02502503
   2.69550018   0.02542543
   2.87634768   0.02542543
   2.69860029   0.02582583
   2.87994972   0.02582583
   2.70168575   0.02622623
   2.88365018   0.02622623
   2.70475577   0.02662663
   2.88745419   0.02662663
   2.70780959   0.02702703
   2.89136728   0.02702703
   2.71084644   0.02742743
   2.89539541   0.02742743
   2.71386559   0.02782783
   2.89954500   0.02782783
   2.71686632   0.02822823
   2.90382304   0.02822823
   2.71984795   0.02862863
   2.90823715   0.02862863
   2.72280982   0.02902903
   2.91279569   0.02902903
   2.72575133   0.02942943
   2.91750785   0.02942943
   2.72867188   0.02982983
   2.92238384   0.02982983
   2.73157095   0.03023023
   2.92743506   0.03023023
   2.73444804   0.03063063
   2.93267430   0.03063063
   2.73730271   0.03103103
   2.93811606   0.03103103
   2.74013458   0.03143143
   2.94377692   0.03143143
   2.74294329   0.03183183
   2.94967599   0.03183183
   2.74572857   0.03223223
   2.95583557   0.03223223
   2.74849017   0.03263263
   2.96228195   0.03263263
   2.75122791   0.03303303
   2.96904659   0.03303303
   2.75394168   0.03343343
   2.97616767   0.03343343
   2.75663140   0.03383383
   2.98369238   0.03383383
   2.75929706   0.03423423
   2.99168028   0.03423423
   2.76193868   0.03463463
   3.00020844   0.03463463
   2.76455636   0.03503504
   3.00937974   0.03503504
   2.76715023   0.03543544
   3.01933693   0.03543544
   2.76972047   0.03583584
   3.03028850   0.03583584
   2.77226731   0.03623624
   3.04256120   0.03623624
   2.77479102   0.03663664
   3.05672305   0.03663664
   2.77729190   0.03703704
   3.07394624   0.03703704
   2.77977031   0.03743744
   3.09769077   0.03743744
   2.78222662   0.03783784
   2.78466121   0.03823824
   2.78707457   0.03863864
   2.78946714   0.03903904
   2.79183940   0.03943944
   2.79419186   0.03983984
   2.79652504   0.04024024
   2.79883946   0.04064064
   2.80113568   0.04104104
   2.80341426   0.04144144
   2.80567575   0.04184184
   2.80792072   0.04224224
   2.81014974   0.04264264
   2.81236339   0.04304304
   2.81456225   0.04344344
   2.81674687   0.04384384
   2.81891783   0.04424424
   2.82107570   0.04464464
   2.82322104   0.04504505
   2.82535441   0.04544545
   2.82747636   0.04584585
   2.82958743   0.04624625
   2.83168816   0.04664665
   2.83377908   0.04704705
   2.83586072   0.04744745
   2.83793358   0.04784785
   2.83999819   0.04824825
   2.84205502   0.04864865
   2.84410459   0.04904905
   2.84614736   0.04944945
   2.84818382   0.04984985
   2.85021443   0.05025025
   2.85223966   0.05065065
   2.85425995   0.05105105
   2.85627575   0.05145145
   2.85828750   0.05185185
   2.86029564   0.05225225
   2.86230058   0.05265265
   2.86430275   0.05305305
   2.86630256   0.05345345
   2.86830042   0.05385385
   2.87029673   0.05425425
   2.87229190   0.05465465
   2.87428632   0.05505506
   2.87628038   0.05545546
   2.87827448   0.05585586
   2.88026899   0.05625626
   2.88226431   0.05665666
   2.88426081   0.05705706
   2.88625888   0.05745746
   2.88825889   0.05785786
   2.89026123   0.05825826
   2.89226628   0.05865866
   2.89427441   0.05905906
   2.89628601   0.05945946
   2.89830146   0.05985986
   2.90032115   0.06026026
   2.90234547   0.06066066
   2.90437480   0.06106106
   2.90640956   0.06146146
   2.90845012   0.06186186
   2.91049692   0.06226226
   2.91255035   0.06266266
   2.91461083   0.06306306
   2.91667880   0.06346346
   2.91875469   0.06386386
   2.92083895   0.06426426
   2.92293203   0.06466466
   2.92503441   0.06506507
   2.92714655   0.06546547
   2.92926895   0.06586587
   2.93140213   0.06626627
   2.93354660   0.06666667
   2.93570290   0.06706707
   2.93787161   0.06746747
   2.94005329   0.06786787
   2.94224854   0.06826827
   2.94445801   0.06866867
   2.94668233   0.06906907
   2.94892218   0.06946947
   2.95117829   0.06986987
   2.95345138   0.07027027
   2.95574225   0.07067067
   2.95805171   0.07107107
   2.96038062   0.07147147
   2.96272989   0.07187187
   2.96510048   0.07227227
   2.96749339   0.07267267
   2.96990972   0.07307307
   2.97235059   0.07347347
   2.97481723   0.07387387
   2.97731092   0.07427427
   2.97983306   0.07467467
   2.98238512   0.07507508
   2.98496870   0.07547548
   2.98758551   0.07587588
   2.99023740   0.07627628
   2.99292637   0.07667668
   2.99565460   0.07707708
   2.99842446   0.07747748
   3.00123853   0.07787788
   3.00409965   0.07827828
   3.00701094   0.07867868
   3.00997585   0.07907908
   3.01299820   0.07947948
   3.01608228   0.07987988
   3.01923285   0.08028028
   3.02245532   0.08068068
   3.02575581   0.08108108
   3.02914131   0.08148148
   3.03261986   0.08188188
   3.03620080   0.08228228
   3.03989505   0.08268268
   3.04371559   0.08308308
   3.04767795   0.08348348
   3.05180102   0.08388388
   3.05610820   0.08428428
   3.06062899   0.08468468
   3.06540155   0.08508509
   3.07047671   0.08548549
   3.07592474   0.08588589
   3.08184772   0.08628629
   3.08840428   0.08668669
   3.09586635   0.08708709
   3.10478079   0.08748749
   3.11665995   0.08788789
