 #  AES results:
     3                                                      # NL
 #  No QSCR at this stage
    29.00000       2.621800       2.621800                  # AZ, WSR
    0.000000                                                # Fermi Energy
    0.0E+00                                                 # Pot.Shift
     0                                                      # SW
     2                                                      # NS
   400                                                      # AES        IS=1
    0.000000      -2899781.      -1428822.      -938704.6    
   -693794.9      -546966.7      -449177.8      -379410.3    
   -327155.0      -286573.7      -254163.3      -227694.8    
   -205681.9      -187095.9      -171201.9      -157461.1    
   -145469.1      -134917.1      -125564.5      -117221.7    
   -109736.7      -102986.9      -96871.52      -91307.61    
   -86225.95      -81568.41      -77285.81      -73336.25    
   -69683.83      -66297.61      -63150.77      -60219.94    
   -57484.70      -54927.08      -52531.26      -50283.20    
   -48170.44      -46181.86      -44307.51      -42538.48    
   -40866.74      -39285.04      -37786.83      -36366.17    
   -35017.66      -33736.39      -32517.86      -31357.98    
   -30252.98      -29199.40      -28194.08      -27234.09    
   -26316.72      -25439.49      -24600.08      -23796.37    
   -23026.35      -22288.20      -21580.18      -20900.71    
   -20248.29      -19621.53      -19019.12      -18439.85    
   -17882.57      -17346.22      -16829.78      -16332.33    
   -15852.96      -15390.84      -14945.19      -14515.26    
   -14100.36      -13699.81      -13313.01      -12939.34    
   -12578.27      -12229.25      -11891.79      -11565.41    
   -11249.65      -10944.09      -10648.33      -10361.97    
   -10084.65      -9816.010      -9555.725      -9303.475    
   -9058.955      -8821.878      -8591.968      -8368.961    
   -8152.607      -7942.664      -7738.904      -7541.107    
   -7349.063      -7162.571      -6981.438      -6805.481    
   -6634.522      -6468.392      -6306.929      -6149.976    
   -5997.386      -5849.013      -5704.721      -5564.376    
   -5427.853      -5295.027      -5165.783      -5040.006    
   -4917.588      -4798.424      -4682.414      -4569.460    
   -4459.469      -4352.351      -4248.019      -4146.389    
   -4047.381      -3950.917      -3856.921      -3765.322    
   -3676.049      -3589.034      -3504.214      -3421.524    
   -3340.904      -3262.295      -3185.641      -3110.886    
   -3037.976      -2966.862      -2897.493      -2829.821    
   -2763.800      -2699.385      -2636.531      -2575.197    
   -2515.342      -2456.926      -2399.911      -2344.260    
   -2289.936      -2236.906      -2185.134      -2134.588    
   -2085.236      -2037.047      -1989.992      -1944.041    
   -1899.165      -1855.339      -1812.533      -1770.724    
   -1729.886      -1689.994      -1651.025      -1612.956    
   -1575.764      -1539.427      -1503.925      -1469.237    
   -1435.343      -1402.223      -1369.859      -1338.231    
   -1307.323      -1277.117      -1247.596      -1218.744    
   -1190.543      -1162.980      -1136.038      -1109.703    
   -1083.961      -1058.797      -1034.198      -1010.150    
   -986.6415      -963.6590      -941.1903      -919.2237    
   -897.7475      -876.7504      -856.2215      -836.1501    
   -816.5257      -797.3382      -778.5778      -760.2348    
   -742.2998      -724.7637      -707.6177      -690.8530    
   -674.4612      -658.4340      -642.7634      -627.4415    
   -612.4607      -597.8134      -583.4923      -569.4903    
   -555.8003      -542.4155      -529.3293      -516.5349    
   -504.0260      -491.7964      -479.8398      -468.1503    
   -456.7219      -445.5489      -434.6257      -423.9468    
   -413.5067      -403.3002      -393.3223      -383.5678    
   -374.0320      -364.7100      -355.5973      -346.6893    
   -337.9816      -329.4700      -321.1503      -313.0184    
   -305.0703      -297.3023      -289.7105      -282.2913    
   -275.0411      -267.9565      -261.0340      -254.2702    
   -247.6621      -241.2062      -234.8997      -228.7393    
   -222.7221      -216.8451      -211.1055      -205.5003    
   -200.0269      -194.6824      -189.4642      -184.3695    
   -179.3958      -174.5404      -169.8008      -165.1745    
   -160.6590      -156.2518      -151.9506      -147.7529    
   -143.6564      -139.6588      -135.7580      -131.9515    
   -128.2374      -124.6133      -121.0774      -117.6275    
   -114.2616      -110.9778      -107.7743      -104.6491    
   -101.6006      -98.62690      -95.72647      -92.89763    
   -90.13885      -87.44860      -84.82544      -82.26793    
   -79.77472      -77.34447      -74.97587      -72.66766    
   -70.41859      -68.22742      -66.09294      -64.01393    
   -61.98919      -60.01751      -58.09770      -56.22855    
   -54.40889      -52.63751      -50.91326      -49.23498    
   -47.60153      -46.01182      -44.46478      -42.95935    
   -41.49455      -40.06942      -38.68304      -37.33453    
   -36.02306      -34.74785      -33.50812      -32.30316    
   -31.13229      -29.99484      -28.89018      -27.81771    
   -26.77682      -25.76695      -24.78753      -23.83801    
   -22.91786      -22.02652      -21.16346      -20.32816    
   -19.52007      -18.73866      -17.98340      -17.25373    
   -16.54913      -15.86903      -15.21289      -14.58015    
   -13.97025      -13.38262      -12.81671      -12.27194    
   -11.74774      -11.24356      -10.75880      -10.29292    
   -9.845343      -9.415510      -9.002865      -8.606858    
   -8.226943      -7.862583      -7.513248      -7.178419    
   -6.857585      -6.550246      -6.255911      -5.974105    
   -5.704360      -5.446224      -5.199255      -4.963027    
   -4.737123      -4.521144      -4.314701      -4.117418    
   -3.928934      -3.748899      -3.576978      -3.412846    
   -3.256191      -3.106715      -2.964128      -2.828154    
   -2.698525      -2.574987      -2.457291      -2.345202    
   -2.238492      -2.136941      -2.040340      -1.948485    
   -1.861181      -1.778240      -1.699481      -1.624731    
   -1.553820      -1.486588      -1.422879      -1.362544    
   -1.305437      -1.251421      -1.200361      -1.152129    
   -1.106602      -1.063662      -1.023193     -0.9850871    
  -0.9492384     -0.9155460     -0.8839129     -0.8542458    
  -0.8264552     -0.8004551     -0.7761626     -0.7534983    
  -0.7323855     -0.7127503     -0.6945218     -0.6776311    
  -0.6620121     -0.6476005     -0.6343343     -0.6221535    
   400                                                      # AES        IS=2
    0.000000      -2899781.      -1428822.      -938704.6    
   -693794.9      -546966.7      -449177.8      -379410.3    
   -327155.0      -286573.7      -254163.3      -227694.8    
   -205681.9      -187095.9      -171201.9      -157461.1    
   -145469.1      -134917.1      -125564.5      -117221.7    
   -109736.7      -102986.9      -96871.52      -91307.61    
   -86225.95      -81568.41      -77285.81      -73336.25    
   -69683.83      -66297.61      -63150.77      -60219.94    
   -57484.70      -54927.08      -52531.26      -50283.20    
   -48170.44      -46181.86      -44307.51      -42538.48    
   -40866.74      -39285.04      -37786.83      -36366.17    
   -35017.66      -33736.39      -32517.86      -31357.98    
   -30252.98      -29199.40      -28194.08      -27234.09    
   -26316.72      -25439.49      -24600.08      -23796.37    
   -23026.35      -22288.20      -21580.18      -20900.71    
   -20248.29      -19621.53      -19019.12      -18439.85    
   -17882.57      -17346.22      -16829.78      -16332.33    
   -15852.96      -15390.84      -14945.19      -14515.26    
   -14100.36      -13699.81      -13313.01      -12939.34    
   -12578.27      -12229.25      -11891.79      -11565.41    
   -11249.65      -10944.09      -10648.33      -10361.97    
   -10084.65      -9816.010      -9555.725      -9303.475    
   -9058.955      -8821.878      -8591.968      -8368.961    
   -8152.607      -7942.664      -7738.904      -7541.107    
   -7349.063      -7162.571      -6981.438      -6805.481    
   -6634.522      -6468.392      -6306.929      -6149.976    
   -5997.386      -5849.013      -5704.721      -5564.376    
   -5427.853      -5295.027      -5165.783      -5040.006    
   -4917.588      -4798.424      -4682.414      -4569.460    
   -4459.469      -4352.351      -4248.019      -4146.389    
   -4047.381      -3950.917      -3856.921      -3765.322    
   -3676.049      -3589.034      -3504.214      -3421.524    
   -3340.904      -3262.295      -3185.641      -3110.886    
   -3037.976      -2966.862      -2897.493      -2829.821    
   -2763.800      -2699.385      -2636.531      -2575.197    
   -2515.342      -2456.926      -2399.911      -2344.260    
   -2289.936      -2236.906      -2185.134      -2134.588    
   -2085.236      -2037.047      -1989.992      -1944.041    
   -1899.165      -1855.339      -1812.533      -1770.724    
   -1729.886      -1689.994      -1651.025      -1612.956    
   -1575.764      -1539.427      -1503.925      -1469.237    
   -1435.343      -1402.223      -1369.859      -1338.231    
   -1307.323      -1277.117      -1247.596      -1218.744    
   -1190.543      -1162.980      -1136.038      -1109.703    
   -1083.961      -1058.797      -1034.198      -1010.150    
   -986.6415      -963.6590      -941.1903      -919.2237    
   -897.7475      -876.7504      -856.2215      -836.1501    
   -816.5257      -797.3382      -778.5778      -760.2348    
   -742.2998      -724.7637      -707.6177      -690.8530    
   -674.4612      -658.4340      -642.7634      -627.4415    
   -612.4607      -597.8134      -583.4923      -569.4903    
   -555.8003      -542.4155      -529.3293      -516.5349    
   -504.0260      -491.7964      -479.8398      -468.1503    
   -456.7219      -445.5489      -434.6257      -423.9468    
   -413.5067      -403.3002      -393.3223      -383.5678    
   -374.0320      -364.7100      -355.5973      -346.6893    
   -337.9816      -329.4700      -321.1503      -313.0184    
   -305.0703      -297.3023      -289.7105      -282.2913    
   -275.0411      -267.9565      -261.0340      -254.2702    
   -247.6621      -241.2062      -234.8997      -228.7393    
   -222.7221      -216.8451      -211.1055      -205.5003    
   -200.0269      -194.6824      -189.4642      -184.3695    
   -179.3958      -174.5404      -169.8008      -165.1745    
   -160.6590      -156.2518      -151.9506      -147.7529    
   -143.6564      -139.6588      -135.7580      -131.9515    
   -128.2374      -124.6133      -121.0774      -117.6275    
   -114.2616      -110.9778      -107.7743      -104.6491    
   -101.6006      -98.62690      -95.72647      -92.89763    
   -90.13885      -87.44860      -84.82544      -82.26793    
   -79.77472      -77.34447      -74.97587      -72.66766    
   -70.41859      -68.22742      -66.09294      -64.01393    
   -61.98919      -60.01751      -58.09770      -56.22855    
   -54.40889      -52.63751      -50.91326      -49.23498    
   -47.60153      -46.01182      -44.46478      -42.95935    
   -41.49455      -40.06942      -38.68304      -37.33453    
   -36.02306      -34.74785      -33.50812      -32.30316    
   -31.13229      -29.99484      -28.89018      -27.81771    
   -26.77682      -25.76695      -24.78753      -23.83801    
   -22.91786      -22.02652      -21.16346      -20.32816    
   -19.52007      -18.73866      -17.98340      -17.25373    
   -16.54913      -15.86903      -15.21289      -14.58015    
   -13.97025      -13.38262      -12.81671      -12.27194    
   -11.74774      -11.24356      -10.75880      -10.29292    
   -9.845343      -9.415510      -9.002865      -8.606858    
   -8.226943      -7.862583      -7.513248      -7.178419    
   -6.857585      -6.550246      -6.255911      -5.974105    
   -5.704360      -5.446224      -5.199255      -4.963027    
   -4.737123      -4.521144      -4.314701      -4.117418    
   -3.928934      -3.748899      -3.576978      -3.412846    
   -3.256191      -3.106715      -2.964128      -2.828154    
   -2.698525      -2.574987      -2.457291      -2.345202    
   -2.238492      -2.136941      -2.040340      -1.948485    
   -1.861181      -1.778240      -1.699481      -1.624731    
   -1.553820      -1.486588      -1.422879      -1.362544    
   -1.305437      -1.251421      -1.200361      -1.152129    
   -1.106602      -1.063662      -1.023193     -0.9850871    
  -0.9492384     -0.9155460     -0.8839129     -0.8542458    
  -0.8264552     -0.8004551     -0.7761626     -0.7534983    
  -0.7323855     -0.7127503     -0.6945218     -0.6776311    
  -0.6620121     -0.6476005     -0.6343343     -0.6221535    
 XXXXXXXXXXXXXXXXXXXXXXXXXXXXXXXXXXXXXXXXXXXX
                                                  AES              IS=1
  -0.2667001      0.7388645      0.2171495E-01
  -0.2667001      0.7388645      0.2171495E-01
   0.1778627      0.1532568      0.1220421E-01
   0.4212632      0.9661070E-01 -0.6902405E-02
   0.5213269E-01  0.4699922E-01   2.073210    
   -1.000000      -2.000000      -3.000000    
  -0.3683474      0.3419205      0.9648726E-01
   0.1630612     -0.1562969     -0.8451775    
                                                  AES              IS=2
  -0.2667001      0.7388645      0.2171495E-01
  -0.2667001      0.7388645      0.2171495E-01
   0.1778627      0.1532568      0.1220421E-01
   0.4212632      0.9661070E-01 -0.6902405E-02
   0.5213269E-01  0.4699922E-01   2.073210    
   -1.000000      -2.000000      -3.000000    
  -0.3683474      0.3419205      0.9648726E-01
   0.1630612     -0.1562969     -0.8451775    
     5                                            AES             
     1    0    0
   -648.6156      -648.6156    
     2    0    0
   -77.45508      -77.45508    
     2    1    0
   -66.86678      -66.86678    
     3    0    0
   -7.938470      -7.938470    
     3    1    0
   -4.847061      -4.847061    
