#  Bulk results for: Cu, IVXC=0, NK=   30
     3                                                      # NL
   0.3484850      0.5303000E-01  0.1071400E-01
    29.00000       2.621800       2.621800                  # AZ, WSR
  -0.5073647E-01   0.000000                                  # Fermi.En, Mag.Mom
   0.0000000E+00                                            # Pot.Shift
     0                                                      # SW
     2                                                      # NS
   400                                                      #     Cu     IS=1
    0.000000      -2899782.      -1428823.      -938705.0    
   -693795.2      -546967.0      -449178.2      -379410.6    
   -327155.3      -286574.0      -254163.7      -227695.1    
   -205682.2      -187096.3      -171202.3      -157461.4    
   -145469.5      -134917.4      -125564.8      -117222.0    
   -109737.1      -102987.2      -96871.87      -91307.96    
   -86226.29      -81568.75      -77286.15      -73336.59    
   -69684.18      -66297.95      -63151.11      -60220.28    
   -57485.04      -54927.42      -52531.60      -50283.54    
   -48170.78      -46182.20      -44307.86      -42538.83    
   -40867.08      -39285.38      -37787.17      -36366.51    
   -35018.00      -33736.73      -32518.21      -31358.32    
   -30253.32      -29199.75      -28194.42      -27234.43    
   -26317.06      -25439.83      -24600.43      -23796.71    
   -23026.70      -22288.54      -21580.53      -20901.05    
   -20248.63      -19621.87      -19019.46      -18440.19    
   -17882.91      -17346.56      -16830.13      -16332.67    
   -15853.30      -15391.18      -14945.53      -14515.60    
   -14100.70      -13700.15      -13313.35      -12939.69    
   -12578.61      -12229.59      -11892.13      -11565.75    
   -11249.99      -10944.44      -10648.67      -10362.31    
   -10084.99      -9816.352      -9556.067      -9303.817    
   -9059.297      -8822.220      -8592.310      -8369.303    
   -8152.949      -7943.006      -7739.246      -7541.449    
   -7349.405      -7162.913      -6981.780      -6805.823    
   -6634.864      -6468.734      -6307.270      -6150.318    
   -5997.728      -5849.355      -5705.063      -5564.718    
   -5428.194      -5295.369      -5166.124      -5040.348    
   -4917.930      -4798.766      -4682.756      -4569.802    
   -4459.811      -4352.693      -4248.361      -4146.731    
   -4047.723      -3951.258      -3857.263      -3765.663    
   -3676.390      -3589.376      -3504.555      -3421.866    
   -3341.246      -3262.637      -3185.982      -3111.227    
   -3038.318      -2967.204      -2897.835      -2830.163    
   -2764.141      -2699.726      -2636.872      -2575.538    
   -2515.683      -2457.267      -2400.252      -2344.601    
   -2290.277      -2237.247      -2185.475      -2134.929    
   -2085.577      -2037.388      -1990.333      -1944.382    
   -1899.506      -1855.679      -1812.874      -1771.065    
   -1730.227      -1690.335      -1651.366      -1613.297    
   -1576.105      -1539.768      -1504.266      -1469.578    
   -1435.684      -1402.564      -1370.200      -1338.573    
   -1307.665      -1277.459      -1247.938      -1219.085    
   -1190.885      -1163.322      -1136.380      -1110.045    
   -1084.303      -1059.139      -1034.540      -1010.493    
   -986.9842      -964.0018      -941.5333      -919.5669    
   -898.0909      -877.0941      -856.5654      -836.4942    
   -816.8701      -797.6829      -778.9227      -760.5800    
   -742.6454      -725.1096      -707.9639      -691.1996    
   -674.8081      -658.7813      -643.1111      -627.7896    
   -612.8091      -598.1622      -583.8416      -569.8400    
   -556.1504      -542.7661      -529.6803      -516.8864    
   -504.3780      -492.1488      -480.1927      -468.5036    
   -457.0757      -445.9032      -434.9805      -424.3021    
   -413.8625      -403.6566      -393.6791      -383.9252    
   -374.3899      -365.0685      -355.9564      -347.0489    
   -338.3419      -329.8308      -321.5117      -313.3804    
   -305.4329      -297.6655      -290.0744      -282.6558    
   -275.4063      -268.3223      -261.4004      -254.6374    
   -248.0299      -241.5747      -235.2688      -229.1091    
   -223.0926      -217.2163      -211.4773      -205.8729    
   -200.4001      -195.0563      -189.8387      -184.7447    
   -179.7716      -174.9168      -170.1779      -165.5521    
   -161.0372      -156.6306      -152.3299      -148.1327    
   -144.0367      -140.0396      -136.1392      -132.3332    
   -128.6195      -124.9958      -121.4602      -118.0107    
   -114.6451      -111.3616      -108.1583      -105.0334    
   -101.9851      -99.01159      -96.11132      -93.28264    
   -90.52399      -87.83385      -85.21078      -82.65335    
   -80.16021      -77.73001      -75.36146      -73.05328    
   -70.80423      -68.61308      -66.47861      -64.39960    
   -62.37485      -60.40316      -58.48332      -56.61414    
   -54.79442      -53.02298      -51.29865      -49.62027    
   -47.98671      -46.39685      -44.84964      -43.34403    
   -41.87902      -40.45365      -39.06700      -37.71820    
   -36.40641      -35.13085      -33.89074      -32.68538    
   -31.51406      -30.37614      -29.27098      -28.19796    
   -27.15649      -26.14600      -25.16593      -24.21571    
   -23.29480      -22.40266      -21.53876      -20.70254    
   -19.89349      -19.11104      -18.35467      -17.62383    
   -16.91797      -16.23653      -15.57896      -14.94470    
   -14.33317      -13.74381      -13.17605      -12.62932    
   -12.10304      -11.59664      -11.10954      -10.64117    
   -10.19096      -9.758340      -9.342756      -8.943650    
   -8.560473      -8.192683      -7.839747      -7.501143    
   -7.176358      -6.864888      -6.566245      -6.279948    
   -6.005533      -5.742547      -5.490550      -5.249118    
   -5.017839      -4.796315      -4.584164      -4.381015    
   -4.186515      -4.000322      -3.822110      -3.651563    
   -3.488383      -3.332281      -3.182983      -3.040225    
   -2.903758      -2.773340      -2.648744      -2.529751    
   -2.416152      -2.307749      -2.204350      -2.105775    
   -2.011851      -1.922410      -1.837295      -1.756354    
   -1.679442      -1.606420      -1.537156      -1.471523    
   -1.409400      -1.350670      -1.295224      -1.242957    
   -1.193768      -1.147562      -1.104250      -1.063747    
   -1.025971     -0.9908490     -0.9583090     -0.9282855    
  -0.9007173     -0.8755475     -0.8527238     -0.8321983    
  -0.8139272     -0.7978710     -0.7839939     -0.7722641    
  -0.7626535     -0.7551374     -0.7496946     -0.7463071    
   400                                                      #     Cu     IS=2
    0.000000      -2899782.      -1428823.      -938705.0    
   -693795.2      -546967.0      -449178.2      -379410.6    
   -327155.3      -286574.0      -254163.7      -227695.1    
   -205682.2      -187096.3      -171202.3      -157461.4    
   -145469.5      -134917.4      -125564.8      -117222.0    
   -109737.1      -102987.2      -96871.87      -91307.96    
   -86226.29      -81568.75      -77286.15      -73336.59    
   -69684.18      -66297.95      -63151.11      -60220.28    
   -57485.04      -54927.42      -52531.60      -50283.54    
   -48170.78      -46182.20      -44307.86      -42538.83    
   -40867.08      -39285.38      -37787.17      -36366.51    
   -35018.00      -33736.73      -32518.21      -31358.32    
   -30253.32      -29199.75      -28194.42      -27234.43    
   -26317.06      -25439.83      -24600.43      -23796.71    
   -23026.70      -22288.54      -21580.53      -20901.05    
   -20248.63      -19621.87      -19019.46      -18440.19    
   -17882.91      -17346.56      -16830.13      -16332.67    
   -15853.30      -15391.18      -14945.53      -14515.60    
   -14100.70      -13700.15      -13313.35      -12939.69    
   -12578.61      -12229.59      -11892.13      -11565.75    
   -11249.99      -10944.44      -10648.67      -10362.31    
   -10084.99      -9816.352      -9556.067      -9303.817    
   -9059.297      -8822.220      -8592.310      -8369.303    
   -8152.949      -7943.006      -7739.246      -7541.449    
   -7349.405      -7162.913      -6981.780      -6805.823    
   -6634.864      -6468.734      -6307.270      -6150.318    
   -5997.728      -5849.355      -5705.063      -5564.718    
   -5428.194      -5295.369      -5166.124      -5040.348    
   -4917.930      -4798.766      -4682.756      -4569.802    
   -4459.811      -4352.693      -4248.361      -4146.731    
   -4047.723      -3951.258      -3857.263      -3765.663    
   -3676.390      -3589.376      -3504.555      -3421.866    
   -3341.246      -3262.637      -3185.982      -3111.227    
   -3038.318      -2967.204      -2897.835      -2830.163    
   -2764.141      -2699.726      -2636.872      -2575.538    
   -2515.683      -2457.267      -2400.252      -2344.601    
   -2290.277      -2237.247      -2185.475      -2134.929    
   -2085.577      -2037.388      -1990.333      -1944.382    
   -1899.506      -1855.679      -1812.874      -1771.065    
   -1730.227      -1690.335      -1651.366      -1613.297    
   -1576.105      -1539.768      -1504.266      -1469.578    
   -1435.684      -1402.564      -1370.200      -1338.573    
   -1307.665      -1277.459      -1247.938      -1219.085    
   -1190.885      -1163.322      -1136.380      -1110.045    
   -1084.303      -1059.139      -1034.540      -1010.493    
   -986.9842      -964.0018      -941.5333      -919.5669    
   -898.0909      -877.0941      -856.5654      -836.4942    
   -816.8701      -797.6829      -778.9227      -760.5800    
   -742.6454      -725.1096      -707.9639      -691.1996    
   -674.8081      -658.7813      -643.1111      -627.7896    
   -612.8091      -598.1622      -583.8416      -569.8400    
   -556.1504      -542.7661      -529.6803      -516.8864    
   -504.3780      -492.1488      -480.1927      -468.5036    
   -457.0757      -445.9032      -434.9805      -424.3021    
   -413.8625      -403.6566      -393.6791      -383.9252    
   -374.3899      -365.0685      -355.9564      -347.0489    
   -338.3419      -329.8308      -321.5117      -313.3804    
   -305.4329      -297.6655      -290.0744      -282.6558    
   -275.4063      -268.3223      -261.4004      -254.6374    
   -248.0299      -241.5747      -235.2688      -229.1091    
   -223.0926      -217.2163      -211.4773      -205.8729    
   -200.4001      -195.0563      -189.8387      -184.7447    
   -179.7716      -174.9168      -170.1779      -165.5521    
   -161.0372      -156.6306      -152.3299      -148.1327    
   -144.0367      -140.0396      -136.1392      -132.3332    
   -128.6195      -124.9958      -121.4602      -118.0107    
   -114.6451      -111.3616      -108.1583      -105.0334    
   -101.9851      -99.01159      -96.11132      -93.28264    
   -90.52399      -87.83385      -85.21078      -82.65335    
   -80.16021      -77.73001      -75.36146      -73.05328    
   -70.80423      -68.61308      -66.47861      -64.39960    
   -62.37485      -60.40316      -58.48332      -56.61414    
   -54.79442      -53.02298      -51.29865      -49.62027    
   -47.98671      -46.39685      -44.84964      -43.34403    
   -41.87902      -40.45365      -39.06700      -37.71820    
   -36.40641      -35.13085      -33.89074      -32.68538    
   -31.51406      -30.37614      -29.27098      -28.19796    
   -27.15649      -26.14600      -25.16593      -24.21571    
   -23.29480      -22.40266      -21.53876      -20.70254    
   -19.89349      -19.11104      -18.35467      -17.62383    
   -16.91797      -16.23653      -15.57896      -14.94470    
   -14.33317      -13.74381      -13.17605      -12.62932    
   -12.10304      -11.59664      -11.10954      -10.64117    
   -10.19096      -9.758340      -9.342756      -8.943650    
   -8.560473      -8.192683      -7.839747      -7.501143    
   -7.176358      -6.864888      -6.566245      -6.279948    
   -6.005533      -5.742547      -5.490550      -5.249118    
   -5.017839      -4.796315      -4.584164      -4.381015    
   -4.186515      -4.000322      -3.822110      -3.651563    
   -3.488383      -3.332281      -3.182983      -3.040225    
   -2.903758      -2.773340      -2.648744      -2.529751    
   -2.416152      -2.307749      -2.204350      -2.105775    
   -2.011851      -1.922410      -1.837295      -1.756354    
   -1.679442      -1.606420      -1.537156      -1.471523    
   -1.409400      -1.350670      -1.295224      -1.242957    
   -1.193768      -1.147562      -1.104250      -1.063747    
   -1.025971     -0.9908490     -0.9583090     -0.9282855    
  -0.9007173     -0.8755475     -0.8527238     -0.8321983    
  -0.8139272     -0.7978710     -0.7839939     -0.7722641    
  -0.7626535     -0.7551374     -0.7496946     -0.7463071    
 XXXXXXXXXXXXXXXXXXXXXXXXXXXXXXXXXXXXXXXXXXXX
                                                      Cu           IS=1
  -0.4992557     -0.3438325     -0.2815624    
  -0.3847424      0.6471191     -0.2724884    
   0.1754457      0.1655777      0.9704328E-02
   0.4234266      0.1121545     -0.3334892E-02
   0.5024225E-01  0.2598582E-01   2.341282    
  -0.6891846      0.2563002      -2.573673    
  -0.3841204      0.4713461      0.9435285E-01
   0.1596695     -0.1170058     -0.9161772    
                                                      Cu           IS=2
  -0.4992557     -0.3438325     -0.2815624    
  -0.3847424      0.6471191     -0.2724884    
   0.1754457      0.1655777      0.9704328E-02
   0.4234266      0.1121545     -0.3334892E-02
   0.5024225E-01  0.2598582E-01   2.341282    
  -0.6891846      0.2563002      -2.573673    
  -0.3841204      0.4713461      0.9435285E-01
   0.1596695     -0.1170058     -0.9161772    
     5                                                Cu          
     1    0    0
   -648.9610      -648.9610    
     2    0    0
   -77.83242      -77.83242    
     2    1    0
   -67.24030      -67.24030    
     3    0    0
   -8.285587      -8.285587    
     3    1    0
   -5.185717      -5.185717    
