   2.38822078  -0.20000000
   2.38983751  -0.19959960
   2.39145312  -0.19919920
   2.39306765  -0.19879880
   2.39468110  -0.19839840
   2.39629348  -0.19799800
   2.39790482  -0.19759760
   2.39951512  -0.19719720
   2.40112439  -0.19679680
   2.40273266  -0.19639640
   2.40433993  -0.19599600
   2.40594622  -0.19559560
   2.40755155  -0.19519520
   2.40915592  -0.19479479
   2.41075935  -0.19439439
   2.41236186  -0.19399399
   2.41396345  -0.19359359
   2.41556414  -0.19319319
   2.41716395  -0.19279279
   2.41876288  -0.19239239
   2.42036095  -0.19199199
   2.42195818  -0.19159159
   2.42355458  -0.19119119
   2.42515015  -0.19079079
   2.42674492  -0.19039039
   2.42833890  -0.18998999
   2.42993209  -0.18958959
   2.43152452  -0.18918919
   2.43311620  -0.18878879
   2.43470713  -0.18838839
   2.43629734  -0.18798799
   2.43788683  -0.18758759
   2.43947563  -0.18718719
   2.44106373  -0.18678679
   2.44265116  -0.18638639
   2.44423792  -0.18598599
   2.44582404  -0.18558559
   2.44740952  -0.18518519
   2.44899437  -0.18478478
   2.45057862  -0.18438438
   2.45216227  -0.18398398
   2.45374533  -0.18358358
   2.45532782  -0.18318318
   2.45690975  -0.18278278
   2.45849113  -0.18238238
   2.46007198  -0.18198198
   2.46165231  -0.18158158
   2.46323213  -0.18118118
   2.46481146  -0.18078078
   2.46639030  -0.18038038
   2.46796868  -0.17997998
   2.46954660  -0.17957958
   2.47112407  -0.17917918
   2.47270111  -0.17877878
   2.47427774  -0.17837838
   2.47585396  -0.17797798
   2.47742979  -0.17757758
   2.47900523  -0.17717718
   2.48058032  -0.17677678
   2.48215504  -0.17637638
   2.48372943  -0.17597598
   2.48530349  -0.17557558
   2.48687723  -0.17517518
   2.48845067  -0.17477477
   2.49002382  -0.17437437
   2.49159670  -0.17397397
   2.49316931  -0.17357357
   2.49474167  -0.17317317
   2.49631379  -0.17277277
   2.49788569  -0.17237237
   2.49945737  -0.17197197
   2.50102886  -0.17157157
   2.50260017  -0.17117117
   2.50417130  -0.17077077
   2.50574227  -0.17037037
   2.50731309  -0.16996997
   2.50888379  -0.16956957
   2.51045436  -0.16916917
   2.51202483  -0.16876877
   2.51359520  -0.16836837
   2.51516550  -0.16796797
   2.51673572  -0.16756757
   2.51830590  -0.16716717
   2.51987604  -0.16676677
   2.52144615  -0.16636637
   2.52301624  -0.16596597
   2.52458634  -0.16556557
   2.52615645  -0.16516517
   2.52772660  -0.16476476
   2.52929678  -0.16436436
   2.53086702  -0.16396396
   2.53243733  -0.16356356
   2.53400772  -0.16316316
   2.53557821  -0.16276276
   2.53714881  -0.16236236
   2.53871954  -0.16196196
   2.54029040  -0.16156156
   2.54186142  -0.16116116
   2.54343261  -0.16076076
   2.54500398  -0.16036036
   2.54657554  -0.15995996
   2.54814732  -0.15955956
   2.54971932  -0.15915916
   2.55129156  -0.15875876
   2.55286405  -0.15835836
   2.55443682  -0.15795796
   2.55600986  -0.15755756
   2.55758321  -0.15715716
   2.55915686  -0.15675676
   2.56073085  -0.15635636
   2.56230518  -0.15595596
   2.56387987  -0.15555556
   2.56545493  -0.15515516
   2.56703038  -0.15475475
   2.56860623  -0.15435435
   2.57018251  -0.15395395
   2.57175921  -0.15355355
   2.57333637  -0.15315315
   2.57491400  -0.15275275
   2.57649211  -0.15235235
   2.57807072  -0.15195195
   2.57964984  -0.15155155
   2.58122949  -0.15115115
   2.58280969  -0.15075075
   2.58439046  -0.15035035
   2.58597180  -0.14994995
   2.58755374  -0.14954955
   2.58913629  -0.14914915
   2.59071947  -0.14874875
   2.59230330  -0.14834835
   2.59388780  -0.14794795
   2.59547297  -0.14754755
   2.59705885  -0.14714715
   2.59864544  -0.14674675
   2.60023276  -0.14634635
   2.60182084  -0.14594595
   2.60340968  -0.14554555
   2.60499932  -0.14514515
   2.60658976  -0.14474474
   2.60818102  -0.14434434
   2.60977313  -0.14394394
   1.20815661  -0.14394394
   1.09571725  -0.14394394
   2.61136609  -0.14354354
   1.24859890  -0.14354354
   1.05030004  -0.14354354
   2.61295994  -0.14314314
   1.27574478  -0.14314314
   1.01810535  -0.14314314
   2.61455468  -0.14274274
   1.29751185  -0.14274274
   0.99121300  -0.14274274
   2.61615035  -0.14234234
   1.31615566  -0.14234234
   0.96736467  -0.14234234
   2.61774695  -0.14194194
   1.33269961  -0.14194194
   0.94553409  -0.14194194
   2.61934451  -0.14154154
   1.34771044  -0.14154154
   0.92515146  -0.14154154
   2.62094304  -0.14114114
   1.36154059  -0.14114114
   0.90586107  -0.14114114
   2.62254258  -0.14074074
   1.37442677  -0.14074074
   0.88742280  -0.14074074
   2.62414312  -0.14034034
   1.38653690  -0.14034034
   0.86966506  -0.14034034
   2.62574471  -0.13993994
   1.39799516  -0.13993994
   0.85245977  -0.13993994
   2.62734735  -0.13953954
   1.40889638  -0.13953954
   0.83570797  -0.13953954
   2.62895107  -0.13913914
   1.41931492  -0.13913914
   0.81933087  -0.13913914
   2.63055589  -0.13873874
   1.42931029  -0.13873874
   0.80326424  -0.13873874
   2.63216183  -0.13833834
   1.43893102  -0.13833834
   0.78745448  -0.13833834
   2.63376891  -0.13793794
   1.44821726  -0.13793794
   0.77185602  -0.13793794
   2.63537715  -0.13753754
   1.45720267  -0.13753754
   0.75642933  -0.13753754
   2.63698657  -0.13713714
   1.46591582  -0.13713714
   0.74113959  -0.13713714
   2.63859720  -0.13673674
   1.47438114  -0.13673674
   0.72595555  -0.13673674
   2.64020906  -0.13633634
   1.48261978  -0.13633634
   0.71084874  -0.13633634
   2.64182217  -0.13593594
   1.49065011  -0.13593594
   0.69579277  -0.13593594
   2.64343655  -0.13553554
   1.49848829  -0.13553554
   0.68076285  -0.13553554
   2.64505222  -0.13513514
   1.50614855  -0.13513514
   0.66573527  -0.13513514
   2.64666921  -0.13473473
   1.51364353  -0.13473473
   0.65068704  -0.13473473
   2.64828755  -0.13433433
   1.52098450  -0.13433433
   0.63559552  -0.13433433
   2.64990725  -0.13393393
   1.52818158  -0.13393393
   0.62043808  -0.13393393
   2.65152834  -0.13353353
   1.53524387  -0.13353353
   0.60519175  -0.13353353
   2.65315084  -0.13313313
   1.54217960  -0.13313313
   0.58983294  -0.13313313
   2.65477478  -0.13273273
   1.54899625  -0.13273273
   0.57433702  -0.13273273
   2.65640018  -0.13233233
   1.55570062  -0.13233233
   0.55867795  -0.13233233
   2.65802707  -0.13193193
   1.56229893  -0.13193193
   0.54282786  -0.13193193
   2.65965547  -0.13153153
   1.56879687  -0.13153153
   0.52675648  -0.13153153
   2.66128541  -0.13113113
   1.57519968  -0.13113113
   0.51043055  -0.13113113
   2.66291691  -0.13073073
   1.58151218  -0.13073073
   0.49381305  -0.13073073
   0.90747353  -0.13073073
   0.84760967  -0.13073073
   2.66454999  -0.13033033
   1.58773884  -0.13033033
   0.47686222  -0.13033033
   0.98869077  -0.13033033
   0.75413918  -0.13033033
   2.66618470  -0.12992993
   1.59388377  -0.12992993
   0.45953031  -0.12992993
   1.02943862  -0.12992993
   0.70057653  -0.12992993
   2.66782105  -0.12952953
   1.59995081  -0.12952953
   0.44176200  -0.12952953
   1.06025717  -0.12952953
   0.65631782  -0.12952953
   2.66945906  -0.12912913
   1.60594351  -0.12912913
   0.42349218  -0.12912913
   1.08588347  -0.12912913
   0.61654961  -0.12912913
   2.67109877  -0.12872873
   1.61186519  -0.12872873
   0.40464297  -0.12872873
   1.10819376  -0.12872873
   0.57930298  -0.12872873
   2.67274021  -0.12832833
   1.61771896  -0.12832833
   1.12815766  -0.12832833
   0.38511959  -0.12832833
   0.54349398  -0.12832833
   2.67438340  -0.12792793
   1.62350769  -0.12792793
   1.14635266  -0.12792793
   0.36480414  -0.12792793
   0.50840147  -0.12792793
   2.67602837  -0.12752753
   1.62923412  -0.12752753
   1.16315518  -0.12752753
   0.34354658  -0.12752753
   0.47346450  -0.12752753
   2.67767514  -0.12712713
   1.63490077  -0.12712713
   1.17882640  -0.12712713
   0.32115022  -0.12712713
   0.43817816  -0.12712713
   2.67932376  -0.12672673
   1.64051004  -0.12672673
   1.19355620  -0.12672673
   0.29734807  -0.12672673
   0.40201946  -0.12672673
   2.68097424  -0.12632633
   1.64606418  -0.12632633
   1.20748758  -0.12632633
   0.27176094  -0.12632633
   0.36436948  -0.12632633
   2.68262663  -0.12592593
   1.65156530  -0.12592593
   1.22073141  -0.12592593
   0.24381692  -0.12592593
   0.32439583  -0.12592593
   2.68428094  -0.12552553
   1.65701541  -0.12552553
   1.23337561  -0.12552553
   0.21257714  -0.12552553
   0.28082030  -0.12552553
   2.68593721  -0.12512513
   1.66241640  -0.12512513
   1.24549125  -0.12512513
   0.17628510  -0.12512513
   0.23133461  -0.12512513
   2.68759546  -0.12472472
   1.66777005  -0.12472472
   1.25713678  -0.12472472
   0.13078423  -0.12472472
   0.17056137  -0.12472472
   2.68925574  -0.12432432
   1.67307805  -0.12432432
   1.26836088  -0.12432432
   0.05717632  -0.12432432
   0.07413400  -0.12432432
   2.69091808  -0.12392392
   1.67834200  -0.12392392
   1.27920462  -0.12392392
   2.69258250  -0.12352352
   1.68356344  -0.12352352
   1.28970301  -0.12352352
   2.69424903  -0.12312312
   1.68874379  -0.12312312
   1.29988615  -0.12312312
   2.69591772  -0.12272272
   1.69388445  -0.12272272
   1.30978019  -0.12272272
   2.69758860  -0.12232232
   1.69898672  -0.12232232
   1.31940794  -0.12232232
   2.69926169  -0.12192192
   1.70405184  -0.12192192
   1.32878950  -0.12192192
   2.70093704  -0.12152152
   1.70908101  -0.12152152
   1.33794264  -0.12152152
   2.70261468  -0.12112112
   1.71407535  -0.12112112
   1.34688318  -0.12112112
   2.70429464  -0.12072072
   1.71903597  -0.12072072
   1.35562527  -0.12072072
   2.70597697  -0.12032032
   1.72396388  -0.12032032
   1.36418162  -0.12032032
   2.70766169  -0.11991992
   1.72886008  -0.11991992
   1.37256371  -0.11991992
   2.70934885  -0.11951952
   1.73372553  -0.11951952
   1.38078192  -0.11951952
   2.71103849  -0.11911912
   1.73856114  -0.11911912
   1.38884569  -0.11911912
   2.71273063  -0.11871872
   1.74336777  -0.11871872
   1.39676365  -0.11871872
   2.71442533  -0.11831832
   1.74814626  -0.11831832
   1.40454367  -0.11831832
   2.71612262  -0.11791792
   1.75289743  -0.11791792
   1.41219299  -0.11791792
   2.71782254  -0.11751752
   1.75762203  -0.11751752
   1.41971827  -0.11751752
   2.71952514  -0.11711712
   1.76232082  -0.11711712
   1.42712564  -0.11711712
   2.72123045  -0.11671672
   1.76699452  -0.11671672
   1.43442077  -0.11671672
   2.72293851  -0.11631632
   1.77164380  -0.11631632
   1.44160895  -0.11631632
   2.72464938  -0.11591592
   1.77626934  -0.11591592
   1.44869504  -0.11591592
   2.72636309  -0.11551552
   1.78087177  -0.11551552
   1.45568361  -0.11551552
   2.72807969  -0.11511512
   1.78545170  -0.11511512
   1.46257889  -0.11511512
   2.72979922  -0.11471471
   1.79000975  -0.11471471
   1.46938484  -0.11471471
   2.73152173  -0.11431431
   1.79454647  -0.11431431
   1.47610518  -0.11431431
   2.73324726  -0.11391391
   1.79906242  -0.11391391
   1.48274338  -0.11391391
   2.73497587  -0.11351351
   1.80355815  -0.11351351
   1.48930271  -0.11351351
   2.73670760  -0.11311311
   1.80803417  -0.11311311
   1.49578623  -0.11311311
   2.73844251  -0.11271271
   1.81249098  -0.11271271
   1.50219682  -0.11271271
   2.74018063  -0.11231231
   1.81692906  -0.11231231
   1.50853723  -0.11231231
   2.74192203  -0.11191191
   1.82134890  -0.11191191
   1.51481000  -0.11191191
   2.74366675  -0.11151151
   1.82575094  -0.11151151
   1.52101759  -0.11151151
   2.74541484  -0.11111111
   1.83013563  -0.11111111
   1.52716228  -0.11111111
   2.74716637  -0.11071071
   1.83450339  -0.11071071
   1.53324625  -0.11071071
   2.74892138  -0.11031031
   1.83885465  -0.11031031
   1.53927157  -0.11031031
   2.75067994  -0.10990991
   1.84318980  -0.10990991
   1.54524021  -0.10990991
   2.75244209  -0.10950951
   1.84750924  -0.10950951
   1.55115403  -0.10950951
   2.75420790  -0.10910911
   1.85181335  -0.10910911
   1.55701479  -0.10910911
   2.75597742  -0.10870871
   1.85610250  -0.10870871
   1.56282420  -0.10870871
   2.75775072  -0.10830831
   1.86037705  -0.10830831
   1.56858386  -0.10830831
   2.75952786  -0.10790791
   1.86463735  -0.10790791
   1.57429530  -0.10790791
   2.76130889  -0.10750751
   1.86888375  -0.10750751
   1.57996000  -0.10750751
   2.76309389  -0.10710711
   1.87311657  -0.10710711
   1.58557936  -0.10710711
   2.76488291  -0.10670671
   1.87733613  -0.10670671
   1.59115471  -0.10670671
   2.76667603  -0.10630631
   1.88154276  -0.10630631
   1.59668734  -0.10630631
   2.76847331  -0.10590591
   1.88573675  -0.10590591
   1.60217847  -0.10590591
   2.77027482  -0.10550551
   1.88991842  -0.10550551
   1.60762929  -0.10550551
   2.77208063  -0.10510511
   1.89408805  -0.10510511
   1.61304092  -0.10510511
   2.77389082  -0.10470470
   1.89824592  -0.10470470
   1.61841445  -0.10470470
   2.77570545  -0.10430430
   1.90239232  -0.10430430
   1.62375092  -0.10430430
   2.77752461  -0.10390390
   1.90652752  -0.10390390
   1.62905132  -0.10390390
   2.77934836  -0.10350350
   1.91065178  -0.10350350
   1.63431662  -0.10350350
   2.78117679  -0.10310310
   1.91476536  -0.10310310
   1.63954775  -0.10310310
   2.78300998  -0.10270270
   1.91886852  -0.10270270
   1.64474560  -0.10270270
   2.78484800  -0.10230230
   1.92296150  -0.10230230
   1.64991102  -0.10230230
   2.78669095  -0.10190190
   1.92704455  -0.10190190
   1.65504484  -0.10190190
   2.78853891  -0.10150150
   1.93111791  -0.10150150
   1.66014787  -0.10150150
   2.79039196  -0.10110110
   1.93518180  -0.10110110
   1.66522086  -0.10110110
   2.79225019  -0.10070070
   1.93923646  -0.10070070
   1.67026457  -0.10070070
   2.79411371  -0.10030030
   1.94328211  -0.10030030
   1.67527971  -0.10030030
   2.79598259  -0.09989990
   1.94731897  -0.09989990
   1.68026698  -0.09989990
   2.79785694  -0.09949950
   1.95134725  -0.09949950
   1.68522704  -0.09949950
   2.79973685  -0.09909910
   1.95536716  -0.09909910
   1.69016055  -0.09909910
   2.80162243  -0.09869870
   1.95937892  -0.09869870
   1.69506813  -0.09869870
   2.80351378  -0.09829830
   1.96338272  -0.09829830
   1.69995039  -0.09829830
   2.80541100  -0.09789790
   1.96737876  -0.09789790
   1.70480793  -0.09789790
   2.80731421  -0.09749750
   1.97136724  -0.09749750
   1.70964131  -0.09749750
   2.80922350  -0.09709710
   1.97534835  -0.09709710
   1.71445108  -0.09709710
   2.81113900  -0.09669670
   1.97932228  -0.09669670
   1.71923778  -0.09669670
   2.81306083  -0.09629630
   1.98328922  -0.09629630
   1.72400194  -0.09629630
   2.81498910  -0.09589590
   1.98724934  -0.09589590
   1.72874406  -0.09589590
   2.81692394  -0.09549550
   1.99120283  -0.09549550
   1.73346462  -0.09549550
   2.81886547  -0.09509510
   1.99514986  -0.09509510
   1.73816411  -0.09509510
   2.82081382  -0.09469469
   1.99909062  -0.09469469
   1.74284299  -0.09469469
   2.82276913  -0.09429429
   2.00302526  -0.09429429
   1.74750171  -0.09429429
   2.82473153  -0.09389389
   2.00695396  -0.09389389
   1.75214071  -0.09389389
   2.82670116  -0.09349349
   2.01087688  -0.09349349
   1.75676041  -0.09349349
   2.82867817  -0.09309309
   2.01479420  -0.09309309
   1.76136124  -0.09309309
   2.83066271  -0.09269269
   2.01870607  -0.09269269
   1.76594359  -0.09269269
   2.83265493  -0.09229229
   2.02261265  -0.09229229
   1.77050785  -0.09229229
   2.83465498  -0.09189189
   2.02651409  -0.09189189
   1.77505442  -0.09189189
   2.83666303  -0.09149149
   2.03041056  -0.09149149
   1.77958366  -0.09149149
   2.83867925  -0.09109109
   2.03430221  -0.09109109
   1.78409594  -0.09109109
   2.84070381  -0.09069069
   2.03818919  -0.09069069
   1.78859162  -0.09069069
   2.84273689  -0.09029029
   2.04207165  -0.09029029
   1.79307103  -0.09029029
   2.84477866  -0.08988989
   2.04594974  -0.08988989
   1.79753453  -0.08988989
   2.84682932  -0.08948949
   2.04982360  -0.08948949
   1.80198244  -0.08948949
   2.84888906  -0.08908909
   2.05369339  -0.08908909
   1.80641507  -0.08908909
   2.85095808  -0.08868869
   2.05755923  -0.08868869
   1.81083276  -0.08868869
   2.85303659  -0.08828829
   2.06142129  -0.08828829
   1.81523580  -0.08828829
   2.85512481  -0.08788789
   2.06527968  -0.08788789
   1.81962450  -0.08788789
   2.85722295  -0.08748749
   2.06913457  -0.08748749
   1.82399915  -0.08748749
   2.85933125  -0.08708709
   2.07298608  -0.08708709
   1.82836004  -0.08708709
   2.86144994  -0.08668669
   2.07683435  -0.08668669
   1.83270745  -0.08668669
   2.86357927  -0.08628629
   2.08067952  -0.08628629
   1.83704166  -0.08628629
   2.86571949  -0.08588589
   2.08452172  -0.08588589
   1.84136293  -0.08588589
   2.86787086  -0.08548549
   2.08836108  -0.08548549
   1.84567154  -0.08548549
   2.87003366  -0.08508509
   2.09219774  -0.08508509
   1.84996773  -0.08508509
   2.87220817  -0.08468468
   2.09603183  -0.08468468
   1.85425177  -0.08468468
   2.87439468  -0.08428428
   2.09986349  -0.08428428
   1.85852390  -0.08428428
   2.87659350  -0.08388388
   2.10369283  -0.08388388
   1.86278436  -0.08388388
   2.87880494  -0.08348348
   2.10751999  -0.08348348
   1.86703340  -0.08348348
   2.88102933  -0.08308308
   2.11134511  -0.08308308
   1.87127125  -0.08308308
   2.88326702  -0.08268268
   2.11516829  -0.08268268
   1.87549814  -0.08268268
   2.88551836  -0.08228228
   2.11898969  -0.08228228
   1.87971429  -0.08228228
   2.88778372  -0.08188188
   2.12280941  -0.08188188
   1.88391994  -0.08188188
   2.89006349  -0.08148148
   2.12662758  -0.08148148
   1.88811528  -0.08148148
   2.89235806  -0.08108108
   2.13044434  -0.08108108
   1.89230055  -0.08108108
   2.89466787  -0.08068068
   2.13425981  -0.08068068
   1.89647595  -0.08068068
   2.89699335  -0.08028028
   2.13807411  -0.08028028
   1.90064168  -0.08028028
   2.89933495  -0.07987988
   2.14188736  -0.07987988
   1.90479795  -0.07987988
   2.90169315  -0.07947948
   2.14569970  -0.07947948
   1.90894497  -0.07947948
   2.90406847  -0.07907908
   2.14951123  -0.07907908
   1.91308291  -0.07907908
   2.90646142  -0.07867868
   2.15332210  -0.07867868
   1.91721199  -0.07867868
   2.90887255  -0.07827828
   2.15713241  -0.07827828
   1.92133239  -0.07827828
   2.91130244  -0.07787788
   2.16094230  -0.07787788
   1.92544430  -0.07787788
   2.91375170  -0.07747748
   2.16475189  -0.07747748
   1.92954789  -0.07747748
   2.91622097  -0.07707708
   2.16856130  -0.07707708
   1.93364337  -0.07707708
   2.91871092  -0.07667668
   2.17237064  -0.07667668
   1.93773089  -0.07667668
   2.92122226  -0.07627628
   2.17618006  -0.07627628
   1.94181065  -0.07627628
   2.92375573  -0.07587588
   2.17998966  -0.07587588
   1.94588281  -0.07587588
   2.92631211  -0.07547548
   2.18379958  -0.07547548
   1.94994755  -0.07547548
   2.92889226  -0.07507508
   2.18760993  -0.07507508
   1.95400503  -0.07507508
   2.93149704  -0.07467467
   2.19142084  -0.07467467
   1.95805543  -0.07467467
   2.93412738  -0.07427427
   2.19523243  -0.07427427
   1.96209891  -0.07427427
   2.93678429  -0.07387387
   2.19904483  -0.07387387
   1.96613563  -0.07387387
   2.93946882  -0.07347347
   2.20285816  -0.07347347
   1.97016575  -0.07347347
   2.94218208  -0.07307307
   2.20667255  -0.07307307
   1.97418943  -0.07307307
   2.94492527  -0.07267267
   2.21048812  -0.07267267
   1.97820683  -0.07267267
   2.94769968  -0.07227227
   2.21430499  -0.07227227
   1.98221811  -0.07227227
   2.95050665  -0.07187187
   2.21812330  -0.07187187
   1.98622342  -0.07187187
   2.95334766  -0.07147147
   2.22194316  -0.07147147
   1.99022290  -0.07147147
   2.95622429  -0.07107107
   2.22576471  -0.07107107
   1.99421672  -0.07107107
   2.95913820  -0.07067067
   2.22958808  -0.07067067
   1.99820502  -0.07067067
   2.96209124  -0.07027027
   2.23341339  -0.07027027
   2.00218794  -0.07027027
   2.96508537  -0.06986987
   2.23724077  -0.06986987
   2.00616563  -0.06986987
   2.96812272  -0.06946947
   2.24107035  -0.06946947
   2.01013825  -0.06946947
   2.97120560  -0.06906907
   2.24490227  -0.06906907
   2.01410592  -0.06906907
   2.97433655  -0.06866867
   2.24873665  -0.06866867
   2.01806879  -0.06866867
   2.97751832  -0.06826827
   2.25257362  -0.06826827
   2.02202701  -0.06826827
   2.98075393  -0.06786787
   2.25641333  -0.06786787
   2.02598071  -0.06786787
   2.98404669  -0.06746747
   2.26025590  -0.06746747
   2.02993003  -0.06746747
   2.98740029  -0.06706707
   2.26410147  -0.06706707
   2.03387511  -0.06706707
   2.99081877  -0.06666667
   2.26795018  -0.06666667
   2.03781608  -0.06666667
   2.99430667  -0.06626627
   2.27180216  -0.06626627
   2.04175308  -0.06626627
   2.99786904  -0.06586587
   2.27565756  -0.06586587
   2.04568625  -0.06586587
   3.00151157  -0.06546547
   2.27951652  -0.06546547
   2.04961571  -0.06546547
   3.00524068  -0.06506507
   2.28337917  -0.06506507
   2.05354160  -0.06506507
   2.28724565  -0.06466466
   3.00906369  -0.06466466
   2.05746405  -0.06466466
   2.29111613  -0.06426426
   3.01298898  -0.06426426
   2.06138319  -0.06426426
   2.29499073  -0.06386386
   3.01702621  -0.06386386
   2.06529916  -0.06386386
   2.29886961  -0.06346346
   3.02118665  -0.06346346
   2.06921208  -0.06346346
   2.30275292  -0.06306306
   2.07312208  -0.06306306
   3.02548354  -0.06306306
   2.30664081  -0.06266266
   2.07702929  -0.06266266
   3.02993265  -0.06266266
   2.31053343  -0.06226226
   2.08093383  -0.06226226
   3.03455294  -0.06226226
   2.31443094  -0.06186186
   2.08483584  -0.06186186
   3.03936764  -0.06186186
   2.31833349  -0.06146146
   2.08873545  -0.06146146
   3.04440562  -0.06146146
   2.32224124  -0.06106106
   2.09263277  -0.06106106
   3.04970362  -0.06106106
   2.32615435  -0.06066066
   2.09652793  -0.06066066
   3.05530951  -0.06066066
   2.33007299  -0.06026026
   2.10042107  -0.06026026
   3.06128775  -0.06026026
   2.33399732  -0.05985986
   2.10431230  -0.05985986
   3.06772869  -0.05985986
   2.33792751  -0.05945946
   2.10820175  -0.05945946
   3.07476599  -0.05945946
   2.34186373  -0.05905906
   2.11208955  -0.05905906
   3.08261271  -0.05905906
   2.34580615  -0.05865866
   2.11597582  -0.05865866
   3.09164894  -0.05865866
   2.34975494  -0.05825826
   2.11986068  -0.05825826
   3.10269498  -0.05825826
   2.35371029  -0.05785786
   2.12374426  -0.05785786
   3.11847133  -0.05785786
   2.35767237  -0.05745746
   2.12762669  -0.05745746
   2.36164137  -0.05705706
   2.13150809  -0.05705706
   2.36561748  -0.05665666
   2.13538858  -0.05665666
   2.36960088  -0.05625626
   2.13926829  -0.05625626
   2.37359176  -0.05585586
   2.14314734  -0.05585586
   2.37759033  -0.05545546
   2.14702587  -0.05545546
   2.38159678  -0.05505506
   2.15090398  -0.05505506
   2.38561131  -0.05465465
   2.15478181  -0.05465465
   2.38963414  -0.05425425
   2.15865949  -0.05425425
   2.39366547  -0.05385385
   2.16253713  -0.05385385
   2.39770552  -0.05345345
   2.16641487  -0.05345345
   2.40175451  -0.05305305
   2.17029283  -0.05305305
   2.40581266  -0.05265265
   2.17417114  -0.05265265
   2.40988019  -0.05225225
   2.17804993  -0.05225225
   2.41395735  -0.05185185
   2.18192932  -0.05185185
   2.41804436  -0.05145145
   2.18580945  -0.05145145
   2.42214148  -0.05105105
   2.18969043  -0.05105105
   2.42624894  -0.05065065
   2.19357241  -0.05065065
   2.43036700  -0.05025025
   2.19745551  -0.05025025
   2.43449592  -0.04984985
   2.20133987  -0.04984985
   2.43863596  -0.04944945
   2.20522561  -0.04944945
   2.44278739  -0.04904905
   2.20911286  -0.04904905
   2.44695049  -0.04864865
   2.21300177  -0.04864865
   2.45112555  -0.04824825
   2.21689246  -0.04824825
   2.45531284  -0.04784785
   2.22078508  -0.04784785
   2.45951267  -0.04744745
   2.22467975  -0.04744745
   2.46372535  -0.04704705
   2.22857662  -0.04704705
   2.46795117  -0.04664665
   2.23247583  -0.04664665
   2.47219047  -0.04624625
   2.23637751  -0.04624625
   2.47644357  -0.04584585
   2.24028180  -0.04584585
   2.48071081  -0.04544545
   2.24418885  -0.04544545
   2.48499253  -0.04504505
   2.24809881  -0.04504505
   2.48928908  -0.04464464
   2.25201181  -0.04464464
   2.49360084  -0.04424424
   2.25592800  -0.04424424
   2.25984754  -0.04384384
   2.49792817  -0.04384384
   2.26377057  -0.04344344
   2.50227146  -0.04344344
   2.26769725  -0.04304304
   2.50663110  -0.04304304
   2.27162772  -0.04264264
   2.51100751  -0.04264264
   2.27556214  -0.04224224
   2.51540110  -0.04224224
   2.27950067  -0.04184184
   2.51981231  -0.04184184
   2.28344347  -0.04144144
   2.52424158  -0.04144144
   2.28739070  -0.04104104
   2.52868937  -0.04104104
   2.29134253  -0.04064064
   2.53315615  -0.04064064
   2.29529911  -0.04024024
   2.53764241  -0.04024024
   2.29926061  -0.03983984
   2.54214866  -0.03983984
   2.30322721  -0.03943944
   2.54667542  -0.03943944
   2.30719908  -0.03903904
   2.55122323  -0.03903904
   2.31117639  -0.03863864
   2.55579264  -0.03863864
   2.31515932  -0.03823824
   2.56038423  -0.03823824
   2.31914806  -0.03783784
   2.56499859  -0.03783784
   2.32314277  -0.03743744
   2.56963636  -0.03743744
   2.32714366  -0.03703704
   2.57429815  -0.03703704
   2.33115091  -0.03663664
   2.57898465  -0.03663664
   2.33516470  -0.03623624
   2.58369654  -0.03623624
   2.33918525  -0.03583584
   2.58843452  -0.03583584
   2.34321274  -0.03543544
   2.59319936  -0.03543544
   2.34724739  -0.03503504
   2.59799181  -0.03503504
   2.35128939  -0.03463463
   2.60281269  -0.03463463
   2.35533895  -0.03423423
   2.60766282  -0.03423423
   2.35939630  -0.03383383
   2.61254308  -0.03383383
   2.36346165  -0.03343343
   2.61745438  -0.03343343
   2.36753521  -0.03303303
   2.62239767  -0.03303303
   2.37161723  -0.03263263
   2.62737393  -0.03263263
   2.37570793  -0.03223223
   2.63238420  -0.03223223
   2.37980755  -0.03183183
   2.63742955  -0.03183183
   2.38391632  -0.03143143
   2.64251113  -0.03143143
   2.38803450  -0.03103103
   2.64763011  -0.03103103
   2.39216234  -0.03063063
   2.65278773  -0.03063063
   2.39630009  -0.03023023
   2.65798531  -0.03023023
   2.40044802  -0.02982983
   2.66322420  -0.02982983
   2.40460640  -0.02942943
   2.66850586  -0.02942943
   2.40877550  -0.02902903
   2.67383179  -0.02902903
   2.41295561  -0.02862863
   2.67920359  -0.02862863
   2.41714701  -0.02822823
   2.68462296  -0.02822823
   2.42135001  -0.02782783
   2.69009166  -0.02782783
   2.42556490  -0.02742743
   2.69561159  -0.02742743
   2.42979199  -0.02702703
   2.70118474  -0.02702703
   2.43403161  -0.02662663
   2.70681323  -0.02662663
   2.43828408  -0.02622623
   2.71249930  -0.02622623
   2.44254974  -0.02582583
   2.71824535  -0.02582583
   2.44682894  -0.02542543
   2.72405391  -0.02542543
   2.45112202  -0.02502503
   2.72992772  -0.02502503
   2.45542935  -0.02462462
   2.73586966  -0.02462462
   2.45975131  -0.02422422
   2.74188286  -0.02422422
   2.46408829  -0.02382382
   2.74797065  -0.02382382
   2.46844067  -0.02342342
   2.75413662  -0.02342342
   2.47280887  -0.02302302
   2.76038464  -0.02302302
   2.47719331  -0.02262262
   2.76671889  -0.02262262
   2.48159442  -0.02222222
   2.77314388  -0.02222222
   2.48601264  -0.02182182
   2.77966453  -0.02182182
   2.49044845  -0.02142142
   2.78628617  -0.02142142
   2.49490231  -0.02102102
   2.79301465  -0.02102102
   2.49937472  -0.02062062
   2.79985634  -0.02062062
   2.50386618  -0.02022022
   2.80681828  -0.02022022
   2.50837722  -0.01981982
   2.81390820  -0.01981982
   2.51290838  -0.01941942
   2.82113468  -0.01941942
   2.51746023  -0.01901902
   2.82850727  -0.01901902
   2.52203333  -0.01861862
   2.83603661  -0.01861862
   2.52662830  -0.01821822
   2.84373468  -0.01821822
   2.53124576  -0.01781782
   2.85161502  -0.01781782
   2.53588635  -0.01741742
   2.85969299  -0.01741742
   2.54055075  -0.01701702
   2.86798618  -0.01701702
   2.54523966  -0.01661662
   2.87651490  -0.01661662
   2.54995379  -0.01621622
   2.88530275  -0.01621622
   2.55469390  -0.01581582
   2.89437745  -0.01581582
   2.55946077  -0.01541542
   2.90377196  -0.01541542
   2.56425523  -0.01501502
   2.91352589  -0.01501502
   2.56907811  -0.01461461
   2.92368761  -0.01461461
   2.57393031  -0.01421421
   2.93431720  -0.01421421
   2.57881274  -0.01381381
   2.94549084  -0.01381381
   2.58372638  -0.01341341
   2.95730762  -0.01341341
   2.58867223  -0.01301301
   2.96990039  -0.01301301
   2.59365135  -0.01261261
   2.98345457  -0.01261261
   2.59866484  -0.01221221
   2.99824279  -0.01221221
   2.60371386  -0.01181181
   3.01469591  -0.01181181
   2.60879961  -0.01141141
   3.03357226  -0.01141141
   2.61392338  -0.01101101
   3.05646919  -0.01101101
   2.61908650  -0.01061061
   3.08834291  -0.01061061
   2.62429037  -0.01021021
   2.62953648  -0.00980981
   2.63482639  -0.00940941
   2.64016174  -0.00900901
   2.64554428  -0.00860861
   2.65097583  -0.00820821
   2.65645835  -0.00780781
   2.66199390  -0.00740741
   2.66758467  -0.00700701
   2.67323300  -0.00660661
   2.67894135  -0.00620621
   2.68471239  -0.00580581
   2.69054894  -0.00540541
   2.69645401  -0.00500501
   2.70243085  -0.00460460
   2.70848295  -0.00420420
   2.71461405  -0.00380380
   2.72082819  -0.00340340
   2.72712974  -0.00300300
   2.73352342  -0.00260260
   2.74001439  -0.00220220
   2.74660823  -0.00180180
   2.75331106  -0.00140140
   2.76012957  -0.00100100
   2.76707112  -0.00060060
   2.77414382  -0.00020020
   2.78135666   0.00020020
   2.78871961   0.00060060
   2.79624381   0.00100100
   2.80394178   0.00140140
   2.81182758   0.00180180
   2.81991720   0.00220220
   2.82822885   0.00260260
   2.83678346   0.00300300
   2.84560527   0.00340340
   2.85472255   0.00380380
   2.86416864   0.00420420
   2.87398327   0.00460460
   2.88421436   0.00500501
   2.89492064   0.00540541
   2.90617562   0.00580581
   2.91806845   0.00620621
   2.93072620   0.00660661
   2.94430700   0.00700701
   2.95903736   0.00740741
   2.97524870   0.00780781
   2.99346231   0.00820821
   3.01458825   0.00860861
   3.04051730   0.00900901
   3.07694414   0.00940941
