POT:
  305    2    0.030000    2.906164
 0.000000000D+00 0.850498693D+00 0.850498693D+00 0.850498693D+00 0.850498693D+00
 0.850498693D+00 0.850498693D+00 0.850498693D+00 0.850498693D+00 0.850498693D+00
 0.850498693D+00 0.850498693D+00 0.850498693D+00 0.850498693D+00 0.850498693D+00
 0.850498693D+00 0.850498693D+00 0.850498693D+00 0.850498693D+00 0.850498693D+00
 0.850498693D+00 0.850498693D+00 0.850498693D+00 0.850498693D+00 0.850498693D+00
 0.850498693D+00 0.850498693D+00 0.850498693D+00 0.850498693D+00 0.850498693D+00
 0.850498693D+00 0.850498693D+00 0.850498693D+00 0.850498693D+00 0.850498693D+00
 0.850498693D+00 0.850498693D+00 0.850498693D+00 0.850498693D+00 0.850498693D+00
 0.850498693D+00 0.850498693D+00 0.850498693D+00 0.850498693D+00 0.850498693D+00
 0.850498693D+00 0.850498693D+00 0.850498693D+00 0.850498693D+00 0.850498693D+00
 0.850498693D+00 0.850498693D+00 0.850498693D+00 0.850498693D+00 0.850498693D+00
 0.850498693D+00 0.850498693D+00 0.850498693D+00 0.850498693D+00 0.850498693D+00
 0.850498693D+00 0.850498693D+00 0.850498693D+00 0.850498693D+00 0.850498693D+00
 0.850498693D+00 0.850498693D+00 0.850498693D+00 0.850498693D+00 0.850498693D+00
 0.850498693D+00 0.850498693D+00 0.850498693D+00 0.850498693D+00 0.850498693D+00
 0.850498693D+00 0.850498693D+00 0.850498693D+00 0.850498693D+00 0.850498693D+00
 0.850498693D+00 0.850498693D+00 0.850498693D+00 0.850498693D+00 0.850498693D+00
 0.850498693D+00 0.850498693D+00 0.850498693D+00 0.850498693D+00 0.850498693D+00
 0.850498693D+00 0.850498693D+00 0.850498693D+00 0.850498693D+00 0.850498693D+00
 0.850498693D+00 0.850498693D+00 0.850498693D+00 0.850498693D+00 0.850498693D+00
 0.850498693D+00 0.850498693D+00 0.850498693D+00 0.850498693D+00 0.850498693D+00
 0.850498693D+00 0.850498693D+00 0.850498693D+00 0.850498693D+00 0.850498693D+00
 0.850498693D+00 0.850498693D+00 0.850498693D+00 0.850498693D+00 0.850498693D+00
 0.850498693D+00 0.850498693D+00 0.850498693D+00 0.850498693D+00 0.850498693D+00
 0.850498693D+00 0.850498693D+00 0.850498693D+00 0.850498693D+00 0.850498693D+00
 0.850498693D+00 0.850498693D+00 0.850498693D+00 0.850498693D+00 0.850498693D+00
 0.850498693D+00 0.850498693D+00 0.850498693D+00 0.850498693D+00 0.850498693D+00
 0.850498693D+00 0.850498693D+00 0.850498693D+00 0.850498693D+00 0.850498693D+00
 0.850498693D+00 0.850498693D+00 0.850498693D+00 0.850498693D+00 0.850498693D+00
 0.850498693D+00 0.850498693D+00 0.850498693D+00 0.850498693D+00 0.850498693D+00
 0.850498693D+00 0.850498693D+00 0.850498693D+00 0.850498693D+00 0.850498693D+00
 0.850498693D+00 0.850498693D+00 0.850498693D+00 0.850498693D+00 0.850498693D+00
 0.850498693D+00 0.850498693D+00 0.850498693D+00 0.850498693D+00 0.850498693D+00
 0.850498693D+00 0.850498693D+00 0.850498693D+00 0.850498693D+00 0.850498693D+00
 0.850498693D+00 0.850498693D+00 0.850498693D+00 0.850498693D+00 0.850498693D+00
 0.850498693D+00 0.850498693D+00 0.850498693D+00 0.850498693D+00 0.850498693D+00
 0.850498693D+00 0.850498693D+00 0.850498693D+00 0.850498693D+00 0.850498693D+00
 0.850498693D+00 0.850498693D+00 0.850498693D+00 0.850498693D+00 0.850498693D+00
 0.850498693D+00 0.850498693D+00 0.850498693D+00 0.850498693D+00 0.850498693D+00
 0.850498693D+00 0.850498693D+00 0.850498693D+00 0.850498693D+00 0.850498693D+00
 0.850498693D+00 0.850498693D+00 0.850498693D+00 0.850498693D+00 0.850498693D+00
 0.850498693D+00 0.850498693D+00 0.850498693D+00 0.850498693D+00 0.850498693D+00
 0.850498693D+00 0.850498693D+00 0.850498693D+00 0.850498693D+00 0.850498693D+00
 0.850498693D+00 0.850498693D+00 0.850498693D+00 0.850498693D+00 0.850498693D+00
 0.850498693D+00 0.850498693D+00 0.850498693D+00 0.850498693D+00 0.850498693D+00
 0.850498693D+00 0.850498693D+00 0.850498693D+00 0.850498693D+00 0.850498693D+00
 0.850498693D+00 0.850498693D+00 0.850498693D+00 0.850498693D+00 0.850498693D+00
 0.850498693D+00 0.850498693D+00 0.850498693D+00 0.850498693D+00 0.850498693D+00
 0.850498693D+00 0.850498693D+00 0.850498693D+00 0.850498693D+00 0.850498693D+00
 0.850498693D+00 0.850498693D+00 0.850498693D+00 0.850498693D+00 0.850498693D+00
 0.850498693D+00 0.850498693D+00 0.850498693D+00 0.850498693D+00 0.850498693D+00
 0.850498693D+00 0.850498693D+00 0.850498693D+00 0.850498693D+00 0.850498693D+00
 0.850498693D+00 0.850498693D+00 0.850498693D+00 0.850498693D+00 0.850498693D+00
 0.850498693D+00 0.850498693D+00 0.850498693D+00 0.850498693D+00 0.850498693D+00
 0.850498693D+00 0.850498693D+00 0.850498693D+00 0.850498693D+00 0.850498693D+00
 0.850498693D+00 0.850498693D+00 0.850498693D+00 0.850498693D+00 0.850498693D+00
 0.850498693D+00 0.850498693D+00 0.850498693D+00 0.850498693D+00 0.850498693D+00
 0.850498693D+00 0.850498693D+00 0.850498693D+00 0.850498693D+00 0.850498693D+00
 0.850498693D+00 0.850498693D+00 0.850498693D+00 0.850498693D+00 0.850498693D+00
 0.850498693D+00 0.850498693D+00 0.850498693D+00 0.850498693D+00 0.850498693D+00
 0.850498693D+00 0.850498693D+00 0.850498693D+00 0.850498693D+00 0.850498693D+00
 0.850498693D+00 0.850498693D+00 0.850498693D+00 0.850498693D+00 0.850498693D+00
 0.850498693D+00 0.850498693D+00 0.850498693D+00 0.850498693D+00 0.850498693D+00
 0.850498693D+00 0.850498693D+00 0.850498693D+00 0.850498693D+00 0.850498693D+00
 0.850498693D+00 0.850498693D+00 0.850498693D+00 0.850498693D+00 0.850498693D+00
 0.850498693D+00 0.850498693D+00 0.850498693D+00 0.850498693D+00 0.850498693D+00
 0.850498693D+00 0.850498693D+00 0.850498693D+00 0.850498693D+00 0.850498693D+00
 0.850498693D+00 0.850498693D+00 0.850498693D+00 0.850498693D+00 0.850498693D+00
 0.850498693D+00 0.850498693D+00 0.850498693D+00 0.850498693D+00 0.850498693D+00
 0.850498693D+00 0.850498693D+00 0.850498693D+00 0.850498693D+00 0.850498693D+00
 0.850498693D+00 0.850498693D+00 0.850498693D+00 0.850498693D+00 0.850498693D+00
 0.850498693D+00 0.850498693D+00 0.850498693D+00 0.850498693D+00 0.850498693D+00
 0.850498693D+00 0.850498693D+00 0.850498693D+00 0.850498693D+00 0.850498693D+00
 0.850498693D+00 0.850498693D+00 0.850498693D+00 0.850498693D+00 0.850498693D+00
 0.850498693D+00 0.850498693D+00 0.850498693D+00 0.850498693D+00 0.850498693D+00
 0.850498693D+00 0.850498693D+00 0.850498693D+00 0.850498693D+00 0.850498693D+00
 0.850498693D+00 0.850498693D+00 0.850498693D+00 0.850498693D+00 0.850498693D+00
 0.850498693D+00 0.850498693D+00 0.850498693D+00 0.850498693D+00 0.850498693D+00
 0.850498693D+00 0.850498693D+00 0.850498693D+00 0.850498693D+00 0.850498693D+00
 0.850498693D+00 0.850498693D+00 0.850498693D+00 0.850498693D+00 0.850498693D+00
 0.850498693D+00 0.850498693D+00 0.850498693D+00 0.850498693D+00 0.850498693D+00
 0.850498693D+00 0.850498693D+00 0.850498693D+00 0.850498693D+00 0.850498693D+00
 0.850498693D+00 0.850498693D+00 0.850498693D+00 0.850498693D+00 0.850498693D+00
 0.850498693D+00 0.850498693D+00 0.850498693D+00 0.850498693D+00 0.850498693D+00
 0.850498693D+00 0.850498693D+00 0.850498693D+00 0.850498693D+00 0.850498693D+00
 0.850498693D+00 0.850498693D+00 0.850498693D+00 0.850498693D+00 0.850498693D+00
 0.850498693D+00 0.850498693D+00 0.850498693D+00 0.850498693D+00 0.850498693D+00
 0.850498693D+00 0.850498693D+00 0.850498693D+00 0.850498693D+00 0.850498693D+00
 0.850498693D+00 0.850498693D+00 0.850498693D+00 0.850498693D+00 0.850498693D+00
 0.850498693D+00 0.850498693D+00 0.850498693D+00 0.850498693D+00 0.850498693D+00
 0.850498693D+00 0.850498693D+00 0.850498693D+00 0.850498693D+00 0.850498693D+00
 0.850498693D+00 0.850498693D+00 0.850498693D+00 0.850498693D+00 0.850498693D+00
 0.850498693D+00 0.850498693D+00 0.850498693D+00 0.850498693D+00 0.850498693D+00
 0.850498693D+00 0.850498693D+00 0.850498693D+00 0.850498693D+00 0.850498693D+00
 0.850498693D+00 0.850498693D+00 0.850498693D+00 0.850498693D+00 0.850498693D+00
 0.850498693D+00 0.850498693D+00 0.850498693D+00 0.850498693D+00 0.850498693D+00
 0.850498693D+00 0.850498693D+00 0.850498693D+00 0.850498693D+00 0.850498693D+00
 0.850498693D+00 0.850498693D+00 0.850498693D+00 0.850498693D+00 0.850498693D+00
 0.850498693D+00 0.850498693D+00 0.850498693D+00 0.850498693D+00 0.850498693D+00
 0.850498693D+00 0.850498693D+00 0.850498693D+00 0.850498693D+00 0.850498693D+00
 0.850498693D+00 0.850498693D+00 0.850498693D+00 0.850498693D+00 0.850498693D+00
 0.850498693D+00 0.850498693D+00 0.850498693D+00 0.850498693D+00 0.850498693D+00
 0.850498693D+00 0.850498693D+00 0.850498693D+00 0.850498693D+00 0.850498693D+00
 0.850498693D+00 0.850498693D+00 0.850498693D+00 0.850498693D+00 0.850498693D+00
 0.850498693D+00 0.850498693D+00 0.850498693D+00 0.850498693D+00 0.850498693D+00
 0.850498693D+00 0.850498693D+00 0.850498693D+00 0.850498693D+00 0.850498693D+00
 0.850498693D+00 0.850498693D+00 0.850498693D+00 0.850498693D+00 0.850498693D+00
 0.850498693D+00 0.850498693D+00 0.850498693D+00 0.850498693D+00 0.850498693D+00
 0.850498693D+00 0.850498693D+00 0.850498693D+00 0.850498693D+00 0.850498693D+00
 0.850498693D+00 0.850498693D+00 0.850498693D+00 0.850498693D+00 0.850498693D+00
 0.850498693D+00 0.850498693D+00 0.850498693D+00 0.850498693D+00 0.850498693D+00
 0.850498693D+00 0.850498693D+00 0.850498693D+00 0.850498693D+00 0.850498693D+00
 0.850498693D+00 0.850498693D+00 0.850498693D+00 0.850498693D+00 0.850498693D+00
 0.850498693D+00 0.850498693D+00 0.850498693D+00 0.850498693D+00 0.850498693D+00
 0.850498693D+00 0.850498693D+00 0.850498693D+00 0.850498693D+00 0.850498693D+00
 0.850498693D+00 0.850498693D+00 0.850498693D+00 0.850498693D+00 0.850498693D+00
 0.850498693D+00 0.850498693D+00 0.850498693D+00 0.850498693D+00 0.850498693D+00
 0.850498693D+00 0.850498693D+00 0.850498693D+00 0.850498693D+00 0.850498693D+00
 0.850498693D+00 0.850498693D+00 0.850498693D+00 0.850498693D+00 0.850498693D+00
 0.850498693D+00 0.850498693D+00 0.850498693D+00 0.850498693D+00 0.850498693D+00
 0.850498693D+00 0.850498693D+00 0.850498693D+00 0.850498693D+00 0.850498693D+00
 0.850498693D+00 0.850498693D+00 0.850498693D+00 0.850498693D+00 0.850498693D+00
