POT:
  305    2    0.030000    2.906164
 0.000000000D+00 1.190698170D+00 1.190698170D+00 1.190698170D+00 1.190698170D+00
 1.190698170D+00 1.190698170D+00 1.190698170D+00 1.190698170D+00 1.190698170D+00
 1.190698170D+00 1.190698170D+00 1.190698170D+00 1.190698170D+00 1.190698170D+00
 1.190698170D+00 1.190698170D+00 1.190698170D+00 1.190698170D+00 1.190698170D+00
 1.190698170D+00 1.190698170D+00 1.190698170D+00 1.190698170D+00 1.190698170D+00
 1.190698170D+00 1.190698170D+00 1.190698170D+00 1.190698170D+00 1.190698170D+00
 1.190698170D+00 1.190698170D+00 1.190698170D+00 1.190698170D+00 1.190698170D+00
 1.190698170D+00 1.190698170D+00 1.190698170D+00 1.190698170D+00 1.190698170D+00
 1.190698170D+00 1.190698170D+00 1.190698170D+00 1.190698170D+00 1.190698170D+00
 1.190698170D+00 1.190698170D+00 1.190698170D+00 1.190698170D+00 1.190698170D+00
 1.190698170D+00 1.190698170D+00 1.190698170D+00 1.190698170D+00 1.190698170D+00
 1.190698170D+00 1.190698170D+00 1.190698170D+00 1.190698170D+00 1.190698170D+00
 1.190698170D+00 1.190698170D+00 1.190698170D+00 1.190698170D+00 1.190698170D+00
 1.190698170D+00 1.190698170D+00 1.190698170D+00 1.190698170D+00 1.190698170D+00
 1.190698170D+00 1.190698170D+00 1.190698170D+00 1.190698170D+00 1.190698170D+00
 1.190698170D+00 1.190698170D+00 1.190698170D+00 1.190698170D+00 1.190698170D+00
 1.190698170D+00 1.190698170D+00 1.190698170D+00 1.190698170D+00 1.190698170D+00
 1.190698170D+00 1.190698170D+00 1.190698170D+00 1.190698170D+00 1.190698170D+00
 1.190698170D+00 1.190698170D+00 1.190698170D+00 1.190698170D+00 1.190698170D+00
 1.190698170D+00 1.190698170D+00 1.190698170D+00 1.190698170D+00 1.190698170D+00
 1.190698170D+00 1.190698170D+00 1.190698170D+00 1.190698170D+00 1.190698170D+00
 1.190698170D+00 1.190698170D+00 1.190698170D+00 1.190698170D+00 1.190698170D+00
 1.190698170D+00 1.190698170D+00 1.190698170D+00 1.190698170D+00 1.190698170D+00
 1.190698170D+00 1.190698170D+00 1.190698170D+00 1.190698170D+00 1.190698170D+00
 1.190698170D+00 1.190698170D+00 1.190698170D+00 1.190698170D+00 1.190698170D+00
 1.190698170D+00 1.190698170D+00 1.190698170D+00 1.190698170D+00 1.190698170D+00
 1.190698170D+00 1.190698170D+00 1.190698170D+00 1.190698170D+00 1.190698170D+00
 1.190698170D+00 1.190698170D+00 1.190698170D+00 1.190698170D+00 1.190698170D+00
 1.190698170D+00 1.190698170D+00 1.190698170D+00 1.190698170D+00 1.190698170D+00
 1.190698170D+00 1.190698170D+00 1.190698170D+00 1.190698170D+00 1.190698170D+00
 1.190698170D+00 1.190698170D+00 1.190698170D+00 1.190698170D+00 1.190698170D+00
 1.190698170D+00 1.190698170D+00 1.190698170D+00 1.190698170D+00 1.190698170D+00
 1.190698170D+00 1.190698170D+00 1.190698170D+00 1.190698170D+00 1.190698170D+00
 1.190698170D+00 1.190698170D+00 1.190698170D+00 1.190698170D+00 1.190698170D+00
 1.190698170D+00 1.190698170D+00 1.190698170D+00 1.190698170D+00 1.190698170D+00
 1.190698170D+00 1.190698170D+00 1.190698170D+00 1.190698170D+00 1.190698170D+00
 1.190698170D+00 1.190698170D+00 1.190698170D+00 1.190698170D+00 1.190698170D+00
 1.190698170D+00 1.190698170D+00 1.190698170D+00 1.190698170D+00 1.190698170D+00
 1.190698170D+00 1.190698170D+00 1.190698170D+00 1.190698170D+00 1.190698170D+00
 1.190698170D+00 1.190698170D+00 1.190698170D+00 1.190698170D+00 1.190698170D+00
 1.190698170D+00 1.190698170D+00 1.190698170D+00 1.190698170D+00 1.190698170D+00
 1.190698170D+00 1.190698170D+00 1.190698170D+00 1.190698170D+00 1.190698170D+00
 1.190698170D+00 1.190698170D+00 1.190698170D+00 1.190698170D+00 1.190698170D+00
 1.190698170D+00 1.190698170D+00 1.190698170D+00 1.190698170D+00 1.190698170D+00
 1.190698170D+00 1.190698170D+00 1.190698170D+00 1.190698170D+00 1.190698170D+00
 1.190698170D+00 1.190698170D+00 1.190698170D+00 1.190698170D+00 1.190698170D+00
 1.190698170D+00 1.190698170D+00 1.190698170D+00 1.190698170D+00 1.190698170D+00
 1.190698170D+00 1.190698170D+00 1.190698170D+00 1.190698170D+00 1.190698170D+00
 1.190698170D+00 1.190698170D+00 1.190698170D+00 1.190698170D+00 1.190698170D+00
 1.190698170D+00 1.190698170D+00 1.190698170D+00 1.190698170D+00 1.190698170D+00
 1.190698170D+00 1.190698170D+00 1.190698170D+00 1.190698170D+00 1.190698170D+00
 1.190698170D+00 1.190698170D+00 1.190698170D+00 1.190698170D+00 1.190698170D+00
 1.190698170D+00 1.190698170D+00 1.190698170D+00 1.190698170D+00 1.190698170D+00
 1.190698170D+00 1.190698170D+00 1.190698170D+00 1.190698170D+00 1.190698170D+00
 1.190698170D+00 1.190698170D+00 1.190698170D+00 1.190698170D+00 1.190698170D+00
 1.190698170D+00 1.190698170D+00 1.190698170D+00 1.190698170D+00 1.190698170D+00
 1.190698170D+00 1.190698170D+00 1.190698170D+00 1.190698170D+00 1.190698170D+00
 1.190698170D+00 1.190698170D+00 1.190698170D+00 1.190698170D+00 1.190698170D+00
 1.190698170D+00 1.190698170D+00 1.190698170D+00 1.190698170D+00 1.190698170D+00
 1.190698170D+00 1.190698170D+00 1.190698170D+00 1.190698170D+00 1.190698170D+00
 1.190698170D+00 1.190698170D+00 1.190698170D+00 1.190698170D+00 1.190698170D+00
 1.190698170D+00 1.190698170D+00 1.190698170D+00 1.190698170D+00 1.190698170D+00
 1.190698170D+00 1.190698170D+00 1.190698170D+00 1.190698170D+00 1.190698170D+00
 1.190698170D+00 1.190698170D+00 1.190698170D+00 1.190698170D+00 1.190698170D+00
 1.190698170D+00 1.190698170D+00 1.190698170D+00 1.190698170D+00 1.190698170D+00
 1.190698170D+00 1.190698170D+00 1.190698170D+00 1.190698170D+00 1.190698170D+00
 1.190698170D+00 1.190698170D+00 1.190698170D+00 1.190698170D+00 1.190698170D+00
 1.190698170D+00 1.190698170D+00 1.190698170D+00 1.190698170D+00 1.190698170D+00
 1.190698170D+00 1.190698170D+00 1.190698170D+00 1.190698170D+00 1.190698170D+00
 1.190698170D+00 1.190698170D+00 1.190698170D+00 1.190698170D+00 1.190698170D+00
 1.190698170D+00 1.190698170D+00 1.190698170D+00 1.190698170D+00 1.190698170D+00
 1.190698170D+00 1.190698170D+00 1.190698170D+00 1.190698170D+00 1.190698170D+00
 1.190698170D+00 1.190698170D+00 1.190698170D+00 1.190698170D+00 1.190698170D+00
 1.190698170D+00 1.190698170D+00 1.190698170D+00 1.190698170D+00 1.190698170D+00
 1.190698170D+00 1.190698170D+00 1.190698170D+00 1.190698170D+00 1.190698170D+00
 1.190698170D+00 1.190698170D+00 1.190698170D+00 1.190698170D+00 1.190698170D+00
 1.190698170D+00 1.190698170D+00 1.190698170D+00 1.190698170D+00 1.190698170D+00
 1.190698170D+00 1.190698170D+00 1.190698170D+00 1.190698170D+00 1.190698170D+00
 1.190698170D+00 1.190698170D+00 1.190698170D+00 1.190698170D+00 1.190698170D+00
 1.190698170D+00 1.190698170D+00 1.190698170D+00 1.190698170D+00 1.190698170D+00
 1.190698170D+00 1.190698170D+00 1.190698170D+00 1.190698170D+00 1.190698170D+00
 1.190698170D+00 1.190698170D+00 1.190698170D+00 1.190698170D+00 1.190698170D+00
 1.190698170D+00 1.190698170D+00 1.190698170D+00 1.190698170D+00 1.190698170D+00
 1.190698170D+00 1.190698170D+00 1.190698170D+00 1.190698170D+00 1.190698170D+00
 1.190698170D+00 1.190698170D+00 1.190698170D+00 1.190698170D+00 1.190698170D+00
 1.190698170D+00 1.190698170D+00 1.190698170D+00 1.190698170D+00 1.190698170D+00
 1.190698170D+00 1.190698170D+00 1.190698170D+00 1.190698170D+00 1.190698170D+00
 1.190698170D+00 1.190698170D+00 1.190698170D+00 1.190698170D+00 1.190698170D+00
 1.190698170D+00 1.190698170D+00 1.190698170D+00 1.190698170D+00 1.190698170D+00
 1.190698170D+00 1.190698170D+00 1.190698170D+00 1.190698170D+00 1.190698170D+00
 1.190698170D+00 1.190698170D+00 1.190698170D+00 1.190698170D+00 1.190698170D+00
 1.190698170D+00 1.190698170D+00 1.190698170D+00 1.190698170D+00 1.190698170D+00
 1.190698170D+00 1.190698170D+00 1.190698170D+00 1.190698170D+00 1.190698170D+00
 1.190698170D+00 1.190698170D+00 1.190698170D+00 1.190698170D+00 1.190698170D+00
 1.190698170D+00 1.190698170D+00 1.190698170D+00 1.190698170D+00 1.190698170D+00
 1.190698170D+00 1.190698170D+00 1.190698170D+00 1.190698170D+00 1.190698170D+00
 1.190698170D+00 1.190698170D+00 1.190698170D+00 1.190698170D+00 1.190698170D+00
 1.190698170D+00 1.190698170D+00 1.190698170D+00 1.190698170D+00 1.190698170D+00
 1.190698170D+00 1.190698170D+00 1.190698170D+00 1.190698170D+00 1.190698170D+00
 1.190698170D+00 1.190698170D+00 1.190698170D+00 1.190698170D+00 1.190698170D+00
 1.190698170D+00 1.190698170D+00 1.190698170D+00 1.190698170D+00 1.190698170D+00
 1.190698170D+00 1.190698170D+00 1.190698170D+00 1.190698170D+00 1.190698170D+00
 1.190698170D+00 1.190698170D+00 1.190698170D+00 1.190698170D+00 1.190698170D+00
 1.190698170D+00 1.190698170D+00 1.190698170D+00 1.190698170D+00 1.190698170D+00
 1.190698170D+00 1.190698170D+00 1.190698170D+00 1.190698170D+00 1.190698170D+00
 1.190698170D+00 1.190698170D+00 1.190698170D+00 1.190698170D+00 1.190698170D+00
 1.190698170D+00 1.190698170D+00 1.190698170D+00 1.190698170D+00 1.190698170D+00
 1.190698170D+00 1.190698170D+00 1.190698170D+00 1.190698170D+00 1.190698170D+00
 1.190698170D+00 1.190698170D+00 1.190698170D+00 1.190698170D+00 1.190698170D+00
 1.190698170D+00 1.190698170D+00 1.190698170D+00 1.190698170D+00 1.190698170D+00
 1.190698170D+00 1.190698170D+00 1.190698170D+00 1.190698170D+00 1.190698170D+00
 1.190698170D+00 1.190698170D+00 1.190698170D+00 1.190698170D+00 1.190698170D+00
 1.190698170D+00 1.190698170D+00 1.190698170D+00 1.190698170D+00 1.190698170D+00
 1.190698170D+00 1.190698170D+00 1.190698170D+00 1.190698170D+00 1.190698170D+00
 1.190698170D+00 1.190698170D+00 1.190698170D+00 1.190698170D+00 1.190698170D+00
 1.190698170D+00 1.190698170D+00 1.190698170D+00 1.190698170D+00 1.190698170D+00
 1.190698170D+00 1.190698170D+00 1.190698170D+00 1.190698170D+00 1.190698170D+00
 1.190698170D+00 1.190698170D+00 1.190698170D+00 1.190698170D+00 1.190698170D+00
 1.190698170D+00 1.190698170D+00 1.190698170D+00 1.190698170D+00 1.190698170D+00
 1.190698170D+00 1.190698170D+00 1.190698170D+00 1.190698170D+00 1.190698170D+00
 1.190698170D+00 1.190698170D+00 1.190698170D+00 1.190698170D+00 1.190698170D+00
 1.190698170D+00 1.190698170D+00 1.190698170D+00 1.190698170D+00 1.190698170D+00
