--------  atom file: Ni  -  start   -------- 
     3                                           NL
   0.3484850       0.053030       0.010714       Ni        NS=2
    28.0           2.583755
    -0.06754242                                          !EF
     0.0d0						!Potential Shift
     0							!Swap spin
     2      						!NS    
   400
    0.000000      -2799793.      -1379608.      -906406.4    
   -669949.0      -528187.7      -433772.9      -366412.3    
   -315959.4      -276777.5      -245484.6      -219928.4    
   -198674.1      -180728.4      -165381.8      -152114.1    
   -140534.8      -130345.8      -121314.9      -113258.9    
   -106031.2      -99513.26      -93607.88      -88234.94    
   -83327.61      -78829.78      -74693.96      -70879.71    
   -67352.36      -64082.02      -61042.82      -58212.18    
   -55570.40      -53100.13      -50786.08      -48614.70    
   -46573.97      -44653.14      -42842.62      -41133.79    
   -39518.90      -37990.96      -36543.64      -35171.20    
   -33868.44      -32630.60      -31453.36      -30332.74    
   -29265.13      -28247.17      -27275.82      -26348.23    
   -25461.82      -24614.16      -23803.04      -23026.38    
   -22282.27      -21568.93      -20884.70      -20228.04    
   -19597.50      -18991.74      -18409.51      -17849.62    
   -17310.98      -16792.55      -16293.36      -15812.50    
   -15349.11      -14902.39      -14471.57      -14055.94    
   -13654.82      -13267.57      -12893.60      -12532.32    
   -12183.20      -11845.73      -11519.43      -11203.83    
   -10898.49      -10603.01      -10316.99      -10040.06    
   -9771.856      -9512.047      -9260.307      -9016.330    
   -8779.824      -8550.510      -8328.120      -8112.401    
   -7903.111      -7700.017      -7502.897      -7311.540    
   -7125.742      -6945.310      -6770.057      -6599.806    
   -6434.385      -6273.632      -6117.390      -5965.507    
   -5817.840      -5674.250      -5534.603      -5398.773    
   -5266.636      -5138.073      -5012.972      -4891.223    
   -4772.721      -4657.365      -4545.058      -4435.705    
   -4329.216      -4225.505      -4124.487      -4026.081    
   -3930.211      -3836.799      -3745.775      -3657.067    
   -3570.609      -3486.335      -3404.182      -3324.089    
   -3245.998      -3169.851      -3095.594      -3023.174    
   -2952.539      -2883.640      -2816.428      -2750.858    
   -2686.884      -2624.463      -2563.553      -2504.113    
   -2446.103      -2389.485      -2334.222      -2280.278    
   -2227.619      -2176.210      -2126.019      -2077.014    
   -2029.164      -1982.440      -1936.812      -1892.253    
   -1848.734      -1806.230      -1764.715      -1724.163    
   -1684.552      -1645.856      -1608.053      -1571.121    
   -1535.038      -1499.784      -1465.337      -1431.678    
   -1398.787      -1366.647      -1335.238      -1304.542    
   -1274.543      -1245.224      -1216.568      -1188.559    
   -1161.183      -1134.423      -1108.265      -1082.695    
   -1057.698      -1033.263      -1009.374      -986.0196    
   -963.1870      -940.8642      -919.0392      -897.7005    
   -876.8369      -856.4374      -836.4914      -816.9885    
   -797.9187      -779.2722      -761.0392      -743.2106    
   -725.7772      -708.7303      -692.0611      -675.7613    
   -659.8227      -644.2373      -628.9973      -614.0952    
   -599.5235      -585.2750      -571.3427      -557.7196    
   -544.3989      -531.3742      -518.6389      -506.1867    
   -494.0115      -482.1071      -470.4677      -459.0875    
   -447.9609      -437.0821      -426.4459      -416.0468    
   -405.8798      -395.9396      -386.2213      -376.7202    
   -367.4313      -358.3501      -349.4721      -340.7929    
   -332.3081      -324.0137      -315.9054      -307.9795    
   -300.2319      -292.6589      -285.2569      -278.0222    
   -270.9515      -264.0413      -257.2883      -250.6892    
   -244.2409      -237.9404      -231.7846      -225.7706    
   -219.8954      -214.1563      -208.5504      -203.0751    
   -197.7277      -192.5055      -187.4060      -182.4266    
   -177.5647      -172.8180      -168.1840      -163.6603    
   -159.2444      -154.9342      -150.7272      -146.6212    
   -142.6140      -138.7033      -134.8870      -131.1630    
   -127.5290      -123.9831      -120.5232      -117.1474    
   -113.8536      -110.6400      -107.5047      -104.4459    
   -101.4617      -98.55057      -95.71069      -92.94048    
   -90.23836      -87.60281      -85.03234      -82.52554    
   -80.08104      -77.69750      -75.37364      -73.10820    
   -70.90000      -68.74784      -66.65058      -64.60708    
   -62.61622      -60.67692      -58.78805      -56.94853    
   -55.15726      -53.41314      -51.71510      -50.06201    
   -48.45281      -46.88640      -45.36173      -43.87774    
   -42.43341      -41.02775      -39.65979      -38.32860    
   -37.03330      -35.77303      -34.54698      -33.35438    
   -32.19449      -31.06664      -29.97013      -28.90435    
   -27.86870      -26.86259      -25.88548      -24.93681    
   -24.01609      -23.12280      -22.25643      -21.41651    
   -20.60254      -19.81407      -19.05058      -18.31162    
   -17.59671      -16.90534      -16.23707      -15.59137    
   -14.96777      -14.36578      -13.78487      -13.22458    
   -12.68437      -12.16376      -11.66221      -11.17923    
   -10.71429      -10.26689      -9.836522      -9.422665    
   -9.024821      -8.642487      -8.275161      -7.922364    
   -7.583597      -7.258396      -6.946283      -6.646802    
   -6.359506      -6.083947      -5.819712      -5.566367    
   -5.323518      -5.090768      -4.867733      -4.654055    
   -4.449365      -4.253336      -4.065625      -3.885921    
   -3.713922      -3.549326      -3.391871      -3.241270    
   -3.097283      -2.959654      -2.828152      -2.702559    
   -2.582645      -2.468233      -2.359100      -2.255077    
   -2.155977      -2.061629      -1.971878      -1.886549    
   -1.805518      -1.728614      -1.655714      -1.586680    
   -1.521378      -1.459701      -1.401508      -1.346712    
   -1.295181      -1.246826      -1.201542      -1.159231    
   -1.119816      -1.083191      -1.049300      -1.018044    
  -0.9893655     -0.9631913     -0.9394549     -0.9181093    
  -0.8990801     -0.8823414     -0.8678220     -0.8554940    
  -0.8453097     -0.8372307     -0.8312135     -0.8272653    
   400
    0.000000      -2799793.      -1379608.      -906406.4    
   -669949.0      -528187.7      -433772.9      -366412.3    
   -315959.4      -276777.5      -245484.6      -219928.4    
   -198674.1      -180728.4      -165381.8      -152114.1    
   -140534.8      -130345.8      -121314.9      -113258.9    
   -106031.2      -99513.26      -93607.88      -88234.94    
   -83327.61      -78829.78      -74693.96      -70879.71    
   -67352.36      -64082.02      -61042.82      -58212.18    
   -55570.40      -53100.13      -50786.08      -48614.70    
   -46573.97      -44653.14      -42842.62      -41133.79    
   -39518.90      -37990.96      -36543.64      -35171.20    
   -33868.44      -32630.60      -31453.36      -30332.74    
   -29265.13      -28247.17      -27275.82      -26348.23    
   -25461.82      -24614.16      -23803.04      -23026.38    
   -22282.27      -21568.93      -20884.70      -20228.04    
   -19597.50      -18991.74      -18409.51      -17849.62    
   -17310.98      -16792.55      -16293.36      -15812.50    
   -15349.11      -14902.39      -14471.57      -14055.94    
   -13654.82      -13267.57      -12893.60      -12532.32    
   -12183.20      -11845.73      -11519.43      -11203.83    
   -10898.49      -10603.01      -10316.99      -10040.06    
   -9771.856      -9512.047      -9260.307      -9016.330    
   -8779.824      -8550.510      -8328.120      -8112.401    
   -7903.111      -7700.017      -7502.897      -7311.540    
   -7125.742      -6945.310      -6770.057      -6599.806    
   -6434.385      -6273.632      -6117.390      -5965.507    
   -5817.840      -5674.250      -5534.603      -5398.773    
   -5266.636      -5138.073      -5012.972      -4891.223    
   -4772.721      -4657.365      -4545.058      -4435.705    
   -4329.216      -4225.505      -4124.487      -4026.081    
   -3930.211      -3836.799      -3745.775      -3657.067    
   -3570.609      -3486.335      -3404.182      -3324.089    
   -3245.998      -3169.851      -3095.594      -3023.174    
   -2952.539      -2883.640      -2816.428      -2750.858    
   -2686.884      -2624.463      -2563.553      -2504.113    
   -2446.103      -2389.485      -2334.222      -2280.278    
   -2227.619      -2176.210      -2126.019      -2077.014    
   -2029.164      -1982.440      -1936.812      -1892.253    
   -1848.734      -1806.230      -1764.715      -1724.163    
   -1684.552      -1645.856      -1608.053      -1571.121    
   -1535.038      -1499.784      -1465.337      -1431.678    
   -1398.787      -1366.647      -1335.238      -1304.542    
   -1274.543      -1245.224      -1216.568      -1188.559    
   -1161.183      -1134.423      -1108.265      -1082.695    
   -1057.698      -1033.263      -1009.374      -986.0196    
   -963.1870      -940.8642      -919.0392      -897.7005    
   -876.8369      -856.4374      -836.4914      -816.9885    
   -797.9187      -779.2722      -761.0392      -743.2106    
   -725.7772      -708.7303      -692.0611      -675.7613    
   -659.8227      -644.2373      -628.9973      -614.0952    
   -599.5235      -585.2750      -571.3427      -557.7196    
   -544.3989      -531.3742      -518.6389      -506.1867    
   -494.0115      -482.1071      -470.4677      -459.0875    
   -447.9609      -437.0821      -426.4459      -416.0468    
   -405.8798      -395.9396      -386.2213      -376.7202    
   -367.4313      -358.3501      -349.4721      -340.7929    
   -332.3081      -324.0137      -315.9054      -307.9795    
   -300.2319      -292.6589      -285.2569      -278.0222    
   -270.9515      -264.0413      -257.2883      -250.6892    
   -244.2409      -237.9404      -231.7846      -225.7706    
   -219.8954      -214.1563      -208.5504      -203.0751    
   -197.7277      -192.5055      -187.4060      -182.4266    
   -177.5647      -172.8180      -168.1840      -163.6603    
   -159.2444      -154.9342      -150.7272      -146.6212    
   -142.6140      -138.7033      -134.8870      -131.1630    
   -127.5290      -123.9831      -120.5232      -117.1474    
   -113.8536      -110.6400      -107.5047      -104.4459    
   -101.4617      -98.55057      -95.71069      -92.94048    
   -90.23836      -87.60281      -85.03234      -82.52554    
   -80.08104      -77.69750      -75.37364      -73.10820    
   -70.90000      -68.74784      -66.65058      -64.60708    
   -62.61622      -60.67692      -58.78805      -56.94853    
   -55.15726      -53.41314      -51.71510      -50.06201    
   -48.45281      -46.88640      -45.36173      -43.87774    
   -42.43341      -41.02775      -39.65979      -38.32860    
   -37.03330      -35.77303      -34.54698      -33.35438    
   -32.19449      -31.06664      -29.97013      -28.90435    
   -27.86870      -26.86259      -25.88548      -24.93681    
   -24.01609      -23.12280      -22.25643      -21.41651    
   -20.60254      -19.81407      -19.05058      -18.31162    
   -17.59671      -16.90534      -16.23707      -15.59137    
   -14.96777      -14.36578      -13.78487      -13.22458    
   -12.68437      -12.16376      -11.66221      -11.17923    
   -10.71429      -10.26689      -9.836522      -9.422665    
   -9.024821      -8.642487      -8.275161      -7.922364    
   -7.583597      -7.258396      -6.946283      -6.646802    
   -6.359506      -6.083947      -5.819712      -5.566367    
   -5.323518      -5.090768      -4.867733      -4.654055    
   -4.449365      -4.253336      -4.065625      -3.885921    
   -3.713922      -3.549326      -3.391871      -3.241270    
   -3.097283      -2.959654      -2.828152      -2.702559    
   -2.582645      -2.468233      -2.359100      -2.255077    
   -2.155977      -2.061629      -1.971878      -1.886549    
   -1.805518      -1.728614      -1.655714      -1.586680    
   -1.521378      -1.459701      -1.401508      -1.346712    
   -1.295181      -1.246826      -1.201542      -1.159231    
   -1.119816      -1.083191      -1.049300      -1.018044    
  -0.9893655     -0.9631913     -0.9394549     -0.9181093    
  -0.8990801     -0.8823414     -0.8678220     -0.8554940    
  -0.8453097     -0.8372307     -0.8312135     -0.8272653    
   400
    0.000000      -2799793.      -1379608.      -906406.4    
   -669949.0      -528187.7      -433772.9      -366412.3    
   -315959.4      -276777.5      -245484.6      -219928.4    
   -198674.1      -180728.4      -165381.8      -152114.1    
   -140534.8      -130345.8      -121314.9      -113258.9    
   -106031.2      -99513.26      -93607.88      -88234.94    
   -83327.61      -78829.78      -74693.96      -70879.71    
   -67352.36      -64082.02      -61042.82      -58212.18    
   -55570.40      -53100.13      -50786.08      -48614.70    
   -46573.97      -44653.14      -42842.62      -41133.79    
   -39518.90      -37990.96      -36543.64      -35171.20    
   -33868.44      -32630.60      -31453.36      -30332.74    
   -29265.13      -28247.17      -27275.82      -26348.23    
   -25461.82      -24614.16      -23803.04      -23026.38    
   -22282.27      -21568.93      -20884.70      -20228.04    
   -19597.50      -18991.74      -18409.51      -17849.62    
   -17310.98      -16792.55      -16293.36      -15812.50    
   -15349.11      -14902.39      -14471.57      -14055.94    
   -13654.82      -13267.57      -12893.60      -12532.32    
   -12183.20      -11845.73      -11519.43      -11203.83    
   -10898.49      -10603.01      -10316.99      -10040.06    
   -9771.857      -9512.047      -9260.307      -9016.331    
   -8779.825      -8550.510      -8328.121      -8112.402    
   -7903.111      -7700.017      -7502.897      -7311.540    
   -7125.742      -6945.310      -6770.057      -6599.806    
   -6434.386      -6273.633      -6117.390      -5965.507    
   -5817.840      -5674.250      -5534.604      -5398.773    
   -5266.636      -5138.074      -5012.973      -4891.224    
   -4772.722      -4657.366      -4545.058      -4435.705    
   -4329.216      -4225.505      -4124.487      -4026.082    
   -3930.211      -3836.800      -3745.775      -3657.068    
   -3570.610      -3486.335      -3404.182      -3324.090    
   -3245.998      -3169.851      -3095.595      -3023.174    
   -2952.539      -2883.640      -2816.429      -2750.859    
   -2686.885      -2624.464      -2563.554      -2504.113    
   -2446.103      -2389.485      -2334.222      -2280.279    
   -2227.619      -2176.210      -2126.019      -2077.014    
   -2029.165      -1982.440      -1936.812      -1892.253    
   -1848.734      -1806.230      -1764.715      -1724.164    
   -1684.552      -1645.856      -1608.053      -1571.121    
   -1535.038      -1499.784      -1465.337      -1431.678    
   -1398.788      -1366.647      -1335.238      -1304.543    
   -1274.544      -1245.224      -1216.568      -1188.560    
   -1161.183      -1134.423      -1108.265      -1082.695    
   -1057.699      -1033.263      -1009.374      -986.0198    
   -963.1873      -940.8645      -919.0395      -897.7008    
   -876.8371      -856.4376      -836.4917      -816.9888    
   -797.9190      -779.2724      -761.0395      -743.2109    
   -725.7775      -708.7305      -692.0613      -675.7615    
   -659.8229      -644.2375      -628.9975      -614.0954    
   -599.5237      -585.2752      -571.3429      -557.7198    
   -544.3991      -531.3743      -518.6390      -506.1868    
   -494.0115      -482.1072      -470.4678      -459.0875    
   -447.9608      -437.0820      -426.4458      -416.0467    
   -405.8795      -395.9393      -386.2210      -376.7198    
   -367.4308      -358.3496      -349.4715      -340.7922    
   -332.3074      -324.0128      -315.9045      -307.9784    
   -300.2307      -292.6576      -285.2555      -278.0207    
   -270.9499      -264.0395      -257.2863      -250.6871    
   -244.2387      -237.9380      -231.7820      -225.7678    
   -219.8924      -214.1531      -208.5470      -203.0715    
   -197.7238      -192.5014      -187.4016      -182.4219    
   -177.5597      -172.8127      -168.1784      -163.6543    
   -159.2381      -154.9274      -150.7200      -146.6136    
   -142.6059      -138.6947      -134.8779      -131.1533    
   -127.5188      -123.9723      -120.5118      -117.1352    
   -113.8408      -110.6264      -107.4903      -104.4307    
   -101.4456      -98.53357      -95.69275      -92.92155    
   -90.21840      -87.58178      -85.01021      -82.50228    
   -80.05660      -77.67187      -75.34680      -73.08014    
   -70.87072      -68.71734      -66.61886      -64.57418    
   -62.58218      -60.64177      -58.75186      -56.91137    
   -55.11921      -53.37428      -51.67551      -50.02180    
   -48.41207      -46.84524      -45.32023      -43.83602    
   -42.39155      -40.98583      -39.61789      -38.28680    
   -36.99166      -35.73161      -34.50584      -33.31356    
   -32.15403      -31.02656      -29.93047      -28.86514    
   -27.82994      -26.82430      -25.84767      -24.89950    
   -23.97927      -23.08647      -22.22060      -21.38119    
   -20.56771      -19.77973      -19.01674      -18.27826    
   -17.56383      -16.87294      -16.20515      -15.55992    
   -14.93679      -14.33525      -13.75481      -13.19498    
   -12.65522      -12.13505      -11.63395      -11.15141    
   -10.68692      -10.23996      -9.810033      -9.396618    
   -8.999219      -8.617332      -8.250456      -7.898113    
   -7.559804      -7.235067      -6.923425      -6.624421    
   -6.337612      -6.062549      -5.798819      -5.545993    
   -5.303673      -5.071467      -4.848990      -4.635885    
   -4.431784      -4.236362      -4.049275      -3.870215    
   -3.698878      -3.534965      -3.378212      -3.228334    
   -3.085089      -2.948222      -2.817500      -2.692706    
   -2.573608      -2.460027      -2.351739      -2.248572    
   -2.150338      -2.056860      -1.967984      -1.883529    
   -1.803368      -1.727325      -1.655276      -1.587075    
   -1.522587      -1.461698      -1.404266      -1.350197    
   -1.299357      -1.251652      -1.206975      -1.165223    
   -1.126317      -1.090148      -1.056659      -1.025747    
  -0.9973535     -0.9714039     -0.9478306     -0.9265854    
  -0.9075933     -0.8908278     -0.8762173     -0.8637339    
  -0.8533296     -0.8449664     -0.8386008     -0.8342405    
