   2.46818463  -0.20000000
   2.46982778  -0.19959960
   2.47147011  -0.19919920
   2.47311165  -0.19879880
   2.47475241  -0.19839840
   2.47639241  -0.19799800
   2.47803167  -0.19759760
   2.47967019  -0.19719720
   2.48130799  -0.19679680
   2.48294510  -0.19639640
   2.48458152  -0.19599600
   2.48621727  -0.19559560
   2.48785237  -0.19519520
   2.48948683  -0.19479479
   2.49112067  -0.19439439
   2.49275390  -0.19399399
   2.49438654  -0.19359359
   2.49601861  -0.19319319
   2.49765012  -0.19279279
   2.49928108  -0.19239239
   2.50091152  -0.19199199
   2.50254145  -0.19159159
   2.50417087  -0.19119119
   2.50579982  -0.19079079
   2.50742830  -0.19039039
   2.50905634  -0.18998999
   2.51068394  -0.18958959
   2.51231112  -0.18918919
   2.51393790  -0.18878879
   2.51556429  -0.18838839
   2.51719031  -0.18798799
   2.51881598  -0.18758759
   2.52044130  -0.18718719
   2.52206631  -0.18678679
   2.52369100  -0.18638639
   2.52531541  -0.18598599
   2.52693954  -0.18558559
   2.52856341  -0.18518519
   2.53018703  -0.18478478
   2.53181043  -0.18438438
   2.53343362  -0.18398398
   2.53505661  -0.18358358
   2.53667942  -0.18318318
   2.53830207  -0.18278278
   2.53992457  -0.18238238
   2.54154694  -0.18198198
   2.54316920  -0.18158158
   2.54479136  -0.18118118
   2.54641343  -0.18078078
   2.54803544  -0.18038038
   2.54965741  -0.17997998
   2.55127934  -0.17957958
   2.55290125  -0.17917918
   2.55452317  -0.17877878
   2.55614511  -0.17837838
   2.55776708  -0.17797798
   2.55938910  -0.17757758
   2.56101119  -0.17717718
   2.56263337  -0.17677678
   2.56425565  -0.17637638
   2.56587805  -0.17597598
   2.56750059  -0.17557558
   2.56912328  -0.17517518
   2.57074614  -0.17477477
   2.57236920  -0.17437437
   2.57399246  -0.17397397
   2.57561594  -0.17357357
   2.57723967  -0.17317317
   2.57886366  -0.17277277
   2.58048793  -0.17237237
   2.58211250  -0.17197197
   2.58373738  -0.17157157
   2.58536259  -0.17117117
   2.58698816  -0.17077077
   2.58861409  -0.17037037
   2.59024042  -0.16996997
   2.59186715  -0.16956957
   2.59349430  -0.16916917
   2.59512191  -0.16876877
   2.59674997  -0.16836837
   2.59837852  -0.16796797
   2.60000758  -0.16756757
   2.60163715  -0.16716717
   2.60326727  -0.16676677
   2.60489795  -0.16636637
   2.60652921  -0.16596597
   2.60816107  -0.16556557
   2.60979355  -0.16516517
   2.61142667  -0.16476476
   2.61306046  -0.16436436
   2.61469493  -0.16396396
   2.61633011  -0.16356356
   2.61796601  -0.16316316
   2.61960265  -0.16276276
   2.62124006  -0.16236236
   2.62287827  -0.16196196
   2.62451728  -0.16156156
   2.62615712  -0.16116116
   2.62779782  -0.16076076
   2.62943940  -0.16036036
   2.63108187  -0.15995996
   2.63272527  -0.15955956
   2.63436961  -0.15915916
   2.63601492  -0.15875876
   2.63766122  -0.15835836
   2.63930853  -0.15795796
   2.64095688  -0.15755756
   2.64260630  -0.15715716
   2.64425680  -0.15675676
   2.64590841  -0.15635636
   2.64756115  -0.15595596
   2.64921506  -0.15555556
   2.65087015  -0.15515516
   2.65252645  -0.15475475
   2.65418399  -0.15435435
   2.65584279  -0.15395395
   2.65750288  -0.15355355
   2.65916429  -0.15315315
   2.66082703  -0.15275275
   2.66249115  -0.15235235
   2.66415666  -0.15195195
   2.66582360  -0.15155155
   2.66749199  -0.15115115
   2.66916186  -0.15075075
   2.67083324  -0.15035035
   2.67250616  -0.14994995
   2.67418065  -0.14954955
   1.02868205  -0.14954955
   0.83335187  -0.14954955
   2.67585673  -0.14914915
   1.06712084  -0.14914915
   0.78248183  -0.14914915
   2.67753444  -0.14874875
   1.09539640  -0.14874875
   0.74130525  -0.14874875
   2.67921382  -0.14834835
   1.11862436  -0.14834835
   0.70466150  -0.14834835
   2.68089488  -0.14794795
   1.13870370  -0.14794795
   0.67059913  -0.14794795
   2.68257766  -0.14754755
   1.15658684  -0.14754755
   0.63810398  -0.14754755
   2.68426219  -0.14714715
   1.17283095  -0.14714715
   0.60654542  -0.14714715
   2.68594851  -0.14674675
   1.18779475  -0.14674675
   0.57547623  -0.14674675
   2.68763664  -0.14634635
   1.20172496  -0.14634635
   0.54454141  -0.14634635
   2.68932663  -0.14594595
   1.21479967  -0.14594595
   0.51342817  -0.14594595
   2.69101850  -0.14554555
   1.22715226  -0.14554555
   0.48183196  -0.14554555
   2.69271228  -0.14514515
   1.23888567  -0.14514515
   0.44942691  -0.14514515
   2.69440802  -0.14474474
   1.25008119  -0.14474474
   0.41583212  -0.14474474
   2.69610574  -0.14434434
   1.26080433  -0.14434434
   0.38056326  -0.14434434
   2.69780548  -0.14394394
   1.27110878  -0.14394394
   0.34294990  -0.14394394
   2.69950728  -0.14354354
   1.28103914  -0.14354354
   0.30197131  -0.14354354
   2.70121118  -0.14314314
   1.29063296  -0.14314314
   0.25587092  -0.14314314
   2.70291720  -0.14274274
   1.29992215  -0.14274274
   0.20099951  -0.14274274
   2.70462539  -0.14234234
   1.30893413  -0.14234234
   0.12619252  -0.14234234
   2.70633579  -0.14194194
   1.31769261  -0.14194194
   0.54435996  -0.14194194
   2.70804842  -0.14154154
   1.32621830  -0.14154154
   0.62540778  -0.14154154
   2.70976334  -0.14114114
   1.33452939  -0.14114114
   0.67844949  -0.14114114
   2.71148059  -0.14074074
   1.34264192  -0.14074074
   0.71946043  -0.14074074
   2.71320019  -0.14034034
   1.35057017  -0.14034034
   0.75349644  -0.14034034
   2.71492220  -0.13993994
   1.35832689  -0.13993994
   0.78289668  -0.13993994
   2.71664665  -0.13953954
   1.36592351  -0.13953954
   0.80895817  -0.13953954
   2.71837358  -0.13913914
   1.37337034  -0.13913914
   0.83248337  -0.13913914
   2.72010305  -0.13873874
   1.38067670  -0.13873874
   0.85400706  -0.13873874
   2.72183508  -0.13833834
   1.38785106  -0.13833834
   0.87390535  -0.13833834
   2.72356973  -0.13793794
   1.39490111  -0.13793794
   0.89245384  -0.13793794
   2.72530704  -0.13753754
   1.40183391  -0.13753754
   0.90986116  -0.13753754
   2.72704706  -0.13713714
   1.40865592  -0.13713714
   0.92628936  -0.13713714
   2.72878983  -0.13673674
   1.41537307  -0.13673674
   0.94186712  -0.13673674
   2.73053539  -0.13633634
   1.42199083  -0.13633634
   0.95669846  -0.13633634
   2.73228381  -0.13593594
   1.42851426  -0.13593594
   0.97086879  -0.13593594
   2.73403511  -0.13553554
   1.43494803  -0.13553554
   0.98444917  -0.13553554
   2.73578936  -0.13513514
   1.44129649  -0.13513514
   0.99749943  -0.13513514
   2.73754661  -0.13473473
   1.44756368  -0.13473473
   1.01007045  -0.13473473
   2.73930690  -0.13433433
   1.45375335  -0.13433433
   1.02220592  -0.13433433
   2.74107029  -0.13393393
   1.45986901  -0.13393393
   1.03394362  -0.13393393
   2.74283683  -0.13353353
   1.46591396  -0.13353353
   1.04531647  -0.13353353
   2.74460657  -0.13313313
   1.47189125  -0.13313313
   1.05635340  -0.13313313
   2.74637957  -0.13273273
   1.47780377  -0.13273273
   1.06707988  -0.13273273
   2.74815588  -0.13233233
   1.48365424  -0.13233233
   1.07751856  -0.13233233
   2.74993557  -0.13193193
   1.48944520  -0.13193193
   1.08768963  -0.13193193
   2.75171868  -0.13153153
   1.49517905  -0.13153153
   1.09761117  -0.13153153
   2.75350528  -0.13113113
   1.50085806  -0.13113113
   1.10729945  -0.13113113
   2.75529543  -0.13073073
   1.50648436  -0.13073073
   1.11676917  -0.13073073
   2.75708919  -0.13033033
   1.51205998  -0.13033033
   1.12603366  -0.13033033
   2.75888661  -0.12992993
   1.51758683  -0.12992993
   1.13510504  -0.12992993
   2.76068778  -0.12952953
   1.52306673  -0.12952953
   1.14399438  -0.12952953
   2.76249274  -0.12912913
   1.52850140  -0.12912913
   1.15271179  -0.12912913
   2.76430156  -0.12872873
   1.53389247  -0.12872873
   1.16126656  -0.12872873
   2.76611432  -0.12832833
   1.53924151  -0.12832833
   1.16966726  -0.12832833
   2.76793108  -0.12792793
   1.54455000  -0.12792793
   1.17792176  -0.12792793
   2.76975191  -0.12752753
   1.54981934  -0.12752753
   1.18603736  -0.12752753
   2.77157689  -0.12712713
   1.55505087  -0.12712713
   1.19402081  -0.12712713
   2.77340608  -0.12672673
   1.56024589  -0.12672673
   1.20187839  -0.12672673
   2.77523956  -0.12632633
   1.56540562  -0.12632633
   1.20961592  -0.12632633
   2.77707740  -0.12592593
   1.57053123  -0.12592593
   1.21723885  -0.12592593
   2.77891969  -0.12552553
   1.57562385  -0.12552553
   1.22475226  -0.12552553
   2.78076651  -0.12512513
   1.58068453  -0.12512513
   1.23216089  -0.12512513
   2.78261793  -0.12472472
   1.58571433  -0.12472472
   1.23946919  -0.12472472
   2.78447403  -0.12432432
   1.59071421  -0.12432432
   1.24668134  -0.12432432
   2.78633491  -0.12392392
   1.59568514  -0.12392392
   1.25380126  -0.12392392
   2.78820065  -0.12352352
   1.60062801  -0.12352352
   1.26083262  -0.12352352
   2.79007133  -0.12312312
   1.60554370  -0.12312312
   1.26777892  -0.12312312
   2.79194706  -0.12272272
   1.61043305  -0.12272272
   1.27464343  -0.12272272
   2.79382791  -0.12232232
   1.61529687  -0.12232232
   1.28142923  -0.12232232
   2.79571399  -0.12192192
   1.62013594  -0.12192192
   1.28813927  -0.12192192
   2.79760540  -0.12152152
   1.62495100  -0.12152152
   1.29477630  -0.12152152
   2.79950222  -0.12112112
   1.62974278  -0.12112112
   1.30134296  -0.12112112
   2.80140457  -0.12072072
   1.63451197  -0.12072072
   1.30784174  -0.12072072
   2.80331255  -0.12032032
   1.63925925  -0.12032032
   1.31427499  -0.12032032
   2.80522627  -0.11991992
   1.64398527  -0.11991992
   1.32064498  -0.11991992
   2.80714583  -0.11951952
   1.64869065  -0.11951952
   1.32695383  -0.11951952
   2.80907135  -0.11911912
   1.65337600  -0.11911912
   1.33320358  -0.11911912
   2.81100294  -0.11871872
   1.65804191  -0.11871872
   1.33939618  -0.11871872
   2.81294072  -0.11831832
   1.66268894  -0.11831832
   1.34553348  -0.11831832
   2.81488482  -0.11791792
   1.66731764  -0.11791792
   1.35161724  -0.11791792
   2.81683535  -0.11751752
   1.67192855  -0.11751752
   1.35764916  -0.11751752
   2.81879245  -0.11711712
   1.67652218  -0.11711712
   1.36363084  -0.11711712
   2.82075624  -0.11671672
   1.68109903  -0.11671672
   1.36956384  -0.11671672
   2.82272687  -0.11631632
   1.68565959  -0.11631632
   1.37544963  -0.11631632
   2.82470446  -0.11591592
   1.69020432  -0.11591592
   1.38128964  -0.11591592
   2.82668917  -0.11551552
   1.69473369  -0.11551552
   1.38708521  -0.11551552
   2.82868113  -0.11511512
   1.69924813  -0.11511512
   1.39283766  -0.11511512
   2.83068050  -0.11471471
   1.70374808  -0.11471471
   1.39854824  -0.11471471
   2.83268743  -0.11431431
   1.70823397  -0.11431431
   1.40421815  -0.11431431
   2.83470209  -0.11391391
   1.71270619  -0.11391391
   1.40984854  -0.11391391
   2.83672463  -0.11351351
   1.71716514  -0.11351351
   1.41544054  -0.11351351
   2.83875523  -0.11311311
   1.72161122  -0.11311311
   1.42099522  -0.11311311
   2.84079406  -0.11271271
   1.72604480  -0.11271271
   1.42651360  -0.11271271
   2.84284130  -0.11231231
   1.73046624  -0.11231231
   1.43199667  -0.11231231
   2.84489713  -0.11191191
   1.73487590  -0.11191191
   1.43744541  -0.11191191
   2.84696175  -0.11151151
   1.73927414  -0.11151151
   1.44286072  -0.11151151
   2.84903535  -0.11111111
   1.74366129  -0.11111111
   1.44824351  -0.11111111
   2.85111814  -0.11071071
   1.74803769  -0.11071071
   1.45359464  -0.11071071
   2.85321032  -0.11031031
   1.75240365  -0.11031031
   1.45891493  -0.11031031
   2.85531212  -0.10990991
   1.75675951  -0.10990991
   1.46420520  -0.10990991
   2.85742375  -0.10950951
   1.76110556  -0.10950951
   1.46946621  -0.10950951
   2.85954545  -0.10910911
   1.76544211  -0.10910911
   1.47469872  -0.10910911
   2.86167746  -0.10870871
   1.76976946  -0.10870871
   1.47990347  -0.10870871
   2.86382003  -0.10830831
   1.77408789  -0.10830831
   1.48508115  -0.10830831
   2.86597341  -0.10790791
   1.77839770  -0.10790791
   1.49023245  -0.10790791
   2.86813787  -0.10750751
   1.78269915  -0.10750751
   1.49535803  -0.10750751
   2.87031368  -0.10710711
   1.78699252  -0.10710711
   1.50045853  -0.10710711
   2.87250114  -0.10670671
   1.79127808  -0.10670671
   1.50553458  -0.10670671
   2.87470054  -0.10630631
   1.79555609  -0.10630631
   1.51058678  -0.10630631
   2.87691219  -0.10590591
   1.79982681  -0.10590591
   1.51561571  -0.10590591
   2.87913641  -0.10550551
   1.80409048  -0.10550551
   1.52062195  -0.10550551
   2.88137353  -0.10510511
   1.80834736  -0.10510511
   1.52560604  -0.10510511
   2.88362391  -0.10470470
   1.81259768  -0.10470470
   1.53056853  -0.10470470
   2.88588789  -0.10430430
   1.81684169  -0.10430430
   1.53550995  -0.10430430
   2.88816585  -0.10390390
   1.82107962  -0.10390390
   1.54043078  -0.10390390
   2.89045820  -0.10350350
   1.82531170  -0.10350350
   1.54533155  -0.10350350
   2.89276533  -0.10310310
   1.82953816  -0.10310310
   1.55021271  -0.10310310
   2.89508767  -0.10270270
   1.83375921  -0.10270270
   1.55507475  -0.10270270
   2.89742567  -0.10230230
   1.83797508  -0.10230230
   1.55991811  -0.10230230
   2.89977979  -0.10190190
   1.84218599  -0.10190190
   1.56474326  -0.10190190
   2.90215052  -0.10150150
   1.84639214  -0.10150150
   1.56955060  -0.10150150
   2.90453836  -0.10110110
   1.85059374  -0.10110110
   1.57434058  -0.10110110
   2.90694386  -0.10070070
   1.85479101  -0.10070070
   1.57911361  -0.10070070
   2.90936757  -0.10030030
   1.85898415  -0.10030030
   1.58387008  -0.10030030
   2.91181007  -0.09989990
   1.86317335  -0.09989990
   1.58861038  -0.09989990
   2.91427200  -0.09949950
   1.86735881  -0.09949950
   1.59333491  -0.09949950
   2.91675398  -0.09909910
   1.87154074  -0.09909910
   1.59804404  -0.09909910
   2.91925671  -0.09869870
   1.87571931  -0.09869870
   1.60273812  -0.09869870
   2.92178091  -0.09829830
   1.87989473  -0.09829830
   1.60741753  -0.09829830
   2.92432733  -0.09789790
   1.88406719  -0.09789790
   1.61208260  -0.09789790
   2.92689678  -0.09749750
   1.88823686  -0.09749750
   1.61673369  -0.09749750
   2.92949010  -0.09709710
   1.89240393  -0.09709710
   1.62137112  -0.09709710
   2.93210820  -0.09669670
   1.89656859  -0.09669670
   1.62599523  -0.09669670
   2.93475202  -0.09629630
   1.90073102  -0.09629630
   1.63060632  -0.09629630
   2.93742258  -0.09589590
   1.90489138  -0.09589590
   1.63520472  -0.09589590
   2.94012095  -0.09549550
   1.90904988  -0.09549550
   1.63979074  -0.09549550
   2.94284827  -0.09509510
   1.91320666  -0.09509510
   1.64436467  -0.09509510
   2.94560576  -0.09469469
   1.91736192  -0.09469469
   1.64892681  -0.09469469
   2.94839474  -0.09429429
   1.92151582  -0.09429429
   1.65347744  -0.09429429
   2.95121658  -0.09389389
   1.92566854  -0.09389389
   1.65801686  -0.09389389
   2.95407279  -0.09349349
   1.92982024  -0.09349349
   1.66254533  -0.09349349
   2.95696497  -0.09309309
   1.93397109  -0.09309309
   1.66706314  -0.09309309
   2.95989485  -0.09269269
   1.93812127  -0.09269269
   1.67157054  -0.09269269
   2.96286430  -0.09229229
   1.94227093  -0.09229229
   1.67606780  -0.09229229
   2.96587533  -0.09189189
   1.94642024  -0.09189189
   1.68055519  -0.09189189
   2.96893014  -0.09149149
   1.95056936  -0.09149149
   1.68503295  -0.09149149
   2.97203109  -0.09109109
   1.95471847  -0.09109109
   1.68950133  -0.09109109
   2.97518078  -0.09069069
   1.95886772  -0.09069069
   1.69396058  -0.09069069
   2.97838205  -0.09029029
   1.96301727  -0.09029029
   1.69841093  -0.09029029
   2.98163800  -0.08988989
   1.96716729  -0.08988989
   1.70285263  -0.08988989
   2.98495205  -0.08948949
   1.97131793  -0.08948949
   1.70728591  -0.08948949
   2.98832798  -0.08908909
   1.97546936  -0.08908909
   1.71171099  -0.08908909
   2.99176999  -0.08868869
   1.97962174  -0.08868869
   1.71612810  -0.08868869
   2.99528276  -0.08828829
   1.98377522  -0.08828829
   1.72053747  -0.08828829
   2.99887152  -0.08788789
   1.98792996  -0.08788789
   1.72493931  -0.08788789
   3.00254216  -0.08748749
   1.99208612  -0.08748749
   1.72933383  -0.08748749
   3.00630136  -0.08708709
   1.99624387  -0.08708709
   1.73372126  -0.08708709
   3.01015674  -0.08668669
   2.00040335  -0.08668669
   1.73810180  -0.08668669
   2.00456473  -0.08628629
   3.01411703  -0.08628629
   1.74247565  -0.08628629
   2.00872816  -0.08588589
   3.01819235  -0.08588589
   1.74684302  -0.08588589
   2.01289381  -0.08548549
   3.02239450  -0.08548549
   1.75120411  -0.08548549
   2.01706182  -0.08508509
   1.75555912  -0.08508509
   3.02673742  -0.08508509
   2.02123236  -0.08468468
   1.75990824  -0.08468468
   3.03123774  -0.08468468
   2.02540559  -0.08428428
   1.76425167  -0.08428428
   3.03591558  -0.08428428
   2.02958166  -0.08388388
   1.76858960  -0.08388388
   3.04079567  -0.08388388
   2.03376073  -0.08348348
   1.77292222  -0.08348348
   3.04590896  -0.08348348
   2.03794296  -0.08308308
   1.77724970  -0.08308308
   3.05129507  -0.08308308
   2.04212851  -0.08268268
   1.78157225  -0.08268268
   3.05700612  -0.08268268
   2.04631754  -0.08228228
   1.78589003  -0.08228228
   3.06311303  -0.08228228
   2.05051021  -0.08188188
   1.79020324  -0.08188188
   3.06971666  -0.08188188
   2.05470669  -0.08148148
   1.79451204  -0.08148148
   3.07696910  -0.08148148
   2.05890712  -0.08108108
   1.79881661  -0.08108108
   3.08511981  -0.08108108
   2.06311168  -0.08068068
   1.80311714  -0.08068068
   3.09463423  -0.08068068
   2.06732053  -0.08028028
   1.80741379  -0.08028028
   3.10660789  -0.08028028
   2.07153382  -0.07987988
   1.81170673  -0.07987988
   3.12591775  -0.07987988
   2.07575173  -0.07947948
   1.81599614  -0.07947948
   2.07997443  -0.07907908
   1.82028218  -0.07907908
   2.08420207  -0.07867868
   1.82456502  -0.07867868
   2.08843482  -0.07827828
   1.82884483  -0.07827828
   2.09267286  -0.07787788
   1.83312176  -0.07787788
   2.09691635  -0.07747748
   1.83739599  -0.07747748
   2.10116546  -0.07707708
   1.84166768  -0.07707708
   2.10542037  -0.07667668
   1.84593698  -0.07667668
   2.10968125  -0.07627628
   1.85020406  -0.07627628
   2.11394828  -0.07587588
   1.85446907  -0.07587588
   2.11822163  -0.07547548
   1.85873218  -0.07547548
   2.12250147  -0.07507508
   1.86299354  -0.07507508
   2.12678800  -0.07467467
   1.86725330  -0.07467467
   2.13108139  -0.07427427
   1.87151163  -0.07427427
   2.13538183  -0.07387387
   1.87576867  -0.07387387
   2.13968950  -0.07347347
   1.88002458  -0.07347347
   2.14400459  -0.07307307
   1.88427952  -0.07307307
   2.14832728  -0.07267267
   1.88853364  -0.07267267
   2.15265778  -0.07227227
   1.89278709  -0.07227227
   2.15699627  -0.07187187
   1.89704001  -0.07187187
   2.16134295  -0.07147147
   1.90129258  -0.07147147
   2.16569802  -0.07107107
   1.90554492  -0.07107107
   2.17006168  -0.07067067
   1.90979720  -0.07067067
   2.17443414  -0.07027027
   1.91404956  -0.07027027
   2.17881560  -0.06986987
   1.91830216  -0.06986987
   2.18320627  -0.06946947
   1.92255515  -0.06946947
   2.18760637  -0.06906907
   1.92680867  -0.06906907
   2.19201611  -0.06866867
   1.93106288  -0.06866867
   2.19643570  -0.06826827
   1.93531791  -0.06826827
   2.20086538  -0.06786787
   1.93957394  -0.06786787
   2.20530536  -0.06746747
   1.94383110  -0.06746747
   2.20975588  -0.06706707
   1.94808954  -0.06706707
   1.95234941  -0.06666667
   2.21421717  -0.06666667
   1.95661087  -0.06626627
   2.21868946  -0.06626627
   1.96087407  -0.06586587
   2.22317300  -0.06586587
   1.96513915  -0.06546547
   2.22766802  -0.06546547
   1.96940626  -0.06506507
   2.23217479  -0.06506507
   1.97367557  -0.06466466
   2.23669355  -0.06466466
   1.97794721  -0.06426426
   2.24122456  -0.06426426
   1.98222134  -0.06386386
   2.24576808  -0.06386386
   1.98649812  -0.06346346
   2.25032438  -0.06346346
   1.99077770  -0.06306306
   2.25489374  -0.06306306
   1.99506023  -0.06266266
   2.25947642  -0.06266266
   1.99934587  -0.06226226
   2.26407272  -0.06226226
   2.00363477  -0.06186186
   2.26868292  -0.06186186
   2.00792708  -0.06146146
   2.27330732  -0.06146146
   2.01222298  -0.06106106
   2.27794622  -0.06106106
   2.01652261  -0.06066066
   2.28259993  -0.06066066
   2.02082613  -0.06026026
   2.28726875  -0.06026026
   2.02513370  -0.05985986
   2.29195302  -0.05985986
   2.02944549  -0.05945946
   2.29665305  -0.05945946
   2.03376166  -0.05905906
   2.30136919  -0.05905906
   2.03808236  -0.05865866
   2.30610178  -0.05865866
   2.04240777  -0.05825826
   2.31085116  -0.05825826
   2.04673805  -0.05785786
   2.31561770  -0.05785786
   2.05107337  -0.05745746
   2.32040176  -0.05745746
   2.05541389  -0.05705706
   2.32520372  -0.05705706
   2.05975979  -0.05665666
   2.33002397  -0.05665666
   2.06411124  -0.05625626
   2.33486290  -0.05625626
   2.06846842  -0.05585586
   2.33972092  -0.05585586
   2.07283149  -0.05545546
   2.34459844  -0.05545546
   2.07720063  -0.05505506
   2.34949589  -0.05505506
   2.08157603  -0.05465465
   2.35441371  -0.05465465
   2.08595786  -0.05425425
   2.35935234  -0.05425425
   2.09034630  -0.05385385
   2.36431226  -0.05385385
   2.09474155  -0.05345345
   2.36929393  -0.05345345
   2.09914379  -0.05305305
   2.37429785  -0.05305305
   2.10355320  -0.05265265
   2.37932452  -0.05265265
   2.10796999  -0.05225225
   2.38437445  -0.05225225
   2.11239434  -0.05185185
   2.38944818  -0.05185185
   2.11682644  -0.05145145
   2.39454625  -0.05145145
   2.12126651  -0.05105105
   2.39966924  -0.05105105
   2.12571474  -0.05065065
   2.40481772  -0.05065065
   2.13017133  -0.05025025
   2.40999230  -0.05025025
   2.13463650  -0.04984985
   2.41519360  -0.04984985
   2.13911045  -0.04944945
   2.42042225  -0.04944945
   2.14359340  -0.04904905
   2.42567893  -0.04904905
   2.14808556  -0.04864865
   2.43096430  -0.04864865
   2.15258716  -0.04824825
   2.43627909  -0.04824825
   2.15709842  -0.04784785
   2.44162402  -0.04784785
   2.16161956  -0.04744745
   2.44699985  -0.04744745
   2.16615082  -0.04704705
   2.45240737  -0.04704705
   2.17069244  -0.04664665
   2.45784738  -0.04664665
   2.17524465  -0.04624625
   2.46332074  -0.04624625
   2.17980770  -0.04584585
   2.46882831  -0.04584585
   2.18438183  -0.04544545
   2.47437101  -0.04544545
   2.18896729  -0.04504505
   2.47994978  -0.04504505
   2.19356435  -0.04464464
   2.48556559  -0.04464464
   2.19817326  -0.04424424
   2.49121948  -0.04424424
   2.20279430  -0.04384384
   2.49691250  -0.04384384
   2.20742773  -0.04344344
   2.50264576  -0.04344344
   2.21207383  -0.04304304
   2.50842040  -0.04304304
   2.21673289  -0.04264264
   2.51423765  -0.04264264
   2.22140519  -0.04224224
   2.52009875  -0.04224224
   2.22609102  -0.04184184
   2.52600501  -0.04184184
   2.23079070  -0.04144144
   2.53195781  -0.04144144
   2.23550453  -0.04104104
   2.53795859  -0.04104104
   2.24023281  -0.04064064
   2.54400885  -0.04064064
   2.24497588  -0.04024024
   2.55011017  -0.04024024
   2.24973406  -0.03983984
   2.55626421  -0.03983984
   2.25450769  -0.03943944
   2.56247271  -0.03943944
   2.25929711  -0.03903904
   2.56873750  -0.03903904
   2.26410267  -0.03863864
   2.57506050  -0.03863864
   2.26892474  -0.03823824
   2.58144376  -0.03823824
   2.27376369  -0.03783784
   2.58788942  -0.03783784
   2.27861988  -0.03743744
   2.59439973  -0.03743744
   2.28349373  -0.03703704
   2.60097711  -0.03703704
   2.28838561  -0.03663664
   2.60762408  -0.03663664
   2.29329594  -0.03623624
   2.61434335  -0.03623624
   2.29822515  -0.03583584
   2.62113777  -0.03583584
   2.30317365  -0.03543544
   2.62801039  -0.03543544
   2.30814190  -0.03503504
   2.63496446  -0.03503504
   2.31313035  -0.03463463
   2.64200344  -0.03463463
   2.31813947  -0.03423423
   2.64913102  -0.03423423
   2.32316973  -0.03383383
   2.65635119  -0.03383383
   2.32822165  -0.03343343
   2.66366820  -0.03343343
   2.33329572  -0.03303303
   2.67108663  -0.03303303
   2.33839247  -0.03263263
   2.67861143  -0.03263263
   2.34351244  -0.03223223
   2.68624793  -0.03223223
   2.34865620  -0.03183183
   2.69400191  -0.03183183
   2.35382432  -0.03143143
   2.70187966  -0.03143143
   2.35901739  -0.03103103
   2.70988801  -0.03103103
   2.36423603  -0.03063063
   2.71803445  -0.03063063
   2.36948087  -0.03023023
   2.72632717  -0.03023023
   2.37475258  -0.02982983
   2.73477519  -0.02982983
   2.38005182  -0.02942943
   2.74338845  -0.02942943
   2.38537929  -0.02902903
   2.75217800  -0.02902903
   2.39073574  -0.02862863
   2.76115612  -0.02862863
   2.39612191  -0.02822823
   2.77033656  -0.02822823
   2.40153857  -0.02782783
   2.77973481  -0.02782783
   2.40698655  -0.02742743
   2.78936838  -0.02742743
   2.41246668  -0.02702703
   2.79925719  -0.02702703
   2.41797983  -0.02662663
   2.80942414  -0.02662663
   2.42352691  -0.02622623
   2.81989567  -0.02622623
   2.42910887  -0.02582583
   2.83070263  -0.02582583
   2.43472668  -0.02542543
   2.84188141  -0.02542543
   2.44038137  -0.02502503
   2.85347535  -0.02502503
   2.44607400  -0.02462462
   2.86553686  -0.02462462
   2.45180569  -0.02422422
   2.87813024  -0.02422422
   2.45757759  -0.02382382
   2.89133587  -0.02382382
   2.46339091  -0.02342342
   2.90525647  -0.02342342
   2.46924692  -0.02302302
   2.92002686  -0.02302302
   2.47514694  -0.02262262
   2.93583008  -0.02262262
   2.48109237  -0.02222222
   2.95292562  -0.02222222
   2.48708465  -0.02182182
   2.97170330  -0.02182182
   2.49312531  -0.02142142
   2.99279878  -0.02142142
   2.49921596  -0.02102102
   3.01738767  -0.02102102
   2.50535827  -0.02062062
   3.04818961  -0.02062062
   2.51155402  -0.02022022
   3.09652246  -0.02022022
   2.51780507  -0.01981982
   2.52411340  -0.01941942
   2.53048108  -0.01901902
   2.53691032  -0.01861862
   2.54340343  -0.01821822
   2.54996289  -0.01781782
   2.55659131  -0.01741742
   2.56329147  -0.01701702
   2.57006635  -0.01661662
   2.57691909  -0.01621622
   2.58385307  -0.01581582
   2.59087190  -0.01541542
   2.59797946  -0.01501502
   2.60517989  -0.01461461
   2.61247768  -0.01421421
   2.61987764  -0.01381381
   2.62738500  -0.01341341
   2.63500540  -0.01301301
   2.64274499  -0.01261261
   2.65061045  -0.01221221
   2.65860910  -0.01181181
   2.66674894  -0.01141141
   2.67503878  -0.01101101
   2.68348836  -0.01061061
   2.69210842  -0.01021021
   2.70091096  -0.00980981
   2.70990936  -0.00940941
   2.71911865  -0.00900901
   2.72855579  -0.00860861
   2.73824005  -0.00820821
   2.74819344  -0.00780781
   2.75844128  -0.00740741
   2.76901293  -0.00700701
   2.77994275  -0.00660661
   2.79127131  -0.00620621
   2.80304708  -0.00580581
   2.81532867  -0.00540541
   2.82818801  -0.00500501
   2.84171490  -0.00460460
   2.85602370  -0.00420420
   2.87126361  -0.00380380
   2.88763516  -0.00340340
   2.90541811  -0.00300300
   2.92502217  -0.00260260
   2.94708859  -0.00220220
   2.97272277  -0.00180180
   3.00416967  -0.00140140
   3.04752829  -0.00100100
