#--------  atom file: ti.ti  -  start   --------
       3                                                       #NL
     0.3484850       0.053030       0.010714  
      22            3.053114      3.053114
     -0.05118                                                !EF
      0.0                                            !Potential Shift
      0                                              !Swap spin
      2                                              !NS   
   329
       143.1735       -2199856       -1079384      -706147.8
      -519716.4      -408004.3      -333649.6        -280640
      -240969.5      -210190.4      -185633.8      -165601.7
      -148961.9      -134930.6        -122948      -112603.7
      -103589.7       -95670.6      -88663.35      -82423.39
      -76835.11      -71804.91      -67256.24      -63125.86
      -59361.07      -55917.62      -52758.07      -49850.54
       -47167.7         -44686      -42385.04      -40247.05
      -38256.49      -36399.71      -34664.67      -33040.71
      -31518.35      -30089.14      -28745.55      -27480.79
      -26288.77         -25164      -24101.51      -23096.79
      -22145.75      -21244.67      -20390.15      -19579.09
      -18808.63      -18076.17      -17379.31      -16715.84
      -16083.72      -15481.07      -14906.16      -14357.36
      -13833.19      -13332.25      -12853.27      -12395.02
      -11956.41      -11536.37      -11133.94       -10748.2
      -10378.29      -10023.43      -9682.852      -9355.856
      -9041.782      -8740.006      -8449.943      -8171.042
      -7902.781      -7644.672      -7396.251      -7157.081
      -6926.749      -6704.864      -6491.055      -6284.972
      -6086.284      -5894.675      -5709.847      -5531.516
      -5359.412      -5193.279      -5032.875      -4877.967
      -4728.335       -4583.77       -4444.07      -4309.047
      -4178.517      -4052.308      -3930.255      -3812.198
      -3697.988      -3587.481      -3480.538      -3377.027
      -3276.824      -3179.807      -3085.861      -2994.875
      -2906.744      -2821.366      -2738.644      -2658.485
      -2580.799      -2505.501      -2432.507      -2361.741
      -2293.125      -2226.586      -2162.055      -2099.465
       -2038.75      -1979.849      -1922.702      -1867.251
      -1813.442       -1761.22      -1710.535      -1661.337
      -1613.579      -1567.214        -1522.2      -1478.493
      -1436.052      -1394.837      -1354.812      -1315.938
      -1278.181      -1241.505      -1205.879      -1171.269
      -1137.646       -1104.98      -1073.241      -1042.401
      -1012.435      -983.3157      -955.0181      -927.5179
      -900.7916      -874.8166      -849.5706      -825.0325
      -801.1815      -777.9977      -755.4617      -733.5548
      -712.2588      -691.5562      -671.4299      -651.8634
      -632.8407      -614.3464      -596.3655      -578.8834
       -561.886      -545.3598      -529.2914      -513.6682
      -498.4776      -483.7078      -469.3471      -455.3843
      -441.8084      -428.6089      -415.7756      -403.2985
      -391.1682      -379.3752      -367.9106      -356.7656
      -345.9317      -335.4007      -325.1644      -315.2152
      -305.5454      -296.1475      -287.0144      -278.1389
      -269.5142      -261.1335      -252.9902      -245.0779
      -237.3904      -229.9215      -222.6653       -215.616
       -208.768      -202.1157       -195.654      -189.3776
      -183.2817      -177.3614       -171.612      -166.0292
      -160.6084      -155.3456      -150.2367      -145.2778
       -140.465      -135.7947      -131.2632      -126.8672
      -122.6031      -118.4677      -114.4577      -110.5699
      -106.8012      -103.1486      -99.60903      -96.17949
      -92.85707      -89.63889      -86.52207      -83.50379
      -80.58127      -77.75175       -75.0125      -72.36085
      -69.79414      -67.30978      -64.90521      -62.57791
      -60.32545      -58.14541      -56.03547      -53.99337
      -52.01693      -50.10403      -48.25266      -46.46089
      -44.72687      -43.04887      -41.42523      -39.85442
      -38.33497      -36.86551      -35.44476      -34.07149
      -32.74453      -31.46275      -30.22501      -29.03021
      -27.87719      -26.76478      -25.69174      -24.65682
      -23.65872      -22.69612      -21.76768       -20.8721
      -20.00807      -19.17438      -18.36985      -17.59339
      -16.84398      -16.12068      -15.42263      -14.74905
      -14.09923      -13.47249      -12.86822      -12.28586
      -11.72488      -11.18475      -10.66498       -10.1651
      -9.684644      -9.223127      -8.780084      -8.355047
      -7.947552      -7.557105      -7.183222      -6.825417
      -6.483199      -6.156058      -5.843492      -5.545003
      -5.260089      -4.988244      -4.728971      -4.481788
      -4.246214      -4.021776      -3.808017      -3.604504
      -3.410808       -3.22652      -3.051253      -2.884646
      -2.726348      -2.576033      -2.433396      -2.298164
      -2.170065      -2.048853      -1.934303      -1.826209
      -1.724359      -1.628562      -1.538634      -1.454397
      -1.375657      -1.302231      -1.233938      -1.170585
      -1.111975      -1.057913      -1.008215     -0.9626861
     -0.9211422     -0.8834123     -0.8493417     -0.8187755
     -0.7915809     -0.7676437     -0.7468634     -0.7291468
     -0.7144193     -0.7026255     -0.6937111     -0.6876216
     -0.6843476
   329
       143.1735       -2199856       -1079384      -706147.8
      -519716.4      -408004.3      -333649.6        -280640
      -240969.5      -210190.4      -185633.8      -165601.7
      -148961.9      -134930.6        -122948      -112603.7
      -103589.7       -95670.6      -88663.35      -82423.39
      -76835.11      -71804.91      -67256.24      -63125.86
      -59361.07      -55917.62      -52758.07      -49850.54
       -47167.7         -44686      -42385.04      -40247.05
      -38256.49      -36399.71      -34664.67      -33040.71
      -31518.35      -30089.14      -28745.55      -27480.79
      -26288.77         -25164      -24101.51      -23096.79
      -22145.75      -21244.67      -20390.15      -19579.09
      -18808.63      -18076.17      -17379.31      -16715.84
      -16083.72      -15481.07      -14906.16      -14357.36
      -13833.19      -13332.25      -12853.27      -12395.02
      -11956.41      -11536.37      -11133.94       -10748.2
      -10378.29      -10023.43      -9682.852      -9355.856
      -9041.782      -8740.006      -8449.943      -8171.042
      -7902.781      -7644.672      -7396.251      -7157.081
      -6926.749      -6704.864      -6491.055      -6284.972
      -6086.284      -5894.675      -5709.847      -5531.516
      -5359.412      -5193.279      -5032.875      -4877.967
      -4728.335       -4583.77       -4444.07      -4309.047
      -4178.517      -4052.308      -3930.255      -3812.198
      -3697.988      -3587.481      -3480.538      -3377.027
      -3276.824      -3179.807      -3085.861      -2994.875
      -2906.744      -2821.366      -2738.644      -2658.485
      -2580.799      -2505.501      -2432.507      -2361.741
      -2293.125      -2226.586      -2162.055      -2099.465
       -2038.75      -1979.849      -1922.702      -1867.251
      -1813.442       -1761.22      -1710.535      -1661.337
      -1613.579      -1567.214        -1522.2      -1478.493
      -1436.052      -1394.837      -1354.812      -1315.938
      -1278.181      -1241.505      -1205.879      -1171.269
      -1137.646       -1104.98      -1073.241      -1042.401
      -1012.435      -983.3157      -955.0181      -927.5179
      -900.7916      -874.8166      -849.5706      -825.0325
      -801.1815      -777.9977      -755.4617      -733.5548
      -712.2588      -691.5562      -671.4299      -651.8634
      -632.8407      -614.3464      -596.3655      -578.8834
       -561.886      -545.3598      -529.2914      -513.6682
      -498.4776      -483.7078      -469.3471      -455.3843
      -441.8084      -428.6089      -415.7756      -403.2985
      -391.1682      -379.3752      -367.9106      -356.7656
      -345.9317      -335.4007      -325.1644      -315.2152
      -305.5454      -296.1475      -287.0144      -278.1389
      -269.5142      -261.1335      -252.9902      -245.0779
      -237.3904      -229.9215      -222.6653       -215.616
       -208.768      -202.1157       -195.654      -189.3776
      -183.2817      -177.3614       -171.612      -166.0292
      -160.6084      -155.3456      -150.2367      -145.2778
       -140.465      -135.7947      -131.2632      -126.8672
      -122.6031      -118.4677      -114.4577      -110.5699
      -106.8012      -103.1486      -99.60903      -96.17949
      -92.85707      -89.63889      -86.52207      -83.50379
      -80.58127      -77.75175       -75.0125      -72.36085
      -69.79414      -67.30978      -64.90521      -62.57791
      -60.32545      -58.14541      -56.03547      -53.99337
      -52.01693      -50.10403      -48.25266      -46.46089
      -44.72687      -43.04887      -41.42523      -39.85442
      -38.33497      -36.86551      -35.44476      -34.07149
      -32.74453      -31.46275      -30.22501      -29.03021
      -27.87719      -26.76478      -25.69174      -24.65682
      -23.65872      -22.69612      -21.76768       -20.8721
      -20.00807      -19.17438      -18.36985      -17.59339
      -16.84398      -16.12068      -15.42263      -14.74905
      -14.09923      -13.47249      -12.86822      -12.28586
      -11.72488      -11.18475      -10.66498       -10.1651
      -9.684644      -9.223127      -8.780084      -8.355047
      -7.947552      -7.557105      -7.183222      -6.825417
      -6.483199      -6.156058      -5.843492      -5.545003
      -5.260089      -4.988244      -4.728971      -4.481788
      -4.246214      -4.021776      -3.808017      -3.604504
      -3.410808       -3.22652      -3.051253      -2.884646
      -2.726348      -2.576033      -2.433396      -2.298164
      -2.170065      -2.048853      -1.934303      -1.826209
      -1.724359      -1.628562      -1.538634      -1.454397
      -1.375657      -1.302231      -1.233938      -1.170585
      -1.111975      -1.057913      -1.008215     -0.9626861
     -0.9211422     -0.8834123     -0.8493417     -0.8187755
     -0.7915809     -0.7676437     -0.7468634     -0.7291468
     -0.7144193     -0.7026255     -0.6937111     -0.6876216
     -0.6843476
