  0.000000000000000E+000
  2.321165073181065E-006
  4.713020146895047E-006
  7.177718052163344E-006
  9.717477183472788E-006
  1.233458349548045E-005
  1.503139256052711E-005
  1.781033168881139E-005
  2.067390211313276E-005
  2.362468124016992E-005
  2.666532497032075E-005
  2.979857008819202E-005
  3.302723672589019E-005
  3.635423090133072E-005
  3.978254713385034E-005
  4.331527113947664E-005
  4.695558260828069E-005
  5.070675806631280E-005
  5.457217382469714E-005
  5.855530901853968E-005
  6.265974873838455E-005
  6.688918725703757E-005
  7.124743135466124E-005
  7.573840374513371E-005
  8.036614660675612E-005
  8.513482522048597E-005
  9.004873171897106E-005
  9.511228894975869E-005
  1.003300544561569E-004
  1.057067245793312E-004
  1.112471386853286E-004
  1.169562835208336E-004
  1.228392977015770E-004
  1.289014763374369E-004
  1.351482757983949E-004
  1.415853186256375E-004
  1.482183985922225E-004
  1.550534859178663E-004
  1.620967326425442E-004
  1.693544781637418E-004
  1.768332549423407E-004
  1.845397943822742E-004
  1.924810328892453E-004
  2.006641181139599E-004
  2.090964153854951E-004
  2.177855143405924E-004
  2.267392357548432E-004
  2.359656385819146E-004
  2.454730272071519E-004
  2.552699589220857E-004
  2.653652516265723E-004
  2.757679917654985E-004
  2.864875425071950E-004
  2.975335521709211E-004
  3.089159629110020E-004
  3.206450196654395E-004
  3.327312793770479E-004
  3.451856204954143E-004
  3.580192527682389E-004
  3.712437273308631E-004
  3.848709471030721E-004
  3.989131775025258E-004
  4.133830574844629E-004
  4.282936109176132E-004
  4.436582583065590E-004
  4.594908288710954E-004
  4.758055729934608E-004
  4.926171750446438E-004
  5.099407666013077E-004
  5.277919400652306E-004
  5.461867626975207E-004
  5.651417910802351E-004
  5.846740860184206E-004
  6.048012278959911E-004
  6.255413324992594E-004
  6.469130673223673E-004
  6.689356683692913E-004
  6.916289574675434E-004
  7.150133601091553E-004
  7.391099238349989E-004
  7.639403371789942E-004
  7.895269491892542E-004
  8.158927895437361E-004
  8.430615892785064E-004
  8.710578021472756E-004
  8.999066266314268E-004
  9.296340286203496E-004
  9.602667647824937E-004
  9.918324066481769E-004
  1.024359365425824E-003
  1.057876917573969E-003
  1.092415231152048E-003
  1.128005392973688E-003
  1.164679436586937E-003
  1.202470371106617E-003
  1.241412210924763E-003
  1.281540006325863E-003
  1.322889875034485E-003
  1.365499034723668E-003
  1.409405836513335E-003
  1.454649799488897E-003
  1.501271646271089E-003
  1.549313339669085E-003
  1.598818120449855E-003
  1.649830546257775E-003
  1.702396531719513E-003
  1.756563389770295E-003
  1.812379874238741E-003
  1.869896223728596E-003
  1.929164206836873E-003
  1.990237168749077E-003
  2.053170079253479E-003
  2.118019582217630E-003
  2.184844046571671E-003
  2.253703618844309E-003
  2.324660277298748E-003
  2.397777887717316E-003
  2.473122260884976E-003
  2.550761211823477E-003
  2.630764620829450E-003
  2.713204496371394E-003
  2.798155039902152E-003
  2.885692712645238E-003
  2.975896304415089E-003
  3.068847004533224E-003
  3.164628474904111E-003
  3.263326925316527E-003
  3.365031191038186E-003
  3.469832812773483E-003
  3.577826119056301E-003
  3.689108311152062E-003
  3.803779550545425E-003
  3.921943049092385E-003
  4.043705161917910E-003
  4.169175483142731E-003
  4.298466944525453E-003
  4.431695917108754E-003
  4.568982315961186E-003
  4.710449708108826E-003
  4.856225423753942E-003
  5.006440670880769E-003
  5.161230653351557E-003
  5.320734692599165E-003
  5.485096353025762E-003
  5.654463571220478E-003
  5.828988789112318E-003
  6.008829091178190E-003
  6.194146345829537E-003
  6.385107351104836E-003
  6.581883984799091E-003
  6.784653359165446E-003
  6.993597980328174E-003
  7.208905912550505E-003
  7.430770947505166E-003
  7.659392778699950E-003
  7.894977181215372E-003
  8.137736196916117E-003
  8.387888325303043E-003
  8.645658720177474E-003
  8.911279392294819E-003
  9.184989418189921E-003
  9.467035155362060E-003
  9.757670464013355E-003
  1.005715693554006E-002
  1.036576412798249E-002
  1.068376980864547E-002
  1.101146020410760E-002
  1.134913025784458E-002
  1.169708389569817E-002
  1.205563429943003E-002
  1.242510418860639E-002
  1.280582611106746E-002
  1.319814274224299E-002
  1.360240719358317E-002
  1.401898333038289E-002
  1.444824609928501E-002
  1.489058186575763E-002
  1.534638876184915E-002
  1.581607704453394E-002
  1.630006946497132E-002
  1.679880164901015E-002
  1.731272248928151E-002
  1.784229454923233E-002
  1.838799447946375E-002
  1.895031344674885E-002
  1.952975757611583E-002
  2.012684840639479E-002
  2.074212335963780E-002
  2.137613622483511E-002
  2.202945765636254E-002
  2.270267568760897E-002
  2.339639626024612E-002
  2.411124376961691E-002
  2.484786162673341E-002
  2.560691283739024E-002
  2.638908059891447E-002
  2.719506891508938E-002
  2.802560322980538E-002
  2.888143108000847E-002
  2.976332276853393E-002
  3.067207205743091E-002
  3.160849688240184E-002
  3.257344008899976E-002
  3.356777019124623E-002
  3.459238215335258E-002
  3.564819819524807E-002
  3.673616862264013E-002
  3.785727268235364E-002
  3.901251944371911E-002
  4.020294870680327E-002
  4.142963193829929E-002
  4.269367323591911E-002
  4.399621032215596E-002
  4.533841556831130E-002
  4.672149704970828E-002
  4.814669963304095E-002
  4.961530609683835E-002
  5.112863828605184E-002
  5.268805830180466E-002
  5.429496972737503E-002
  5.595081889151572E-002
  5.765709617024765E-002
  5.941533732829882E-002
  6.122712490139634E-002
  6.309408962065532E-002
  6.501791188034697E-002
  6.700032325036695E-002
  6.904310803476504E-002
  7.114810487773933E-002
  7.331720841854000E-002
  7.555237099677270E-002
  7.785560440963578E-002
  8.022898172267381E-002
  8.267463913567624E-002
  8.519477790540164E-002
  8.779166632685720E-002
  9.046764177491751E-002
  9.322511280811950E-002
  9.606656133652799E-002
  9.899454485562209E-002
  0.102011698748214     
  0.105120738656470     
  0.108324462926176     
  0.111625755125431     
  0.115027586640058     
  0.118533019348052     
  0.122145208375474     
  0.125867404936277     
  0.129702959258623     
  0.133655323600310     
  0.137728055356037     
  0.141924820259302     
  0.146249395681809     
  0.150705674033355     
  0.155297666265265     
  0.160029505480516     
  0.164905450653810     
  0.169929890464939     
  0.175107347248894     
  0.180442481066269     
  0.185940093897632     
  0.191605133965631     
  0.197442700188728     
  0.203458046770573     
  0.209656587929137     
  0.216043902769877     
  0.222625740307305     
  0.229408024639494     
  0.236396860280160     
  0.243598537653140     
  0.251019538754198     
  0.258666542985257     
  0.266546433166314     
  0.274666301730439     
  0.283033457107449     
  0.291655430301982     
  0.300539981671915     
  0.309695107913204     
  0.319129049257458     
  0.328850296888697     
  0.338867600585991     
  0.349189976598857     
  0.359826715762488     
  0.370787391860132     
  0.382081870240145     
  0.393720316695470     
  0.405713206613535     
  0.418071334404810     
  0.430805823218507     
  0.443928134954161     
  0.457450080578117     
  0.471383830754196     
  0.485741926798111     
  0.500537291965504     
  0.515783243083742     
  0.531493502537964     
  0.547682210622154     
  0.564363938266357     
  0.581553700151503     
  0.599266968223634     
  0.617519685619695     
  0.636328281017438     
  0.655709683422340     
  0.675681337404848     
  0.696261218801675     
