   2.46541656  -0.20000000
   2.46705831  -0.19959960
   2.46869923  -0.19919920
   2.47033932  -0.19879880
   2.47197862  -0.19839840
   2.47361714  -0.19799800
   2.47525488  -0.19759760
   2.47689187  -0.19719720
   2.47852812  -0.19679680
   2.48016365  -0.19639640
   2.48179848  -0.19599600
   2.48343261  -0.19559560
   2.48506607  -0.19519520
   2.48669886  -0.19479479
   2.48833101  -0.19439439
   2.48996254  -0.19399399
   2.49159345  -0.19359359
   2.49322376  -0.19319319
   2.49485349  -0.19279279
   2.49648265  -0.19239239
   2.49811127  -0.19199199
   2.49973934  -0.19159159
   2.50136690  -0.19119119
   2.50299395  -0.19079079
   2.50462051  -0.19039039
   2.50624660  -0.18998999
   2.50787223  -0.18958959
   2.50949742  -0.18918919
   2.51112218  -0.18878879
   2.51274653  -0.18838839
   2.51437049  -0.18798799
   2.51599406  -0.18758759
   2.51761727  -0.18718719
   2.51924014  -0.18678679
   2.52086267  -0.18638639
   2.52248488  -0.18598599
   2.52410679  -0.18558559
   2.52572842  -0.18518519
   2.52734977  -0.18478478
   2.52897088  -0.18438438
   2.53059174  -0.18398398
   2.53221238  -0.18358358
   2.53383282  -0.18318318
   2.53545307  -0.18278278
   2.53707314  -0.18238238
   2.53869305  -0.18198198
   2.54031283  -0.18158158
   2.54193247  -0.18118118
   2.54355201  -0.18078078
   2.54517146  -0.18038038
   2.54679082  -0.17997998
   2.54841013  -0.17957958
   2.55002939  -0.17917918
   2.55164863  -0.17877878
   2.55326785  -0.17837838
   2.55488708  -0.17797798
   2.55650634  -0.17757758
   2.55812563  -0.17717718
   2.55974498  -0.17677678
   2.56136440  -0.17637638
   2.56298391  -0.17597598
   2.56460352  -0.17557558
   2.56622326  -0.17517518
   2.56784314  -0.17477477
   2.56946318  -0.17437437
   2.57108340  -0.17397397
   2.57270380  -0.17357357
   2.57432442  -0.17317317
   2.57594527  -0.17277277
   2.57756636  -0.17237237
   2.57918771  -0.17197197
   2.58080935  -0.17157157
   2.58243128  -0.17117117
   2.58405354  -0.17077077
   2.58567612  -0.17037037
   2.58729907  -0.16996997
   2.58892238  -0.16956957
   2.59054608  -0.16916917
   2.59217020  -0.16876877
   2.59379474  -0.16836837
   2.59541973  -0.16796797
   2.59704518  -0.16756757
   2.59867112  -0.16716717
   2.60029756  -0.16676677
   2.60192453  -0.16636637
   2.60355204  -0.16596597
   2.60518011  -0.16556557
   2.60680876  -0.16516517
   2.60843802  -0.16476476
   2.61006790  -0.16436436
   2.61169842  -0.16396396
   2.61332961  -0.16356356
   2.61496147  -0.16316316
   2.61659405  -0.16276276
   2.61822734  -0.16236236
   2.61986139  -0.16196196
   2.62149620  -0.16156156
   2.62313180  -0.16116116
   2.62476821  -0.16076076
   2.62640545  -0.16036036
   2.62804354  -0.15995996
   2.62968252  -0.15955956
   2.63132238  -0.15915916
   2.63296318  -0.15875876
   2.63460491  -0.15835836
   2.63624761  -0.15795796
   2.63789130  -0.15755756
   2.63953600  -0.15715716
   2.64118174  -0.15675676
   2.64282854  -0.15635636
   2.64447642  -0.15595596
   2.64612542  -0.15555556
   2.64777554  -0.15515516
   2.64942683  -0.15475475
   2.65107929  -0.15435435
   2.65273297  -0.15395395
   2.65438788  -0.15355355
   2.65604405  -0.15315315
   2.65770150  -0.15275275
   2.65936027  -0.15235235
   2.66102037  -0.15195195
   2.66268185  -0.15155155
   2.66434471  -0.15115115
   2.66600900  -0.15075075
   2.66767473  -0.15035035
   2.66934194  -0.14994995
   2.67101066  -0.14954955
   1.01769386  -0.14954955
   0.84713667  -0.14954955
   2.67268091  -0.14914915
   1.06009664  -0.14914915
   0.79239432  -0.14914915
   2.67435273  -0.14874875
   1.08992658  -0.14874875
   0.74976363  -0.14874875
   2.67602613  -0.14834835
   1.11403599  -0.14834835
   0.71234867  -0.14834835
   2.67770117  -0.14794795
   1.13469877  -0.14794795
   0.67782475  -0.14794795
   2.67937785  -0.14754755
   1.15300319  -0.14754755
   0.64504400  -0.14754755
   2.68105622  -0.14714715
   1.16956902  -0.14714715
   0.61331589  -0.14714715
   2.68273631  -0.14674675
   1.18478836  -0.14674675
   0.58216330  -0.14674675
   2.68441814  -0.14634635
   1.19892754  -0.14634635
   0.55121626  -0.14634635
   2.68610175  -0.14594595
   1.21217701  -0.14594595
   0.52015587  -0.14594595
   2.68778717  -0.14554555
   1.22467841  -0.14554555
   0.48867803  -0.14554555
   2.68947444  -0.14514515
   1.23654035  -0.14514515
   0.45646372  -0.14514515
   2.69116358  -0.14474474
   1.24784827  -0.14474474
   0.42314683  -0.14474474
   2.69285463  -0.14434434
   1.25867070  -0.14434434
   0.38826998  -0.14434434
   2.69454763  -0.14394394
   1.26906362  -0.14394394
   0.35121163  -0.14394394
   2.69624261  -0.14354354
   1.27907343  -0.14354354
   0.31104577  -0.14354354
   2.69793960  -0.14314314
   1.28873906  -0.14314314
   0.26622519  -0.14314314
   2.69963864  -0.14274274
   1.29809354  -0.14274274
   0.21368891  -0.14274274
   2.70133977  -0.14234234
   1.30716518  -0.14234234
   0.14510084  -0.14234234
   2.70304302  -0.14194194
   1.31597845  -0.14194194
   0.51760921  -0.14194194
   2.70474843  -0.14154154
   1.32455466  -0.14154154
   0.61127325  -0.14154154
   2.70645603  -0.14114114
   1.33291249  -0.14114114
   0.66821691  -0.14114114
   2.70816588  -0.14074074
   1.34106845  -0.14074074
   0.71124047  -0.14074074
   2.70987799  -0.14034034
   1.34903715  -0.14034034
   0.74653436  -0.14034034
   2.71159242  -0.13993994
   1.35683168  -0.13993994
   0.77680691  -0.13993994
   2.71330920  -0.13953954
   1.36446371  -0.13953954
   0.80351443  -0.13953954
   2.71502837  -0.13913914
   1.37194381  -0.13913914
   0.82754034  -0.13913914
   2.71674998  -0.13873874
   1.37928148  -0.13873874
   0.84946530  -0.13873874
   2.71847407  -0.13833834
   1.38648537  -0.13833834
   0.86969349  -0.13833834
   2.72020067  -0.13793794
   1.39356335  -0.13793794
   0.88851877  -0.13793794
   2.72192984  -0.13753754
   1.40052259  -0.13753754
   0.90616214  -0.13753754
   2.72366161  -0.13713714
   1.40736968  -0.13713714
   0.92279444  -0.13713714
   2.72539603  -0.13673674
   1.41411067  -0.13673674
   0.93855067  -0.13673674
   2.72713314  -0.13633634
   1.42075111  -0.13633634
   0.95353963  -0.13633634
   2.72887300  -0.13593594
   1.42729616  -0.13593594
   0.96785032  -0.13593594
   2.73061564  -0.13553554
   1.43375056  -0.13553554
   0.98155663  -0.13553554
   2.73236111  -0.13513514
   1.44011874  -0.13513514
   0.99472061  -0.13513514
   2.73410947  -0.13473473
   1.44640479  -0.13473473
   1.00739492  -0.13473473
   2.73586077  -0.13433433
   1.45261253  -0.13433433
   1.01962467  -0.13433433
   2.73761504  -0.13393393
   1.45874552  -0.13393393
   1.03144883  -0.13393393
   2.73937234  -0.13353353
   1.46480710  -0.13353353
   1.04290132  -0.13353353
   2.74113273  -0.13313313
   1.47080038  -0.13313313
   1.05401186  -0.13313313
   2.74289626  -0.13273273
   1.47672828  -0.13273273
   1.06480663  -0.13273273
   2.74466297  -0.13233233
   1.48259355  -0.13233233
   1.07530887  -0.13233233
   2.74643293  -0.13193193
   1.48839877  -0.13193193
   1.08553924  -0.13193193
   2.74820619  -0.13153153
   1.49414638  -0.13153153
   1.09551628  -0.13153153
   2.74998281  -0.13113113
   1.49983866  -0.13113113
   1.10525663  -0.13113113
   2.75176284  -0.13073073
   1.50547779  -0.13073073
   1.11477532  -0.13073073
   2.75354634  -0.13033033
   1.51106581  -0.13033033
   1.12408595  -0.13033033
   2.75533337  -0.12992993
   1.51660465  -0.12992993
   1.13320089  -0.12992993
   2.75712399  -0.12952953
   1.52209616  -0.12952953
   1.14213144  -0.12952953
   2.75891827  -0.12912913
   1.52754208  -0.12912913
   1.15088790  -0.12912913
   2.76071627  -0.12872873
   1.53294406  -0.12872873
   1.15947976  -0.12872873
   2.76251804  -0.12832833
   1.53830367  -0.12832833
   1.16791570  -0.12832833
   2.76432367  -0.12792793
   1.54362242  -0.12792793
   1.17620376  -0.12792793
   2.76613321  -0.12752753
   1.54890172  -0.12752753
   1.18435135  -0.12752753
   2.76794673  -0.12712713
   1.55414294  -0.12712713
   1.19236535  -0.12712713
   2.76976430  -0.12672673
   1.55934737  -0.12672673
   1.20025212  -0.12672673
   2.77158599  -0.12632633
   1.56451625  -0.12632633
   1.20801759  -0.12632633
   2.77341188  -0.12592593
   1.56965077  -0.12592593
   1.21566730  -0.12592593
   2.77524204  -0.12552553
   1.57475206  -0.12552553
   1.22320638  -0.12552553
   2.77707655  -0.12512513
   1.57982119  -0.12512513
   1.23063966  -0.12512513
   2.77891547  -0.12472472
   1.58485922  -0.12472472
   1.23797165  -0.12472472
   2.78075890  -0.12432432
   1.58986713  -0.12432432
   1.24520659  -0.12432432
   2.78260691  -0.12392392
   1.59484588  -0.12392392
   1.25234844  -0.12392392
   2.78445958  -0.12352352
   1.59979639  -0.12352352
   1.25940094  -0.12352352
   2.78631701  -0.12312312
   1.60471953  -0.12312312
   1.26636763  -0.12312312
   2.78817926  -0.12272272
   1.60961616  -0.12272272
   1.27325180  -0.12272272
   2.79004644  -0.12232232
   1.61448710  -0.12232232
   1.28005661  -0.12232232
   2.79191863  -0.12192192
   1.61933311  -0.12192192
   1.28678501  -0.12192192
   2.79379592  -0.12152152
   1.62415497  -0.12152152
   1.29343980  -0.12152152
   2.79567841  -0.12112112
   1.62895340  -0.12112112
   1.30002365  -0.12112112
   2.79756620  -0.12072072
   1.63372909  -0.12072072
   1.30653907  -0.12072072
   2.79945938  -0.12032032
   1.63848274  -0.12032032
   1.31298846  -0.12032032
   2.80135806  -0.11991992
   1.64321499  -0.11991992
   1.31937409  -0.11991992
   2.80326233  -0.11951952
   1.64792647  -0.11951952
   1.32569811  -0.11951952
   2.80517231  -0.11911912
   1.65261779  -0.11911912
   1.33196260  -0.11911912
   2.80708810  -0.11871872
   1.65728956  -0.11871872
   1.33816950  -0.11871872
   2.80900982  -0.11831832
   1.66194233  -0.11831832
   1.34432070  -0.11831832
   2.81093758  -0.11791792
   1.66657666  -0.11791792
   1.35041798  -0.11791792
   2.81287149  -0.11751752
   1.67119309  -0.11751752
   1.35646304  -0.11751752
   2.81481168  -0.11711712
   1.67579213  -0.11711712
   1.36245752  -0.11711712
   2.81675827  -0.11671672
   1.68037430  -0.11671672
   1.36840297  -0.11671672
   2.81871138  -0.11631632
   1.68494007  -0.11631632
   1.37430089  -0.11631632
   2.82067115  -0.11591592
   1.68948993  -0.11591592
   1.38015272  -0.11591592
   2.82263772  -0.11551552
   1.69402432  -0.11551552
   1.38595981  -0.11551552
   2.82461121  -0.11511512
   1.69854371  -0.11511512
   1.39172350  -0.11511512
   2.82659177  -0.11471471
   1.70304852  -0.11471471
   1.39744504  -0.11471471
   2.82857954  -0.11431431
   1.70753917  -0.11431431
   1.40312565  -0.11431431
   2.83057468  -0.11391391
   1.71201609  -0.11391391
   1.40876649  -0.11391391
   2.83257734  -0.11351351
   1.71647965  -0.11351351
   1.41436869  -0.11351351
   2.83458767  -0.11311311
   1.72093027  -0.11311311
   1.41993334  -0.11311311
   2.83660584  -0.11271271
   1.72536831  -0.11271271
   1.42546146  -0.11271271
   2.83863201  -0.11231231
   1.72979414  -0.11231231
   1.43095406  -0.11231231
   2.84066636  -0.11191191
   1.73420812  -0.11191191
   1.43641210  -0.11191191
   2.84270907  -0.11151151
   1.73861062  -0.11151151
   1.44183653  -0.11151151
   2.84476032  -0.11111111
   1.74300195  -0.11111111
   1.44722824  -0.11111111
   2.84682029  -0.11071071
   1.74738247  -0.11071071
   1.45258809  -0.11071071
   2.84888919  -0.11031031
   1.75175250  -0.11031031
   1.45791693  -0.11031031
   2.85096721  -0.10990991
   1.75611235  -0.10990991
   1.46321556  -0.10990991
   2.85305457  -0.10950951
   1.76046235  -0.10950951
   1.46848478  -0.10950951
   2.85515147  -0.10910911
   1.76480278  -0.10910911
   1.47372533  -0.10910911
   2.85725815  -0.10870871
   1.76913396  -0.10870871
   1.47893795  -0.10870871
   2.85937482  -0.10830831
   1.77345617  -0.10830831
   1.48412336  -0.10830831
   2.86150173  -0.10790791
   1.77776970  -0.10790791
   1.48928223  -0.10790791
   2.86363912  -0.10750751
   1.78207482  -0.10750751
   1.49441524  -0.10750751
   2.86578725  -0.10710711
   1.78637181  -0.10710711
   1.49952303  -0.10710711
   2.86794638  -0.10670671
   1.79066094  -0.10670671
   1.50460624  -0.10670671
   2.87011679  -0.10630631
   1.79494248  -0.10630631
   1.50966546  -0.10630631
   2.87229875  -0.10590591
   1.79921667  -0.10590591
   1.51470128  -0.10590591
   2.87449257  -0.10550551
   1.80348378  -0.10550551
   1.51971429  -0.10550551
   2.87669854  -0.10510511
   1.80774404  -0.10510511
   1.52470504  -0.10510511
   2.87891699  -0.10470470
   1.81199771  -0.10470470
   1.52967407  -0.10470470
   2.88114824  -0.10430430
   1.81624502  -0.10430430
   1.53462190  -0.10430430
   2.88339263  -0.10390390
   1.82048621  -0.10390390
   1.53954905  -0.10390390
   2.88565053  -0.10350350
   1.82472151  -0.10350350
   1.54445602  -0.10350350
   2.88792231  -0.10310310
   1.82895115  -0.10310310
   1.54934329  -0.10310310
   2.89020834  -0.10270270
   1.83317534  -0.10270270
   1.55421132  -0.10270270
   2.89250904  -0.10230230
   1.83739432  -0.10230230
   1.55906059  -0.10230230
   2.89482483  -0.10190190
   1.84160830  -0.10190190
   1.56389154  -0.10190190
   2.89715614  -0.10150150
   1.84581748  -0.10150150
   1.56870460  -0.10150150
   2.89950344  -0.10110110
   1.85002209  -0.10110110
   1.57350021  -0.10110110
   2.90186720  -0.10070070
   1.85422232  -0.10070070
   1.57827876  -0.10070070
   2.90424793  -0.10030030
   1.85841838  -0.10030030
   1.58304068  -0.10030030
   2.90664616  -0.09989990
   1.86261048  -0.09989990
   1.58778635  -0.09989990
   2.90906243  -0.09949950
   1.86679881  -0.09949950
   1.59251616  -0.09949950
   2.91149733  -0.09909910
   1.87098357  -0.09909910
   1.59723049  -0.09909910
   2.91395146  -0.09869870
   1.87516495  -0.09869870
   1.60192970  -0.09869870
   2.91642547  -0.09829830
   1.87934315  -0.09829830
   1.60661416  -0.09829830
   2.91892002  -0.09789790
   1.88351835  -0.09789790
   1.61128421  -0.09789790
   2.92143583  -0.09749750
   1.88769073  -0.09749750
   1.61594020  -0.09749750
   2.92397365  -0.09709710
   1.89186050  -0.09709710
   1.62058247  -0.09709710
   2.92653426  -0.09669670
   1.89602781  -0.09669670
   1.62521134  -0.09669670
   2.92911850  -0.09629630
   1.90019287  -0.09629630
   1.62982713  -0.09629630
   2.93172726  -0.09589590
   1.90435585  -0.09589590
   1.63443017  -0.09589590
   2.93436147  -0.09549550
   1.90851692  -0.09549550
   1.63902075  -0.09549550
   2.93702212  -0.09509510
   1.91267626  -0.09509510
   1.64359919  -0.09509510
   2.93971027  -0.09469469
   1.91683405  -0.09469469
   1.64816577  -0.09469469
   2.94242705  -0.09429429
   1.92099046  -0.09429429
   1.65272079  -0.09429429
   2.94517365  -0.09389389
   1.92514566  -0.09389389
   1.65726453  -0.09389389
   2.94795136  -0.09349349
   1.92929982  -0.09349349
   1.66179728  -0.09349349
   2.95076154  -0.09309309
   1.93345311  -0.09309309
   1.66631929  -0.09309309
   2.95360566  -0.09269269
   1.93760569  -0.09269269
   1.67083086  -0.09269269
   2.95648530  -0.09229229
   1.94175774  -0.09229229
   1.67533223  -0.09229229
   2.95940216  -0.09189189
   1.94590942  -0.09189189
   1.67982367  -0.09189189
   2.96235805  -0.09149149
   1.95006090  -0.09149149
   1.68430543  -0.09149149
   2.96535495  -0.09109109
   1.95421233  -0.09109109
   1.68877776  -0.09109109
   2.96839502  -0.09069069
   1.95836388  -0.09069069
   1.69324091  -0.09069069
   2.97148056  -0.09029029
   1.96251572  -0.09029029
   1.69769512  -0.09029029
   2.97461411  -0.08988989
   1.96666801  -0.08988989
   1.70214062  -0.08988989
   2.97779845  -0.08948949
   1.97082090  -0.08948949
   1.70657766  -0.08948949
   2.98103660  -0.08908909
   1.97497455  -0.08908909
   1.71100646  -0.08908909
   2.98433189  -0.08868869
   1.97912913  -0.08868869
   1.71542724  -0.08868869
   2.98768802  -0.08828829
   1.98328480  -0.08828829
   1.71984024  -0.08828829
   2.99110905  -0.08788789
   1.98744172  -0.08788789
   1.72424566  -0.08788789
   2.99459955  -0.08748749
   1.99160004  -0.08748749
   1.72864373  -0.08748749
   2.99816458  -0.08708709
   1.99575992  -0.08708709
   1.73303466  -0.08708709
   3.00180986  -0.08668669
   1.99992152  -0.08668669
   1.73741865  -0.08668669
   3.00554185  -0.08628629
   2.00408500  -0.08628629
   1.74179593  -0.08628629
   3.00936792  -0.08588589
   2.00825051  -0.08588589
   1.74616668  -0.08588589
   2.01241822  -0.08548549
   3.01329648  -0.08548549
   1.75053111  -0.08548549
   2.01658829  -0.08508509
   3.01733727  -0.08508509
   1.75488943  -0.08508509
   2.02076086  -0.08468468
   3.02150163  -0.08468468
   1.75924182  -0.08468468
   2.02493611  -0.08428428
   1.76358849  -0.08428428
   3.02580290  -0.08428428
   2.02911418  -0.08388388
   1.76792961  -0.08388388
   3.03025697  -0.08388388
   2.03329524  -0.08348348
   1.77226539  -0.08348348
   3.03488298  -0.08348348
   2.03747944  -0.08308308
   1.77659600  -0.08308308
   3.03970435  -0.08308308
   2.04166695  -0.08268268
   1.78092164  -0.08268268
   3.04475029  -0.08268268
   2.04585793  -0.08228228
   1.78524249  -0.08228228
   3.05005792  -0.08228228
   2.05005253  -0.08188188
   1.78955872  -0.08188188
   3.05567576  -0.08188188
   2.05425092  -0.08148148
   1.79387052  -0.08148148
   3.06166919  -0.08148148
   2.05845325  -0.08108108
   1.79817806  -0.08108108
   3.06813012  -0.08108108
   2.06265970  -0.08068068
   1.80248152  -0.08068068
   3.07519489  -0.08068068
   2.06687042  -0.08028028
   1.80678107  -0.08028028
   3.08308184  -0.08028028
   2.07108558  -0.07987988
   1.81107689  -0.07987988
   3.09218314  -0.07987988
   2.07530533  -0.07947948
   1.81536914  -0.07947948
   3.10335637  -0.07947948
   2.07952986  -0.07907908
   1.81965799  -0.07907908
   3.11955508  -0.07907908
   2.08375932  -0.07867868
   1.82394362  -0.07867868
   2.08799388  -0.07827828
   1.82822618  -0.07827828
   2.09223371  -0.07787788
   1.83250585  -0.07787788
   2.09647899  -0.07747748
   1.83678278  -0.07747748
   2.10072987  -0.07707708
   1.84105714  -0.07707708
   2.10498654  -0.07667668
   1.84532909  -0.07667668
   2.10924917  -0.07627628
   1.84959879  -0.07627628
   2.11351793  -0.07587588
   1.85386640  -0.07587588
   2.11779300  -0.07547548
   1.85813207  -0.07547548
   2.12207456  -0.07507508
   1.86239598  -0.07507508
   2.12636278  -0.07467467
   1.86665826  -0.07467467
   2.13065786  -0.07427427
   1.87091908  -0.07427427
   2.13495997  -0.07387387
   1.87517859  -0.07387387
   2.13926931  -0.07347347
   1.87943696  -0.07347347
   2.14358605  -0.07307307
   1.88369432  -0.07307307
   2.14791039  -0.07267267
   1.88795083  -0.07267267
   2.15224252  -0.07227227
   1.89220666  -0.07227227
   2.15658263  -0.07187187
   1.89646194  -0.07187187
   2.16093092  -0.07147147
   1.90071683  -0.07147147
   2.16528759  -0.07107107
   1.90497148  -0.07107107
   2.16965285  -0.07067067
   1.90922605  -0.07067067
   2.17402689  -0.07027027
   1.91348068  -0.07027027
   2.17840992  -0.06986987
   1.91773552  -0.06986987
   2.18280215  -0.06946947
   1.92199073  -0.06946947
   2.18720379  -0.06906907
   1.92624645  -0.06906907
   2.19161507  -0.06866867
   1.93050284  -0.06866867
   2.19603619  -0.06826827
   1.93476003  -0.06826827
   2.20046739  -0.06786787
   1.93901820  -0.06786787
   2.20490888  -0.06746747
   1.94327747  -0.06746747
   2.20936090  -0.06706707
   1.94753801  -0.06706707
   1.95179997  -0.06666667
   2.21382367  -0.06666667
   1.95606349  -0.06626627
   2.21829744  -0.06626627
   1.96032872  -0.06586587
   2.22278245  -0.06586587
   1.96459582  -0.06546547
   2.22727894  -0.06546547
   1.96886494  -0.06506507
   2.23178715  -0.06506507
   1.97313622  -0.06466466
   2.23630735  -0.06466466
   1.97740983  -0.06426426
   2.24083979  -0.06426426
   1.98168590  -0.06386386
   2.24538474  -0.06386386
   1.98596461  -0.06346346
   2.24994245  -0.06346346
   1.99024609  -0.06306306
   2.25451321  -0.06306306
   1.99453051  -0.06266266
   2.25909729  -0.06266266
   1.99881802  -0.06226226
   2.26369497  -0.06226226
   2.00310877  -0.06186186
   2.26830654  -0.06186186
   2.00740292  -0.06146146
   2.27293231  -0.06146146
   2.01170063  -0.06106106
   2.27757256  -0.06106106
   2.01600206  -0.06066066
   2.28222761  -0.06066066
   2.02030736  -0.06026026
   2.28689777  -0.06026026
   2.02461670  -0.05985986
   2.29158336  -0.05985986
   2.02893023  -0.05945946
   2.29628471  -0.05945946
   2.03324812  -0.05905906
   2.30100215  -0.05905906
   2.03757054  -0.05865866
   2.30573603  -0.05865866
   2.04189764  -0.05825826
   2.31048670  -0.05825826
   2.04622960  -0.05785786
   2.31525451  -0.05785786
   2.05056657  -0.05745746
   2.32003984  -0.05745746
   2.05490874  -0.05705706
   2.32484305  -0.05705706
   2.05925626  -0.05665666
   2.32966455  -0.05665666
   2.06360932  -0.05625626
   2.33450471  -0.05625626
   2.06796808  -0.05585586
   2.33936395  -0.05585586
   2.07233272  -0.05545546
   2.34424268  -0.05545546
   2.07670342  -0.05505506
   2.34914134  -0.05505506
   2.08108035  -0.05465465
   2.35406035  -0.05465465
   2.08546370  -0.05425425
   2.35900016  -0.05425425
   2.08985365  -0.05385385
   2.36396125  -0.05385385
   2.09425039  -0.05345345
   2.36894408  -0.05345345
   2.09865410  -0.05305305
   2.37394915  -0.05305305
   2.10306496  -0.05265265
   2.37897695  -0.05265265
   2.10748318  -0.05225225
   2.38402800  -0.05225225
   2.11190895  -0.05185185
   2.38910284  -0.05185185
   2.11634246  -0.05145145
   2.39420201  -0.05145145
   2.12078391  -0.05105105
   2.39932608  -0.05105105
   2.12523350  -0.05065065
   2.40447564  -0.05065065
   2.12969144  -0.05025025
   2.40965128  -0.05025025
   2.13415794  -0.04984985
   2.41485362  -0.04984985
   2.13863320  -0.04944945
   2.42008330  -0.04944945
   2.14311744  -0.04904905
   2.42534099  -0.04904905
   2.14761089  -0.04864865
   2.43062737  -0.04864865
   2.15211374  -0.04824825
   2.43594315  -0.04824825
   2.15662624  -0.04784785
   2.44128905  -0.04784785
   2.16114861  -0.04744745
   2.44666584  -0.04744745
   2.16568108  -0.04704705
   2.45207429  -0.04704705
   2.17022388  -0.04664665
   2.45751523  -0.04664665
   2.17477726  -0.04624625
   2.46298950  -0.04624625
   2.17934146  -0.04584585
   2.46849796  -0.04584585
   2.18391672  -0.04544545
   2.47404152  -0.04544545
   2.18850329  -0.04504505
   2.47962114  -0.04504505
   2.19310144  -0.04464464
   2.48523779  -0.04464464
   2.19771143  -0.04424424
   2.49089248  -0.04424424
   2.20233352  -0.04384384
   2.49658629  -0.04384384
   2.20696798  -0.04344344
   2.50232031  -0.04344344
   2.21161510  -0.04304304
   2.50809570  -0.04304304
   2.21627515  -0.04264264
   2.51391367  -0.04264264
   2.22094842  -0.04224224
   2.51977546  -0.04224224
   2.22563521  -0.04184184
   2.52568239  -0.04184184
   2.23033581  -0.04144144
   2.53163583  -0.04144144
   2.23505054  -0.04104104
   2.53763722  -0.04104104
   2.23977972  -0.04064064
   2.54368806  -0.04064064
   2.24452365  -0.04024024
   2.54978993  -0.04024024
   2.24928267  -0.03983984
   2.55594448  -0.03983984
   2.25405712  -0.03943944
   2.56215346  -0.03943944
   2.25884733  -0.03903904
   2.56841869  -0.03903904
   2.26365367  -0.03863864
   2.57474210  -0.03863864
   2.26847648  -0.03823824
   2.58112572  -0.03823824
   2.27331615  -0.03783784
   2.58757170  -0.03783784
   2.27817305  -0.03743744
   2.59408228  -0.03743744
   2.28304756  -0.03703704
   2.60065988  -0.03703704
   2.28794009  -0.03663664
   2.60730703  -0.03663664
   2.29285104  -0.03623624
   2.61402641  -0.03623624
   2.29778084  -0.03583584
   2.62082089  -0.03583584
   2.30272991  -0.03543544
   2.62769350  -0.03543544
   2.30769869  -0.03503504
   2.63464749  -0.03503504
   2.31268765  -0.03463463
   2.64168632  -0.03463463
   2.31769725  -0.03423423
   2.64881368  -0.03423423
   2.32272796  -0.03383383
   2.65603354  -0.03383383
   2.32778029  -0.03343343
   2.66335015  -0.03343343
   2.33285474  -0.03303303
   2.67076808  -0.03303303
   2.33795185  -0.03263263
   2.67829227  -0.03263263
   2.34307214  -0.03223223
   2.68592804  -0.03223223
   2.34821618  -0.03183183
   2.69368117  -0.03183183
   2.35338454  -0.03143143
   2.70155793  -0.03143143
   2.35857783  -0.03103103
   2.70956515  -0.03103103
   2.36379664  -0.03063063
   2.71771028  -0.03063063
   2.36904162  -0.03023023
   2.72600151  -0.03023023
   2.37431341  -0.02982983
   2.73444782  -0.02982983
   2.37961271  -0.02942943
   2.74305916  -0.02942943
   2.38494020  -0.02902903
   2.75184653  -0.02902903
   2.39029662  -0.02862863
   2.76082218  -0.02862863
   2.39568271  -0.02822823
   2.76999984  -0.02822823
   2.40109925  -0.02782783
   2.77939494  -0.02782783
   2.40654706  -0.02742743
   2.78902493  -0.02742743
   2.41202696  -0.02702703
   2.79890970  -0.02702703
   2.41753984  -0.02662663
   2.80907203  -0.02662663
   2.42308660  -0.02622623
   2.81953830  -0.02622623
   2.42866818  -0.02582583
   2.83033924  -0.02582583
   2.43428555  -0.02542543
   2.84151107  -0.02542543
   2.43993974  -0.02502503
   2.85309696  -0.02502503
   2.44563182  -0.02462462
   2.86514907  -0.02462462
   2.45136288  -0.02422422
   2.87773137  -0.02422422
   2.45713409  -0.02382382
   2.89092377  -0.02382382
   2.46294665  -0.02342342
   2.90482834  -0.02342342
   2.46880183  -0.02302302
   2.91957897  -0.02302302
   2.47470095  -0.02262262
   2.93535723  -0.02262262
   2.48064540  -0.02222222
   2.95242020  -0.02222222
   2.48663661  -0.02182182
   2.97115344  -0.02182182
   2.49267613  -0.02142142
   2.99218405  -0.02142142
   2.49876553  -0.02102102
   3.01666714  -0.02102102
   2.50490651  -0.02062062
   3.04725369  -0.02062062
   2.51110083  -0.02022022
   3.09465383  -0.02022022
   2.51735035  -0.01981982
   2.52365704  -0.01941942
   2.53002296  -0.01901902
   2.53645032  -0.01861862
   2.54294144  -0.01821822
   2.54949876  -0.01781782
   2.55612491  -0.01741742
   2.56282266  -0.01701702
   2.56959496  -0.01661662
   2.57644497  -0.01621622
   2.58337604  -0.01581582
   2.59039177  -0.01541542
   2.59749603  -0.01501502
   2.60469296  -0.01461461
   2.61198702  -0.01421421
   2.61938302  -0.01381381
   2.62688615  -0.01341341
   2.63450205  -0.01301301
   2.64223684  -0.01261261
   2.65009719  -0.01221221
   2.65809038  -0.01181181
   2.66622440  -0.01141141
   2.67450801  -0.01101101
   2.68295091  -0.01061061
   2.69156383  -0.01021021
   2.70035869  -0.00980981
   2.70934884  -0.00940941
   2.71854924  -0.00900901
   2.72797679  -0.00860861
   2.73765067  -0.00820821
   2.74759280  -0.00780781
   2.75782838  -0.00740741
   2.76838666  -0.00700701
   2.77930182  -0.00660661
   2.79061424  -0.00620621
   2.80237214  -0.00580581
   2.81463383  -0.00540541
   2.82747084  -0.00500501
   2.84097246  -0.00460460
   2.85525232  -0.00420420
   2.87045863  -0.00380380
   2.88679045  -0.00340340
   2.90452525  -0.00300300
   2.92406891  -0.00260260
   2.94605551  -0.00220220
   2.97157491  -0.00180180
   3.00282587  -0.00140140
   3.04571602  -0.00100100
