0.7 0.221838 2.1819295881
0.701 0.22351 2.1852908738
0.702 0.225189 2.1889322666
0.703 0.226882 2.1910330701
0.704 0.228593 2.1955147844
0.705 0.230315 2.1988760701
0.706 0.232044 2.2012569808
0.707 0.233794 2.2051784808
0.708 0.235554 2.2074193379
0.709 0.237333 2.2110607307
0.71 0.239125 2.2133015879
0.711 0.24093 2.2155424450
0.712 0.242756 2.2198841057
0.713 0.244596 2.2232453914
0.714 0.246452 2.2268867842
0.715 0.248325 2.2294077485
0.716 0.25022 2.2333292484
0.717 0.252131 2.2351499449
0.719 0.256005 2.2414523555
0.72 0.257969 2.2438332662
0.721 0.259955 2.2460741234
0.722 0.261962 2.2512561055
0.723 0.263985 2.2551776054
0.724 0.266032 2.2590991054
0.725 0.268099 2.2597993733
0.726 0.270185 2.2630206054
0.727 0.272299 2.2672222125
0.728 0.274427 2.2703033910
0.729 0.276579 2.2731044625
0.73 0.278751 2.2739447839
0.731 0.280949 2.2781463910
0.732 0.28317 2.2822079445
0.733 0.285413 2.2851490695
0.734 0.287675 2.2879501409
0.735 0.289966 2.2918716409
0.736 0.292282 2.2952329266
0.737 0.294619 2.2988743194
0.738 0.296977 2.3019554980
0.739 0.299359 2.3033560337
0.74 0.301767 2.3061571051
0.741 0.304194 2.3093783372
0.742 0.306651 2.3127396229
0.743 0.309131 2.3169412300
0.744 0.311637 2.3205826229
0.745 0.314164 2.3228234800
0.746 0.316712 2.3267449800
0.747 0.319284 2.3285656764
0.748 0.321885 2.3309465871
0.749 0.324509 2.3340277656
0.75 0.327152 2.3383694263
0.751 0.32982 2.3417307120
0.752 0.332512 2.3452320513
0.753 0.335227 2.3470527477
0.754 0.337961 2.3494336584
0.755 0.340721 2.3541954798
0.756 0.343502 2.3575567655
0.757 0.346304 2.3617583726
0.758 0.349122 2.3627387476
0.759 0.351964 2.3658199261
0.76 0.354828 2.3687610511
0.761 0.357714 2.3724024439
0.762 0.360609 2.3735228725
0.763 0.363528 2.3777244796
0.764 0.366464 2.3822061939
0.765 0.369415 2.3851473188
0.766 0.372392 2.3887887117
0.767 0.375374 2.3908895152
0.768 0.378376 2.3939706938
0.769 0.381392 2.3978921938
0.77 0.384418 2.4001330509
0.771 0.387458 2.4025139616
0.772 0.390514 2.4057351937
0.773 0.393577 2.4095166401
0.774 0.396654 2.4145585687
0.775 0.399736 2.4160991579
0.776 0.40283 2.4193203900
0.777 0.405931 2.4222615150
0.778 0.409044 2.4259029079
0.779 0.412158 2.4287039793
0.78 0.415277 2.4320652650
0.781 0.418403 2.4345862292
0.782 0.421529 2.4362668721
0.783 0.424666 2.4414488542
0.784 0.427799 2.4441098720
0.785 0.430932 2.4462106756
0.786 0.434069 2.4509724970
0.787 0.437204 2.4537735684
0.788 0.440339 2.4579751755
0.789 0.443473 2.4599359255
0.79 0.4466 2.4623168362
0.791 0.449728 2.4646977469
0.792 0.452855 2.4686192469
0.793 0.455972 2.4717004254
0.794 0.459083 2.4756219254
0.795 0.462189 2.4795434254
0.796 0.465285 2.4813641218
0.797 0.468385 2.4848654610
0.798 0.471467 2.4885068539
0.799 0.474543 2.4910278181
0.8 0.477608 2.4938288896
0.801 0.480668 2.4966299610
0.802 0.483713 2.4995710859
0.803 0.486749 2.5023721574
0.804 0.489779 2.5064337109
0.805 0.492793 2.5090947287
0.601 0.0211103 1.8725512509
0.602 0.0226498 1.8761926437
0.603 0.0243017 1.8788536615
0.604 0.0260647 1.8812345722
0.605 0.0279519 1.8851560722
0.606 0.0299561 1.8882372507
0.607 0.0320883 1.8906181614
0.608 0.0343454 1.8959401971
0.609 0.0367213 1.8973407328
0.61 0.0392223 1.9015423399
0.611 0.041824 1.9037831971
0.612 0.0445415 1.9072845363
0.613 0.0473548 1.9106458220
0.614 0.0502491 1.9126065720
0.615 0.0532159 1.9166681256
0.616 0.0562456 1.9197493041
0.617 0.0593195 1.9231105898
0.618 0.0624259 1.9264718755
0.619 0.0655532 1.9303933755
0.62 0.0686776 1.9329143397
0.621 0.0718026 1.9357154111
0.622 0.0749102 1.9380963218
0.623 0.0779848 1.9407573397
0.624 0.0810283 1.9460793754
0.625 0.0840278 1.9477600182
0.626 0.0869783 1.9514014110
0.627 0.0898766 1.9539223753
0.628 0.0927234 1.9579839289
0.629 0.0955068 1.9606449467
0.63 0.0982405 1.9634460181
0.631 0.100905 1.9658269288
0.632 0.103518 1.9712890180
0.633 0.106065 1.9729696609
0.634 0.108562 1.9760508394
0.635 0.110999 1.9798322858
0.636 0.113381 1.9823532501
0.637 0.115711 1.9861346965
0.638 0.11799 1.9889357679
0.639 0.120223 1.9917368393
0.64 0.122407 1.9941177500
0.641 0.124543 1.9970588750
0.642 0.126644 2.0001400536
0.643 0.128702 2.0030811786
0.644 0.130718 2.0071427321
0.645 0.132702 2.0120446071
0.646 0.134653 2.0145655713
0.647 0.136564 2.0179268570
0.648 0.138449 2.0198876070
0.649 0.140303 2.0232488927
0.65 0.142129 2.0252096427
0.651 0.143929 2.0284308748
0.652 0.145712 2.0323523748
0.653 0.147462 2.0355736069
0.654 0.149196 2.0392149997
0.655 0.15091 2.0417359640
0.656 0.152608 2.0456574640
0.657 0.15428 2.0487386425
0.658 0.155942 2.0515397139
0.659 0.157585 2.0549009996
0.66 0.159215 2.0568617496
0.661 0.160834 2.0602230353
0.662 0.162442 2.0631641603
0.663 0.164034 2.0673657674
0.664 0.165618 2.0691864638
0.665 0.167195 2.0750687138
0.666 0.168763 2.0771695173
0.667 0.17032 2.0792703209
0.668 0.171874 2.0834719280
0.669 0.173421 2.0843122494
0.67 0.174963 2.0873934280
0.671 0.176499 2.0918751422
0.672 0.178034 2.0953764815
0.401 7.39072e-06 1.2511335586
0.402 7.60002e-06 1.2528142014
0.403 7.81562e-06 1.2570158085
0.404 8.03776e-06 1.2602370407
0.405 8.2666e-06 1.2630381121
0.406 8.5024e-06 1.2663993978
0.407 8.74538e-06 1.2697606835
0.408 8.99576e-06 1.2735421299
0.409 9.25379e-06 1.2755028799
0.41 9.51973e-06 1.2783039513
0.411 9.79384e-06 1.2819453441
0.412 1.00764e-05 1.2851665762
0.413 1.03677e-05 1.2874074333
0.414 1.06679e-05 1.2921692547
0.415 1.09775e-05 1.2955305404
0.416 1.12968e-05 1.2974912904
0.417 1.16259e-05 1.3002923618
0.418 1.19654e-05 1.3033735404
0.419 1.23154e-05 1.3061746118
0.42 1.26765e-05 1.3103762189
0.421 1.30489e-05 1.3140176117
0.422 1.3433e-05 1.3165385760
0.423 1.38294e-05 1.3190595403
0.424 1.42382e-05 1.3224208260
0.425 1.46601e-05 1.3257821117
0.426 1.50954e-05 1.3285831831
0.427 1.55446e-05 1.3315243080
0.428 1.60082e-05 1.3362861294
0.429 1.64866e-05 1.3379667723
0.43 1.69805e-05 1.3411880044
0.431 1.74903e-05 1.3451095044
0.432 1.80165e-05 1.3476304687
0.433 1.85598e-05 1.3498713258
0.434 1.91208e-05 1.3523922901
0.435 1.97001e-05 1.3570140579
0.436 2.02983e-05 1.3600952364
0.437 2.09161e-05 1.3637366293
0.438 2.15542e-05 1.3670979150
0.439 2.22133e-05 1.3693387721
0.44 2.28942e-05 1.3721398435
0.441 2.35976e-05 1.3756411828
0.442 2.43243e-05 1.3778820399
0.443 2.50753e-05 1.3825038077
0.444 2.58513e-05 1.3847446648
0.445 2.66534e-05 1.3881059505
0.446 2.74823e-05 1.3917473434
0.447 2.83391e-05 1.3942683076
0.448 2.92249e-05 1.3970693790
0.449 3.01406e-05 1.4004306647
0.45 3.10875e-05 1.4029516290
0.451 3.20666e-05 1.4064529683
0.452 3.30791e-05 1.4102344147
0.453 3.41264e-05 1.4138758075
0.454 3.52096e-05 1.4163967718
0.455 3.63302e-05 1.4189177360
0.456 3.74895e-05 1.4214387003
0.457 3.8689e-05 1.4245198789
0.458 3.99303e-05 1.4273209503
0.55 0.00113608 1.7116296984
0.551 0.00118981 1.7158313055
0.552 0.00124767 1.7183522697
0.553 0.00130578 1.7228339840
0.554 0.00136952 1.7264753768
0.555 0.00143484 1.7292764482
0.556 0.00150352 1.7309570911
0.557 0.00158031 1.7351586982
0.558 0.00165682 1.7373995553
0.559 0.00173843 1.7402006267
0.56 0.00182711 1.7439820731
0.561 0.0019182 1.7469231981
0.562 0.00201884 1.7511248052
0.563 0.00212319 1.7536457695
0.564 0.00223153 1.7561667338
0.565 0.00235005 1.7600882337
0.566 0.00247337 1.7635895730
0.567 0.00260562 1.7658304301
0.568 0.00274416 1.7690516623
0.569 0.00289488 1.7715726265
0.57 0.00305072 1.7756341801
0.571 0.00322424 1.7795556800
0.572 0.00340026 1.7808161622
0.573 0.00359167 1.7855779836
0.574 0.00379785 1.7892193764
0.575 0.00401693 1.7923005550
0.576 0.00424585 1.7927207157
0.577 0.00449619 1.7967822692
0.578 0.00476666 1.8008438228
0.579 0.00504649 1.8030846799
0.58 0.00535528 1.8081266084
0.581 0.00568075 1.8102274120
0.583 0.00640614 1.8165298227
0.584 0.00681194 1.8193308941
0.585 0.00724711 1.8225521262
0.586 0.00770987 1.8256333047
0.587 0.00821536 1.8294147511
0.588 0.00875347 1.8319357154
0.589 0.00933379 1.8336163583
0.59 0.00996165 1.8387983404
0.591 0.0106352 1.8408991439
0.592 0.0113669 1.8446805903
0.593 0.0121499 1.8470615010
