#--------  atom file: fe.fe  -  start   --------
       3                                                       #NL
     0.3484850       0.053030       0.010714  
      26            2.744977      2.744977
     -0.10346                                                !EF
      0.0                                            !Potential Shift
      0                                              !Swap spin
      2                                              !NS   
   333
       183.3857       -2599815       -1276368      -835500.7
      -615274.6        -483302      -395453.7      -332817.3
      -285936.4      -249557.8      -220529.4      -196845.3
      -177168.3      -160572.9      -146397.6      -134157.7
      -123489.5      -114114.9      -105817.7      -98427.17
      -91806.71      -85845.79      -80453.97      -75556.55
      -71091.29      -67005.92       -63256.2      -59804.47
      -56618.46      -53670.33      -50935.99      -48394.45
      -46027.33      -43818.52      -41753.79      -39820.53
      -38007.56       -36304.9      -34703.61      -33195.71
      -31773.97      -30431.92      -29163.67       -27963.9
      -26827.78      -25750.91      -24729.25      -23759.15
      -22837.23      -21960.41      -21125.85      -20330.94
      -19573.27      -18850.61       -18160.9      -17502.23
      -16872.85       -16271.1      -15695.46       -15144.5
       -14616.9      -14111.42       -13626.9      -13162.27
      -12716.51      -12288.68      -11877.88      -11483.28
      -11104.09      -10739.58      -10389.06      -10051.86
      -9727.374      -9415.019      -9114.246      -8824.534
      -8545.394      -8276.361      -8016.996      -7766.883
      -7525.627      -7292.855       -7068.21      -6851.356
      -6641.972      -6439.755      -6244.414      -6055.674
      -5873.272       -5696.96      -5526.498      -5361.661
       -5202.23      -5048.001      -4898.776      -4754.366
      -4614.592      -4479.282      -4348.271      -4221.403
      -4098.526      -3979.498       -3864.18      -3752.439
      -3644.151      -3539.193      -3437.449      -3338.808
      -3243.162       -3150.41      -3060.453      -2973.195
      -2888.547       -2806.42      -2726.732      -2649.401
      -2574.349      -2501.503      -2430.791      -2362.142
      -2295.492      -2230.775      -2167.931        -2106.9
      -2047.624      -1990.049      -1934.121       -1879.79
      -1827.005      -1775.719      -1725.886      -1677.462
      -1630.403      -1584.669      -1540.219      -1497.015
      -1455.019      -1414.196       -1374.51      -1335.928
      -1298.417      -1261.946      -1226.484      -1192.001
       -1158.47      -1125.862      -1094.152      -1063.312
      -1033.317      -1004.145      -975.7704      -948.1713
      -921.3254      -895.2114      -869.8086      -845.0971
      -821.0573      -797.6705      -774.9186      -752.7837
       -731.249      -710.2977      -689.9139      -670.0821
      -650.7872      -632.0146      -613.7503      -595.9805
      -578.6919      -561.8718      -545.5077      -529.5874
      -514.0991      -499.0316      -484.3737      -470.1146
      -456.2437       -442.751      -429.6264      -416.8602
       -404.443      -392.3654      -380.6186      -369.1936
      -358.0821      -347.2754      -336.7657      -326.5449
      -316.6053      -306.9395      -297.5402      -288.4004
      -279.5132       -270.872      -262.4704      -254.3022
      -246.3613      -238.6421      -231.1388      -223.8459
      -216.7583      -209.8707      -203.1782      -196.6759
      -190.3592      -184.2233      -178.2639      -172.4765
      -166.8568      -161.4007       -156.104      -150.9626
      -145.9726      -141.1301      -136.4312      -131.8721
      -127.4491      -123.1585      -118.9966      -114.9599
       -111.045      -107.2483      -103.5665      -99.99629
      -96.53442      -93.17773      -89.92316      -86.76773
      -83.70853      -80.74276      -77.86774      -75.08085
      -72.37962      -69.76164      -67.22463       -64.7664
      -62.38485      -60.07797      -57.84382      -55.68052
      -53.58625      -51.55919      -49.59758      -47.69965
      -45.86362      -44.08771      -42.37016      -40.70918
        -39.103      -37.54985      -36.04804      -34.59587
      -33.19175      -31.83413      -30.52155      -29.25264
      -28.02609      -26.84071      -25.69537      -24.58902
      -23.52067      -22.48939      -21.49433      -20.53464
      -19.60951      -18.71821      -17.85997      -17.03404
       -16.2397      -15.47624      -14.74292        -14.039
      -13.36375      -12.71644       -12.0963      -11.50256
      -10.93447      -10.39125      -9.872102      -9.376243
      -8.902893      -8.451253      -8.020531      -7.609946
      -7.218728      -6.846098      -6.491301        -6.1536
      -5.832267      -5.526588      -5.235875      -4.959469
      -4.696716      -4.446995      -4.209712        -3.9843
      -3.770205      -3.566908      -3.373925      -3.190781
      -3.017031       -2.85226       -2.69608      -2.548111
      -2.408002      -2.275436      -2.150097      -2.031689
      -1.919941      -1.814602      -1.715414      -1.622146
      -1.534589      -1.452525       -1.37575       -1.30408
      -1.237342      -1.175352      -1.117949       -1.06499
      -1.016323      -0.971809     -0.9313278     -0.8947686
     -0.8620134      -0.832965     -0.8075478     -0.7856717
     -0.7672634     -0.7522671     -0.7406299     -0.7322826
      -0.727221
   333
        183.384       -2599815       -1276368      -835500.7
      -615274.6        -483302      -395453.7      -332817.3
      -285936.5      -249557.8      -220529.4      -196845.3
      -177168.3      -160572.9      -146397.6      -134157.7
      -123489.5      -114114.9      -105817.7      -98427.18
      -91806.72      -85845.79      -80453.97      -75556.55
      -71091.29      -67005.92       -63256.2      -59804.48
      -56618.46      -53670.34      -50935.99      -48394.45
      -46027.34      -43818.53      -41753.79      -39820.54
      -38007.56       -36304.9      -34703.62      -33195.71
      -31773.97      -30431.92      -29163.67      -27963.91
      -26827.79      -25750.91      -24729.25      -23759.15
      -22837.23      -21960.41      -21125.85      -20330.94
      -19573.27      -18850.61       -18160.9      -17502.24
      -16872.85       -16271.1      -15695.46       -15144.5
       -14616.9      -14111.42       -13626.9      -13162.27
      -12716.51      -12288.68      -11877.88      -11483.28
      -11104.09      -10739.58      -10389.06      -10051.86
      -9727.376      -9415.021      -9114.247      -8824.536
      -8545.396      -8276.363      -8016.998      -7766.885
      -7525.629      -7292.856      -7068.211      -6851.357
      -6641.973      -6439.756      -6244.415      -6055.675
      -5873.274      -5696.961        -5526.5      -5361.662
      -5202.232      -5048.003      -4898.777      -4754.367
      -4614.593      -4479.283      -4348.272      -4221.404
      -4098.528      -3979.499      -3864.181      -3752.441
      -3644.152      -3539.194       -3437.45      -3338.809
      -3243.164      -3150.411      -3060.454      -2973.196
      -2888.548      -2806.422      -2726.733      -2649.402
      -2574.351      -2501.504      -2430.792      -2362.143
      -2295.493      -2230.776      -2167.932      -2106.901
      -2047.625       -1990.05      -1934.122      -1879.791
      -1827.006       -1775.72      -1725.887      -1677.463
      -1630.404       -1584.67       -1540.22      -1497.016
       -1455.02      -1414.197      -1374.511      -1335.929
      -1298.418      -1261.946      -1226.484      -1192.002
      -1158.471      -1125.863      -1094.152      -1063.312
      -1033.318      -1004.146      -975.7713      -948.1721
      -921.3262      -895.2122      -869.8095      -845.0979
      -821.0581      -797.6714      -774.9194      -752.7845
      -731.2497      -710.2985      -689.9147      -670.0828
      -650.7879      -632.0153      -613.7509      -595.9811
      -578.6925      -561.8723      -545.5081      -529.5877
      -514.0994      -499.0318      -484.3737      -470.1145
      -456.2435      -442.7506      -429.6258      -416.8594
      -404.4419      -392.3641       -380.617      -369.1918
      -358.0798      -347.2728      -336.7627      -326.5414
      -316.6014      -306.9351      -297.5353      -288.3949
       -279.507      -270.8652      -262.4628      -254.2939
      -246.3523      -238.6321      -231.1279      -223.8341
      -216.7454      -209.8568      -203.1631      -196.6595
      -190.3414      -184.2041      -178.2432      -172.4542
      -166.8327      -161.3748      -156.0761      -150.9326
      -145.9403      -141.0953      -136.3938      -131.8319
      -127.4059       -123.112      -118.9467      -114.9063
      -110.9873      -107.1863      -103.4999      -99.92472
      -96.45752      -93.09512      -89.83443      -86.67244
      -83.60624        -80.633      -77.75002      -74.95469
      -72.24452      -69.61714      -67.07026      -64.60175
      -62.20957      -59.89177       -57.6465      -55.47202
      -53.36662      -51.32865      -49.35649      -47.44856
      -45.60321      -43.81883      -42.09377      -40.42632
      -38.81477      -37.25739      -35.75245      -34.29823
      -32.89305      -31.53529      -30.22338      -28.95584
      -27.73127      -26.54838      -25.40594      -24.30281
      -23.23794      -22.21034      -21.21909       -20.2633
      -19.34214      -18.45481      -17.60055      -16.77858
      -15.98816      -15.22857      -14.49907      -13.79891
      -13.12735      -12.48366      -11.86708      -11.27683
      -10.71217      -10.17231      -9.656469      -9.163865
      -8.693723      -8.245248      -7.817656      -7.410174
      -7.022038      -6.652479       -6.30075      -5.966125
      -5.647886      -5.345332      -5.057786      -4.784604
      -4.525144      -4.278801      -4.044997       -3.82318
      -3.612814      -3.413397       -3.22446      -3.045545
      -2.876222      -2.716089       -2.56477      -2.421892
      -2.287109      -2.160104      -2.040554      -1.928152
      -1.822609      -1.723652       -1.63099      -1.544357
      -1.463503      -1.388166      -1.318096      -1.253059
      -1.192835      -1.137195      -1.085935      -1.038873
     -0.9958237     -0.9566194     -0.9211146     -0.8891798
     -0.8606837     -0.8355188     -0.8136035     -0.7948455
     -0.7791717      -0.766529      -0.756869     -0.7501277
     -0.7463086
