#  Bulk results for: Pd, IVXC=0, NK=   60
     3                                                      # NL
    .3484850       .5303000E-01   .1071400E-01
    46.00000       2.872900       2.872900                  # AZ, WSR
   -.1207504                                                # Fermi Energy
     .0E+00                                                 # Pot.Shift
     0                                                      # SW
     2                                                      # NS
   400                                                      #     Pd     IS=1
    .0000000E+00  -4599576.      -2265808.      -1488215.    
   -1099662.      -866722.5      -711587.6      -600910.2    
   -518017.2      -453645.6      -402237.6      -360256.5    
   -325344.6      -295869.4      -270665.2      -248876.8    
   -229863.0      -213133.6      -198307.0      -185082.4    
   -173218.7      -162521.0      -152829.9      -144013.5    
   -135962.0      -128583.3      -121799.4      -115543.6    
   -109759.2      -104396.9      -99414.32      -94774.28    
   -90444.41      -86396.22      -82604.58      -79047.25    
   -75704.43      -72558.51      -69593.70      -66795.84    
   -64152.21      -61651.32      -59282.76      -57037.13    
   -54905.84      -52881.12      -50955.83      -49123.46    
   -47378.05      -45714.13      -44126.65      -42610.98    
   -41162.83      -39778.26      -38453.60      -37185.47    
   -35970.70      -34806.38      -33689.79      -32618.38    
   -31589.80      -30601.84      -29652.42      -28739.63    
   -27861.64      -27016.77      -26203.42      -25420.09    
   -24665.38      -23937.96      -23236.58      -22560.08    
   -21907.33      -21277.29      -20668.97      -20081.44    
   -19513.81      -18965.23      -18434.92      -17922.13    
   -17426.13      -16946.24      -16481.83      -16032.28    
   -15597.00      -15175.44      -14767.08      -14371.41    
   -13987.94      -13616.23      -13255.84      -12906.34    
   -12567.35      -12238.48      -11919.37      -11609.66    
   -11309.04      -11017.18      -10733.78      -10458.54    
   -10191.19      -9931.452      -9679.079      -9433.821    
   -9195.442      -8963.714      -8738.420      -8519.351    
   -8306.306      -8099.091      -7897.520      -7701.415    
   -7510.603      -7324.920      -7144.205      -6968.306    
   -6797.074      -6630.368      -6468.049      -6309.986    
   -6156.051      -6006.121      -5860.078      -5717.806    
   -5579.195      -5444.138      -5312.532      -5184.278    
   -5059.279      -4937.442      -4818.678      -4702.899    
   -4590.021      -4479.963      -4372.646      -4267.995    
   -4165.935      -4066.395      -3969.306      -3874.601    
   -3782.215      -3692.087      -3604.154      -3518.358    
   -3434.641      -3352.950      -3273.229      -3195.426    
   -3119.493      -3045.378      -2973.036      -2902.420    
   -2833.485      -2766.188      -2700.486      -2636.341    
   -2573.710      -2512.557      -2452.844      -2394.534    
   -2337.593      -2281.986      -2227.680      -2174.644    
   -2122.845      -2072.253      -2022.839      -1974.573    
   -1927.429      -1881.379      -1836.396      -1792.455    
   -1749.530      -1707.598      -1666.634      -1626.615    
   -1587.519      -1549.324      -1512.009      -1475.552    
   -1439.933      -1405.133      -1371.132      -1337.910    
   -1305.451      -1273.735      -1242.746      -1212.466    
   -1182.879      -1153.969      -1125.720      -1098.116    
   -1071.143      -1044.786      -1019.032      -993.8659    
   -969.2750      -945.2462      -921.7669      -898.8247    
   -876.4077      -854.5042      -833.1028      -812.1924    
   -791.7623      -771.8018      -752.3008      -733.2490    
   -714.6368      -696.4546      -678.6929      -661.3426    
   -644.3947      -627.8404      -611.6712      -595.8786    
   -580.4543      -565.3902      -550.6785      -536.3113    
   -522.2810      -508.5801      -495.2015      -482.1378    
   -469.3820      -456.9274      -444.7672      -432.8949    
   -421.3039      -409.9882      -398.9416      -388.1581    
   -377.6319      -367.3574      -357.3291      -347.5417    
   -337.9899      -328.6687      -319.5731      -310.6983    
   -302.0396      -293.5925      -285.3523      -277.3148    
   -269.4755      -261.8304      -254.3751      -247.1056    
   -240.0178      -233.1077      -226.3715      -219.8053    
   -213.4052      -207.1676      -201.0888      -195.1654    
   -189.3937      -183.7706      -178.2926      -172.9567    
   -167.7598      -162.6988      -157.7710      -152.9735    
   -148.3036      -143.7588      -139.3363      -135.0338    
   -130.8487      -126.7787      -122.8214      -118.9744    
   -115.2355      -111.6023      -108.0725      -104.6440    
   -101.3143      -98.08124      -94.94254      -91.89591    
   -88.93907      -86.06974      -83.28566      -80.58454    
   -77.96413      -75.42217      -72.95644      -70.56470    
   -68.24479      -65.99454      -63.81184      -61.69461    
   -59.64085      -57.64858      -55.71590      -53.84098    
   -52.02206      -50.25744      -48.54552      -46.88474    
   -45.27367      -43.71091      -42.19516      -40.72516    
   -39.29973      -37.91774      -36.57809      -35.27971    
   -34.02155      -32.80257      -31.62173      -30.47797    
   -29.37024      -28.29748      -27.25860      -26.25253    
   -25.27821      -24.33458      -23.42064      -22.53539    
   -21.67789      -20.84726      -20.04265      -19.26329    
   -18.50843      -17.77741      -17.06958      -16.38436    
   -15.72120      -15.07958      -14.45901      -13.85904    
   -13.27920      -12.71909      -12.17826      -11.65632    
   -11.15285      -10.66745      -10.19972      -9.749242    
   -9.315619      -8.898440      -8.497291      -8.111760    
   -7.741428      -7.385877      -7.044687      -6.717435    
   -6.403702      -6.103067      -5.815113      -5.539426    
   -5.275595      -5.023215      -4.781886      -4.551215    
   -4.330816      -4.120314      -3.919340      -3.727534    
   -3.544549      -3.370047      -3.203699      -3.045189    
   -2.894212      -2.750473      -2.613689      -2.483588    
   -2.359909      -2.242403      -2.130830      -2.024961    
   -1.924579      -1.829474      -1.739449      -1.654315    
   -1.573891      -1.498007      -1.426500      -1.359215    
   -1.296006      -1.236733      -1.181266      -1.129478    
   -1.081253      -1.036479      -.9950492      -.9568658    
   -.9218347      -.8898681      -.8608834      -.8348033    
   -.8115557      -.7910732      -.7732935      -.7581585    
   -.7456150      -.7356138      -.7281102      -.7230633    
   400                                                      #     Pd     IS=2
    .0000000E+00  -4599576.      -2265808.      -1488215.    
   -1099662.      -866722.5      -711587.6      -600910.2    
   -518017.2      -453645.6      -402237.6      -360256.5    
   -325344.6      -295869.4      -270665.2      -248876.8    
   -229863.0      -213133.6      -198307.0      -185082.4    
   -173218.7      -162521.0      -152829.9      -144013.5    
   -135962.0      -128583.3      -121799.4      -115543.6    
   -109759.2      -104396.9      -99414.32      -94774.28    
   -90444.41      -86396.22      -82604.58      -79047.25    
   -75704.43      -72558.51      -69593.70      -66795.84    
   -64152.21      -61651.32      -59282.76      -57037.13    
   -54905.84      -52881.12      -50955.83      -49123.46    
   -47378.05      -45714.13      -44126.65      -42610.98    
   -41162.83      -39778.26      -38453.60      -37185.47    
   -35970.70      -34806.38      -33689.79      -32618.38    
   -31589.80      -30601.84      -29652.42      -28739.63    
   -27861.64      -27016.77      -26203.42      -25420.09    
   -24665.38      -23937.96      -23236.58      -22560.08    
   -21907.33      -21277.29      -20668.97      -20081.44    
   -19513.81      -18965.23      -18434.92      -17922.13    
   -17426.13      -16946.24      -16481.83      -16032.28    
   -15597.00      -15175.44      -14767.08      -14371.41    
   -13987.94      -13616.23      -13255.84      -12906.34    
   -12567.35      -12238.48      -11919.37      -11609.66    
   -11309.04      -11017.18      -10733.78      -10458.54    
   -10191.19      -9931.452      -9679.079      -9433.821    
   -9195.442      -8963.714      -8738.420      -8519.351    
   -8306.306      -8099.091      -7897.520      -7701.415    
   -7510.603      -7324.920      -7144.205      -6968.306    
   -6797.074      -6630.368      -6468.049      -6309.986    
   -6156.051      -6006.121      -5860.078      -5717.806    
   -5579.195      -5444.138      -5312.532      -5184.278    
   -5059.279      -4937.442      -4818.678      -4702.899    
   -4590.021      -4479.963      -4372.646      -4267.995    
   -4165.935      -4066.395      -3969.306      -3874.601    
   -3782.215      -3692.087      -3604.154      -3518.358    
   -3434.641      -3352.950      -3273.229      -3195.426    
   -3119.493      -3045.378      -2973.036      -2902.420    
   -2833.485      -2766.188      -2700.486      -2636.341    
   -2573.710      -2512.557      -2452.844      -2394.534    
   -2337.593      -2281.986      -2227.680      -2174.644    
   -2122.845      -2072.253      -2022.839      -1974.573    
   -1927.429      -1881.379      -1836.396      -1792.455    
   -1749.530      -1707.598      -1666.634      -1626.615    
   -1587.519      -1549.324      -1512.009      -1475.552    
   -1439.933      -1405.133      -1371.132      -1337.910    
   -1305.451      -1273.735      -1242.746      -1212.466    
   -1182.879      -1153.969      -1125.720      -1098.116    
   -1071.143      -1044.786      -1019.032      -993.8659    
   -969.2750      -945.2462      -921.7669      -898.8247    
   -876.4077      -854.5042      -833.1028      -812.1924    
   -791.7623      -771.8018      -752.3008      -733.2490    
   -714.6368      -696.4546      -678.6929      -661.3426    
   -644.3947      -627.8404      -611.6712      -595.8786    
   -580.4543      -565.3902      -550.6785      -536.3113    
   -522.2810      -508.5801      -495.2015      -482.1378    
   -469.3820      -456.9274      -444.7672      -432.8949    
   -421.3039      -409.9882      -398.9416      -388.1581    
   -377.6319      -367.3574      -357.3291      -347.5417    
   -337.9899      -328.6687      -319.5731      -310.6983    
   -302.0396      -293.5925      -285.3523      -277.3148    
   -269.4755      -261.8304      -254.3751      -247.1056    
   -240.0178      -233.1077      -226.3715      -219.8053    
   -213.4052      -207.1676      -201.0888      -195.1654    
   -189.3937      -183.7706      -178.2926      -172.9567    
   -167.7598      -162.6988      -157.7710      -152.9735    
   -148.3036      -143.7588      -139.3363      -135.0338    
   -130.8487      -126.7787      -122.8214      -118.9744    
   -115.2355      -111.6023      -108.0725      -104.6440    
   -101.3143      -98.08124      -94.94254      -91.89591    
   -88.93907      -86.06974      -83.28566      -80.58454    
   -77.96413      -75.42217      -72.95644      -70.56470    
   -68.24479      -65.99454      -63.81184      -61.69461    
   -59.64085      -57.64858      -55.71590      -53.84098    
   -52.02206      -50.25744      -48.54552      -46.88474    
   -45.27367      -43.71091      -42.19516      -40.72516    
   -39.29973      -37.91774      -36.57809      -35.27971    
   -34.02155      -32.80257      -31.62173      -30.47797    
   -29.37024      -28.29748      -27.25860      -26.25253    
   -25.27821      -24.33458      -23.42064      -22.53539    
   -21.67789      -20.84726      -20.04265      -19.26329    
   -18.50843      -17.77741      -17.06958      -16.38436    
   -15.72120      -15.07958      -14.45901      -13.85904    
   -13.27920      -12.71909      -12.17826      -11.65632    
   -11.15285      -10.66745      -10.19972      -9.749242    
   -9.315619      -8.898440      -8.497291      -8.111760    
   -7.741428      -7.385877      -7.044687      -6.717435    
   -6.403702      -6.103067      -5.815113      -5.539426    
   -5.275595      -5.023215      -4.781886      -4.551215    
   -4.330816      -4.120314      -3.919340      -3.727534    
   -3.544549      -3.370047      -3.203699      -3.045189    
   -2.894212      -2.750473      -2.613689      -2.483588    
   -2.359909      -2.242403      -2.130830      -2.024961    
   -1.924579      -1.829474      -1.739449      -1.654315    
   -1.573891      -1.498007      -1.426500      -1.359215    
   -1.296006      -1.236733      -1.181266      -1.129478    
   -1.081253      -1.036479      -.9950492      -.9568658    
   -.9218347      -.8898681      -.8608834      -.8348033    
   -.8115557      -.7910732      -.7732935      -.7581585    
   -.7456150      -.7356138      -.7281102      -.7230635    
 XXXXXXXXXXXXXXXXXXXXXXXXXXXXXXXXXXXXXXXXXXXX
                                                      Pd           IS=1
   -.4888191      -.3634975      -.3151040    
   -.3207464       .6700656      -.2985344    
    .1615891       .1582326       .1727936E-01
    .4311554       .1181359       .6454030E-02
    .4932451E-01   .2548788E-01   1.153795    
   -.5146898       .4798508      -2.560007    
    .3594151      -.4371074      -.1195162    
   -.1428955       .1017943       .5937669    
                                                      Pd           IS=2
   -.4888191      -.3634975      -.3151040    
   -.3207464       .6700656      -.2985344    
    .1615891       .1582326       .1727936E-01
    .4311554       .1181359       .6454030E-02
    .4932451E-01   .2548788E-01   1.153795    
   -.5146898       .4798508      -2.560007    
    .3594151      -.4371074      -.1195162    
   -.1428955       .1017943       .5937669    
     8                                                Pd          
     1    0    0
   -1773.112      -1773.112    
     2    0    0
   -258.9250      -258.9250    
     2    1    0
   -232.2436      -232.2436    
     3    0    0
   -46.67568      -46.67568    
     3    1    0
   -37.91573      -37.91573    
     3    2    0
   -23.97492      -23.97492    
     4    0    0
   -6.297801      -6.297801    
     4    1    0
   -3.785913      -3.785913    
