#--------  atom file: sc.sc  -  start   --------
       3                                                       #NL
     0.3484850       0.053030       0.010714  
      21             3.30000        3.300000
     -0.09296                                                !EF
      0.0                                            !Potential Shift
      0                                              !Swap spin
      2                                              !NS   
   331
       133.7485       -2099866       -1030218      -673913.4
      -495941.6      -389300.1      -318321.6        -267720
      -229852.5      -200472.9      -177033.6      -157913.5
      -142031.7      -128640.1      -117204.3      -107332.3
      -98730.28      -91173.44      -84487.02      -78533.03
       -73201.1       -68401.9      -64062.33      -60122.02
      -56530.67      -53246.04      -50232.38      -47459.26
      -44900.59       -42533.9       -40339.7      -38301.04
      -36403.07      -34632.78      -32978.66      -31430.53
      -29979.36      -28617.09       -27336.5      -26131.13
      -24995.16      -23923.36      -22910.97       -21953.7
      -21047.64      -20189.24      -19375.25      -18602.72
      -17868.91      -17171.35      -16507.75      -15875.98
      -15274.12      -14700.36      -14153.05      -13630.64
      -13131.72      -12654.95       -12199.1      -11763.03
      -11345.67      -10946.02      -10563.16       -10196.2
      -9844.341      -9506.812        -9182.9      -8871.931
      -8573.274      -8286.336      -8010.559      -7745.415
      -7490.409      -7245.073      -7008.966      -6781.671
      -6562.793       -6351.96      -6148.819      -5953.036
      -5764.293      -5582.291      -5406.745      -5237.384
      -5073.951      -4916.203      -4763.906      -4616.842
      -4474.798      -4337.576      -4204.984      -4076.841
      -3952.974      -3833.217      -3717.413      -3605.412
      -3497.069      -3392.247      -3290.815      -3192.648
      -3097.625      -3005.631      -2916.557      -2830.298
      -2746.751      -2665.822      -2587.417      -2511.447
      -2437.827      -2366.477      -2297.316      -2230.271
      -2165.268      -2102.239      -2041.117      -1981.838
       -1924.34      -1868.564      -1814.454      -1761.954
      -1711.012      -1661.578      -1613.602      -1567.037
      -1521.839      -1477.964       -1435.37      -1394.015
      -1353.863      -1314.874      -1277.013      -1240.244
      -1204.534       -1169.85      -1136.161      -1103.437
      -1071.648      -1040.765      -1010.763      -981.6131
       -953.291      -925.7717      -899.0315      -873.0471
      -847.7963      -823.2574      -799.4095      -776.2324
      -753.7065      -731.8127      -710.5328       -689.849
      -669.7439      -650.2009      -631.2039      -612.7372
      -594.7855      -577.3343      -560.3691      -543.8763
      -527.8425      -512.2546      -497.1002      -482.3671
      -468.0435      -454.1179      -440.5795      -427.4173
      -414.6211      -402.1809      -390.0869      -378.3297
      -366.9003      -355.7897      -344.9894      -334.4911
      -324.2868      -314.3686       -304.729      -295.3606
      -286.2562      -277.4087      -268.8115      -260.4577
       -252.341      -244.4549      -236.7934      -229.3502
      -222.1196      -215.0956      -208.2728      -201.6456
      -195.2087      -188.9568       -182.885      -176.9883
       -171.262      -165.7014      -160.3023      -155.0601
       -149.971      -145.0307      -140.2354      -135.5815
      -131.0653      -126.6832      -122.4319      -118.3081
      -114.3086      -110.4303        -106.67      -103.0249
      -99.49205      -96.06854       -92.7516      -89.53845
      -86.42637      -83.41269      -80.49473       -77.6699
      -74.93558      -72.28922      -69.72829      -67.25028
      -64.85272      -62.53316       -60.2892      -58.11847
      -56.01863      -53.98742       -52.0226      -50.12199
      -48.28348      -46.50502      -44.78461      -43.12037
      -41.51047      -39.95316       -38.4468      -36.98982
      -35.58075      -34.21821      -32.90092      -31.62766
       -30.3973      -29.20877      -28.06103       -26.9531
      -25.88399      -24.85272      -23.85827      -22.89957
      -21.97554      -21.08504      -20.22687      -19.39983
      -18.60272      -17.83431      -17.09344      -16.37897
      -15.68985      -15.02508      -14.38374      -13.76498
      -13.16804      -12.59221      -12.03687      -11.50141
       -10.9853      -10.48805      -10.00919      -9.548251
      -9.104818      -8.678482      -8.268822      -7.875424
      -7.497882      -7.135797      -6.788744      -6.456299
       -6.13804      -5.833547      -5.542377      -5.264089
      -4.998244       -4.74441      -4.502139      -4.270993
      -4.050539      -3.840361      -3.640033      -3.449148
      -3.267314      -3.094159       -2.92931      -2.772422
      -2.623167      -2.481245      -2.346358       -2.21824
      -2.096644      -1.981349      -1.872137      -1.768816
      -1.671215      -1.579171      -1.492522      -1.411118
      -1.334819      -1.263474      -1.196922      -1.135005
      -1.077563      -1.024412      -0.975368     -0.9302448
      -0.888863     -0.8510296     -0.8165667     -0.7853078
     -0.7571008     -0.7317985     -0.7092744     -0.6894211
     -0.6721441     -0.6573579     -0.6449941     -0.6350023
     -0.6273319     -0.6219328     -0.6187948
   331
       133.7485       -2099866       -1030218      -673913.4
      -495941.6      -389300.1      -318321.6        -267720
      -229852.5      -200472.9      -177033.6      -157913.5
      -142031.7      -128640.1      -117204.3      -107332.3
      -98730.28      -91173.44      -84487.02      -78533.03
       -73201.1       -68401.9      -64062.33      -60122.02
      -56530.67      -53246.04      -50232.38      -47459.26
      -44900.59       -42533.9       -40339.7      -38301.04
      -36403.07      -34632.78      -32978.66      -31430.53
      -29979.36      -28617.09       -27336.5      -26131.13
      -24995.16      -23923.36      -22910.97       -21953.7
      -21047.64      -20189.24      -19375.25      -18602.72
      -17868.91      -17171.35      -16507.75      -15875.98
      -15274.12      -14700.36      -14153.05      -13630.64
      -13131.72      -12654.95       -12199.1      -11763.03
      -11345.67      -10946.02      -10563.16       -10196.2
      -9844.341      -9506.812        -9182.9      -8871.931
      -8573.274      -8286.336      -8010.559      -7745.415
      -7490.409      -7245.073      -7008.966      -6781.671
      -6562.793       -6351.96      -6148.819      -5953.036
      -5764.293      -5582.291      -5406.745      -5237.384
      -5073.951      -4916.203      -4763.906      -4616.842
      -4474.798      -4337.576      -4204.984      -4076.841
      -3952.974      -3833.217      -3717.413      -3605.412
      -3497.069      -3392.247      -3290.815      -3192.648
      -3097.625      -3005.631      -2916.557      -2830.298
      -2746.751      -2665.822      -2587.417      -2511.447
      -2437.827      -2366.477      -2297.316      -2230.271
      -2165.268      -2102.239      -2041.117      -1981.838
       -1924.34      -1868.564      -1814.454      -1761.954
      -1711.012      -1661.578      -1613.602      -1567.037
      -1521.839      -1477.964       -1435.37      -1394.015
      -1353.863      -1314.874      -1277.013      -1240.244
      -1204.534       -1169.85      -1136.161      -1103.437
      -1071.648      -1040.765      -1010.763      -981.6131
       -953.291      -925.7717      -899.0315      -873.0471
      -847.7963      -823.2574      -799.4095      -776.2324
      -753.7065      -731.8127      -710.5328       -689.849
      -669.7439      -650.2009      -631.2039      -612.7372
      -594.7855      -577.3343      -560.3691      -543.8763
      -527.8425      -512.2546      -497.1002      -482.3671
      -468.0435      -454.1179      -440.5795      -427.4173
      -414.6211      -402.1809      -390.0869      -378.3297
      -366.9003      -355.7897      -344.9894      -334.4911
      -324.2868      -314.3686       -304.729      -295.3606
      -286.2562      -277.4087      -268.8115      -260.4577
       -252.341      -244.4549      -236.7934      -229.3502
      -222.1196      -215.0956      -208.2728      -201.6456
      -195.2087      -188.9568       -182.885      -176.9883
       -171.262      -165.7014      -160.3023      -155.0601
       -149.971      -145.0307      -140.2354      -135.5815
      -131.0653      -126.6832      -122.4319      -118.3081
      -114.3086      -110.4303        -106.67      -103.0249
      -99.49205      -96.06854       -92.7516      -89.53845
      -86.42637      -83.41269      -80.49473       -77.6699
      -74.93558      -72.28922      -69.72829      -67.25028
      -64.85272      -62.53316       -60.2892      -58.11847
      -56.01863      -53.98742       -52.0226      -50.12199
      -48.28348      -46.50502      -44.78461      -43.12037
      -41.51047      -39.95316       -38.4468      -36.98982
      -35.58075      -34.21821      -32.90092      -31.62766
       -30.3973      -29.20877      -28.06103       -26.9531
      -25.88399      -24.85272      -23.85827      -22.89957
      -21.97554      -21.08504      -20.22687      -19.39983
      -18.60272      -17.83431      -17.09344      -16.37897
      -15.68985      -15.02508      -14.38374      -13.76498
      -13.16804      -12.59221      -12.03687      -11.50141
       -10.9853      -10.48805      -10.00919      -9.548251
      -9.104818      -8.678482      -8.268822      -7.875424
      -7.497882      -7.135797      -6.788744      -6.456299
       -6.13804      -5.833547      -5.542377      -5.264089
      -4.998244       -4.74441      -4.502139      -4.270993
      -4.050539      -3.840361      -3.640033      -3.449148
      -3.267314      -3.094159       -2.92931      -2.772422
      -2.623167      -2.481245      -2.346358       -2.21824
      -2.096644      -1.981349      -1.872137      -1.768816
      -1.671215      -1.579171      -1.492522      -1.411118
      -1.334819      -1.263474      -1.196922      -1.135005
      -1.077563      -1.024412      -0.975368     -0.9302448
      -0.888863     -0.8510296     -0.8165667     -0.7853078
     -0.7571008     -0.7317985     -0.7092744     -0.6894211
     -0.6721441     -0.6573579     -0.6449941     -0.6350023
     -0.6273319     -0.6219328     -0.6187948
