#  Bulk results for: vac, IVXC=0, NK=   30
     3                                                      # NL
   0.3484850      0.5303000E-01  0.1071400E-01
    0.000000       2.897364       2.897364                  # AZ, WSR
  -0.3072191E-01   0.000000                                  # Fermi.En, Mag.Mom
   0.0000000E+00                                            # Pot.Shift
     0                                                      # SW
     2                                                      # NS
   400                                                      #     vac    IS=1
    0.000000       0.00000        0.000000       0.000000    
    0.000000       0.00000        0.000000       0.000000    
    0.000000       0.00000        0.000000       0.000000    
    0.000000       0.00000        0.000000       0.000000    
    0.000000       0.00000        0.000000       0.000000    
    0.000000       0.00000        0.000000       0.000000    
    0.000000       0.00000        0.000000       0.000000    
    0.000000       0.00000        0.000000       0.000000    
    0.000000       0.00000        0.000000       0.000000    
    0.000000       0.00000        0.000000       0.000000    
    0.000000       0.00000        0.000000       0.000000    
    0.000000       0.00000        0.000000       0.000000    
    0.000000       0.00000        0.000000       0.000000    
    0.000000       0.00000        0.000000       0.000000    
    0.000000       0.00000        0.000000       0.000000    
    0.000000       0.00000        0.000000       0.000000    
    0.000000       0.00000        0.000000       0.000000    
    0.000000       0.00000        0.000000       0.000000    
    0.000000       0.00000        0.000000       0.000000    
    0.000000       0.00000        0.000000       0.000000    
    0.000000       0.00000        0.000000       0.000000    
    0.000000       0.00000        0.000000       0.000000    
    0.000000       0.00000        0.000000       0.000000    
    0.000000       0.00000        0.000000       0.000000    
    0.000000       0.00000        0.000000       0.000000    
    0.000000       0.00000        0.000000       0.000000    
    0.000000       0.00000        0.000000       0.000000    
    0.000000       0.00000        0.000000       0.000000    
    0.000000       0.00000        0.000000       0.000000    
    0.000000       0.00000        0.000000       0.000000    
    0.000000       0.00000        0.000000       0.000000    
    0.000000       0.00000        0.000000       0.000000    
    0.000000       0.00000        0.000000       0.000000    
    0.000000       0.00000        0.000000       0.000000    
    0.000000       0.00000        0.000000       0.000000    
    0.000000       0.00000        0.000000       0.000000    
    0.000000       0.00000        0.000000       0.000000    
    0.000000       0.00000        0.000000       0.000000    
    0.000000       0.00000        0.000000       0.000000    
    0.000000       0.00000        0.000000       0.000000    
    0.000000       0.00000        0.000000       0.000000    
    0.000000       0.00000        0.000000       0.000000    
    0.000000       0.00000        0.000000       0.000000    
    0.000000       0.00000        0.000000       0.000000    
    0.000000       0.00000        0.000000       0.000000    
    0.000000       0.00000        0.000000       0.000000    
    0.000000       0.00000        0.000000       0.000000    
    0.000000       0.00000        0.000000       0.000000    
    0.000000       0.00000        0.000000       0.000000    
    0.000000       0.00000        0.000000       0.000000    
    0.000000       0.00000        0.000000       0.000000    
    0.000000       0.00000        0.000000       0.000000    
    0.000000       0.00000        0.000000       0.000000    
    0.000000       0.00000        0.000000       0.000000    
    0.000000       0.00000        0.000000       0.000000    
    0.000000       0.00000        0.000000       0.000000    
    0.000000       0.00000        0.000000       0.000000    
    0.000000       0.00000        0.000000       0.000000    
    0.000000       0.00000        0.000000       0.000000    
    0.000000       0.00000        0.000000       0.000000    
    0.000000       0.00000        0.000000       0.000000    
    0.000000       0.00000        0.000000       0.000000    
    0.000000       0.00000        0.000000       0.000000    
    0.000000       0.00000        0.000000       0.000000    
    0.000000       0.00000        0.000000       0.000000    
    0.000000       0.00000        0.000000       0.000000    
    0.000000       0.00000        0.000000       0.000000    
    0.000000       0.00000        0.000000       0.000000    
    0.000000       0.00000        0.000000       0.000000    
    0.000000       0.00000        0.000000       0.000000    
    0.000000       0.00000        0.000000       0.000000    
    0.000000       0.00000        0.000000       0.000000    
    0.000000       0.00000        0.000000       0.000000    
    0.000000       0.00000        0.000000       0.000000    
    0.000000       0.00000        0.000000       0.000000    
    0.000000       0.00000        0.000000       0.000000    
    0.000000       0.00000        0.000000       0.000000    
    0.000000       0.00000        0.000000       0.000000    
    0.000000       0.00000        0.000000       0.000000    
    0.000000       0.00000        0.000000       0.000000    
    0.000000       0.00000        0.000000       0.000000    
    0.000000       0.00000        0.000000       0.000000    
    0.000000       0.00000        0.000000       0.000000    
    0.000000       0.00000        0.000000       0.000000    
    0.000000       0.00000        0.000000       0.000000    
    0.000000       0.00000        0.000000       0.000000    
    0.000000       0.00000        0.000000       0.000000    
    0.000000       0.00000        0.000000       0.000000    
    0.000000       0.00000        0.000000       0.000000    
    0.000000       0.00000        0.000000       0.000000    
    0.000000       0.00000        0.000000       0.000000    
    0.000000       0.00000        0.000000       0.000000    
    0.000000       0.00000        0.000000       0.000000    
    0.000000       0.00000        0.000000       0.000000    
    0.000000       0.00000        0.000000       0.000000    
    0.000000       0.00000        0.000000       0.000000    
    0.000000       0.00000        0.000000       0.000000    
    0.000000       0.00000        0.000000       0.000000    
    0.000000       0.00000        0.000000       0.000000    
    0.000000       0.00000        0.000000       0.000000    
   400                                                      #     vac    IS=2
    0.000000      0.5126505      0.5126505      0.5126505    
    0.000000       0.00000        0.000000       0.000000    
    0.000000       0.00000        0.000000       0.000000    
    0.000000       0.00000        0.000000       0.000000    
    0.000000       0.00000        0.000000       0.000000    
    0.000000       0.00000        0.000000       0.000000    
    0.000000       0.00000        0.000000       0.000000    
    0.000000       0.00000        0.000000       0.000000    
    0.000000       0.00000        0.000000       0.000000    
    0.000000       0.00000        0.000000       0.000000    
    0.000000       0.00000        0.000000       0.000000    
    0.000000       0.00000        0.000000       0.000000    
    0.000000       0.00000        0.000000       0.000000    
    0.000000       0.00000        0.000000       0.000000    
    0.000000       0.00000        0.000000       0.000000    
    0.000000       0.00000        0.000000       0.000000    
    0.000000       0.00000        0.000000       0.000000    
    0.000000       0.00000        0.000000       0.000000    
    0.000000       0.00000        0.000000       0.000000    
    0.000000       0.00000        0.000000       0.000000    
    0.000000       0.00000        0.000000       0.000000    
    0.000000       0.00000        0.000000       0.000000    
    0.000000       0.00000        0.000000       0.000000    
    0.000000       0.00000        0.000000       0.000000    
    0.000000       0.00000        0.000000       0.000000    
    0.000000       0.00000        0.000000       0.000000    
    0.000000       0.00000        0.000000       0.000000    
    0.000000       0.00000        0.000000       0.000000    
    0.000000       0.00000        0.000000       0.000000    
    0.000000       0.00000        0.000000       0.000000    
    0.000000       0.00000        0.000000       0.000000    
    0.000000       0.00000        0.000000       0.000000    
    0.000000       0.00000        0.000000       0.000000    
    0.000000       0.00000        0.000000       0.000000    
    0.000000       0.00000        0.000000       0.000000    
    0.000000       0.00000        0.000000       0.000000    
    0.000000       0.00000        0.000000       0.000000    
    0.000000       0.00000        0.000000       0.000000    
    0.000000       0.00000        0.000000       0.000000    
    0.000000       0.00000        0.000000       0.000000    
    0.000000       0.00000        0.000000       0.000000    
    0.000000       0.00000        0.000000       0.000000    
    0.000000       0.00000        0.000000       0.000000    
    0.000000       0.00000        0.000000       0.000000    
    0.000000       0.00000        0.000000       0.000000    
    0.000000       0.00000        0.000000       0.000000    
    0.000000       0.00000        0.000000       0.000000    
    0.000000       0.00000        0.000000       0.000000    
    0.000000       0.00000        0.000000       0.000000    
    0.000000       0.00000        0.000000       0.000000    
    0.000000       0.00000        0.000000       0.000000    
    0.000000       0.00000        0.000000       0.000000    
    0.000000       0.00000        0.000000       0.000000    
    0.000000       0.00000        0.000000       0.000000    
    0.000000       0.00000        0.000000       0.000000    
    0.000000       0.00000        0.000000       0.000000    
    0.000000       0.00000        0.000000       0.000000    
    0.000000       0.00000        0.000000       0.000000    
    0.000000       0.00000        0.000000       0.000000    
    0.000000       0.00000        0.000000       0.000000    
    0.000000       0.00000        0.000000       0.000000    
    0.000000       0.00000        0.000000       0.000000    
    0.000000       0.00000        0.000000       0.000000    
    0.000000       0.00000        0.000000       0.000000    
    0.000000       0.00000        0.000000       0.000000    
    0.000000       0.00000        0.000000       0.000000    
    0.000000       0.00000        0.000000       0.000000    
    0.000000       0.00000        0.000000       0.000000    
    0.000000       0.00000        0.000000       0.000000    
    0.000000       0.00000        0.000000       0.000000    
    0.000000       0.00000        0.000000       0.000000    
    0.000000       0.00000        0.000000       0.000000    
    0.000000       0.00000        0.000000       0.000000    
    0.000000       0.00000        0.000000       0.000000    
    0.000000       0.00000        0.000000       0.000000    
    0.000000       0.00000        0.000000       0.000000    
    0.000000       0.00000        0.000000       0.000000    
    0.000000       0.00000        0.000000       0.000000    
    0.000000       0.00000        0.000000       0.000000    
    0.000000       0.00000        0.000000       0.000000    
    0.000000       0.00000        0.000000       0.000000    
    0.000000       0.00000        0.000000       0.000000    
    0.000000       0.00000        0.000000       0.000000    
    0.000000       0.00000        0.000000       0.000000    
    0.000000       0.00000        0.000000       0.000000    
    0.000000       0.00000        0.000000       0.000000    
    0.000000       0.00000        0.000000       0.000000    
    0.000000       0.00000        0.000000       0.000000    
    0.000000       0.00000        0.000000       0.000000    
    0.000000       0.00000        0.000000       0.000000    
    0.000000       0.00000        0.000000       0.000000    
    0.000000       0.00000        0.000000       0.000000    
    0.000000       0.00000        0.000000       0.000000    
    0.000000       0.00000        0.000000       0.000000    
    0.000000       0.00000        0.000000       0.000000    
    0.000000       0.00000        0.000000       0.000000    
    0.000000       0.00000        0.000000       0.000000    
    0.000000       0.00000        0.000000       0.000000    
    0.000000       0.00000        0.000000       0.000000    
    0.000000       0.00000        0.000000       0.000000    
 XXXXXXXXXXXXXXXXXXXXXXXXXXXXXXXXXXXXXXXXXXXX
                                                      vac          IS=1
  -0.3336651     -0.3019750     -0.2799067    
   0.5932634       1.559394       2.994514    
   0.1606116      0.1722029      0.1919970    
   0.4395751      0.1234444      0.6703500E-01
   0.5058894E-01  0.1903501E-01  0.8247697E-02
    1.139514       1.683610       2.458491    
   0.4490824      0.5058503      0.5687196    
  -0.1252683     -0.8653686E-01 -0.6250565E-01
                                                      vac          IS=2
  -0.3336651     -0.3019750     -0.2799067    
   0.5932634       1.559394       2.994514    
   0.1606116      0.1722029      0.1919970    
   0.4395751      0.1234444      0.6703500E-01
   0.5058894E-01  0.1903501E-01  0.8247697E-02
    1.139514       1.683610       2.458491    
   0.4490824      0.5058503      0.5687196    
  -0.1252683     -0.8653686E-01 -0.6250565E-01
     0                                                vac         
