#  Interface results for: Co2, IVXC=0, NK=   30
     3                                                      # NL
   0.3484850      0.5303000E-01  0.1071400E-01
    27.00000       2.621800       2.621800                  # AZ, WSR, WSR(avrg)
  -0.4903565E-01   1.656910                                 # Fermi.En, Mag.
   0.0000000E+00                                            # Pot.Shift
     0                                                      # SW
     2                                                      # NS
   400                                                      #     Co2    IS=1
    0.000000      -2699804.      -1330291.      -873974.3    
   -645954.9      -509252.8      -418208.1      -353252.1    
   -304600.7      -266818.1      -236642.9      -211999.8    
   -191505.1      -174200.9      -159403.1      -146609.8    
   -135444.9      -125620.6      -116913.1      -109145.6    
   -102176.9      -95892.56      -90198.95      -85018.77    
   -80287.57      -75951.25      -71964.00      -68286.84    
   -64886.32      -61733.64      -58803.83      -56075.13    
   -53528.53      -51147.31      -48916.73      -46823.71    
   -44856.67      -43005.23      -41260.16      -39613.14    
   -38056.69      -36584.08      -35189.20      -33866.53    
   -32611.02      -31418.12      -30283.64      -29203.75    
   -28174.96      -27194.05      -26258.07      -25364.28    
   -24510.19      -23693.46      -22911.95      -22163.67    
   -21446.77      -20759.52      -20100.34      -19467.73    
   -18860.31      -18276.77      -17715.91      -17176.59    
   -16657.75      -16158.39      -15677.58      -15214.43    
   -14768.13      -14337.88      -13922.97      -13522.69    
   -13136.40      -12763.48      -12403.35      -12055.46    
   -11719.29      -11394.34      -11080.15      -10776.28    
   -10482.30      -10197.82      -9922.449      -9655.836    
   -9397.637      -9147.524      -8905.187      -8670.330    
   -8442.671      -8221.940      -8007.881      -7800.250    
   -7598.811      -7403.342      -7213.628      -7029.466    
   -6850.659      -6677.020      -6508.371      -6344.540    
   -6185.362      -6030.680      -5880.342      -5734.203    
   -5592.124      -5453.972      -5319.618      -5188.939    
   -5061.817      -4938.137      -4817.791      -4700.672    
   -4586.680      -4475.717      -4367.690      -4262.507    
   -4160.082      -4060.332      -3963.174      -3868.532    
   -3776.329      -3686.495      -3598.958      -3513.651    
   -3430.510      -3349.471      -3270.473      -3193.459    
   -3118.371      -3045.155      -2973.757      -2904.127    
   -2836.215      -2769.974      -2705.357      -2642.319    
   -2580.818      -2520.811      -2462.257      -2405.118    
   -2349.355      -2294.931      -2241.811      -2189.961    
   -2139.345      -2089.934      -2041.693      -1994.594    
   -1948.606      -1903.701      -1859.851      -1817.028    
   -1775.206      -1734.361      -1694.467      -1655.499    
   -1617.436      -1580.254      -1543.930      -1508.444    
   -1473.775      -1439.903      -1406.808      -1374.470    
   -1342.871      -1311.994      -1281.820      -1252.333    
   -1223.515      -1195.352      -1167.826      -1140.922    
   -1114.627      -1088.924      -1063.800      -1039.242    
   -1015.236      -991.7681      -968.8266      -946.3989    
   -924.4730      -903.0371      -882.0798      -861.5901    
   -841.5570      -821.9702      -802.8192      -784.0942    
   -765.7855      -747.8834      -730.3789      -713.2629    
   -696.5267      -680.1618      -664.1599      -648.5128    
   -633.2127      -618.2520      -603.6231      -589.3188    
   -575.3318      -561.6553      -548.2825      -535.2068    
   -522.4217      -509.9208      -497.6980      -485.7472    
   -474.0626      -462.6383      -451.4686      -440.5480    
   -429.8712      -419.4326      -409.2272      -399.2498    
   -389.4955      -379.9593      -370.6365      -361.5223    
   -352.6123      -343.9019      -335.3868      -327.0627    
   -318.9255      -310.9712      -303.1958      -295.5954    
   -288.1663      -280.9050      -273.8077      -266.8711    
   -260.0919      -253.4666      -246.9922      -240.6656    
   -234.4836      -228.4433      -222.5418      -216.7763    
   -211.1440      -205.6423      -200.2684      -195.0197    
   -189.8938      -184.8880      -179.9999      -175.2272    
   -170.5674      -166.0181      -161.5771      -157.2421    
   -153.0108      -148.8809      -144.8504      -140.9171    
   -137.0787      -133.3333      -129.6786      -126.1128    
   -122.6337      -119.2394      -115.9280      -112.6974    
   -109.5459      -106.4715      -103.4725      -100.5471    
   -97.69354      -94.91014      -92.19525      -89.54726    
   -86.96464      -84.44586      -81.98947      -79.59405    
   -77.25823      -74.98071      -72.76020      -70.59547    
   -68.48533      -66.42863      -64.42425      -62.47109    
   -60.56808      -58.71418      -56.90835      -55.14955    
   -53.43677      -51.76898      -50.14515      -48.56428    
   -47.02532      -45.52726      -44.06909      -42.64980    
   -41.26839      -39.92389      -38.61535      -37.34184    
   -36.10247      -34.89638      -33.72275      -32.58080    
   -31.46978      -30.38897      -29.33773      -28.31539    
   -27.32137      -26.35508      -25.41599      -24.50356    
   -23.61730      -22.75673      -21.92137      -21.11076    
   -20.32447      -19.56205      -18.82306      -18.10708    
   -17.41368      -16.74242      -16.09287      -15.46460    
   -14.85717      -14.27015      -13.70308      -13.15553    
   -12.62704      -12.11715      -11.62541      -11.15137    
   -10.69455      -10.25449      -9.830727      -9.422802    
   -9.030247      -8.652603      -8.289411      -7.940216    
   -7.604568      -7.282022      -6.972139      -6.674489    
   -6.388648      -6.114200      -5.850740      -5.597871    
   -5.355209      -5.122376      -4.899010      -4.684758    
   -4.479279      -4.282244      -4.093337      -3.912252    
   -3.738696      -3.572390      -3.413063      -3.260459    
   -3.114332      -2.974446      -2.840579      -2.712517    
   -2.590056      -2.473002      -2.361171      -2.254386    
   -2.152481      -2.055293      -1.962671      -1.874468    
   -1.790543      -1.710764      -1.635001      -1.563131    
   -1.495036      -1.430602      -1.369719      -1.312283    
   -1.258193      -1.207353      -1.159671      -1.115059    
   -1.073433      -1.034715     -0.9988281     -0.9657026    
  -0.9352719     -0.9074740     -0.8822511     -0.8595498    
  -0.8393208     -0.8215189     -0.8061029     -0.7930354    
  -0.7822827     -0.7738144     -0.7676034     -0.7636256    
   400                                                      #     Co2    IS=2
    0.000000      -2699804.      -1330291.      -873974.3    
   -645954.9      -509252.8      -418208.1      -353252.1    
   -304600.7      -266818.1      -236642.9      -211999.8    
   -191505.1      -174200.9      -159403.1      -146609.8    
   -135444.9      -125620.6      -116913.1      -109145.6    
   -102176.9      -95892.56      -90198.95      -85018.77    
   -80287.57      -75951.25      -71964.01      -68286.84    
   -64886.32      -61733.64      -58803.83      -56075.13    
   -53528.53      -51147.31      -48916.73      -46823.71    
   -44856.67      -43005.24      -41260.16      -39613.14    
   -38056.70      -36584.08      -35189.20      -33866.53    
   -32611.03      -31418.12      -30283.64      -29203.75    
   -28174.96      -27194.05      -26258.07      -25364.29    
   -24510.19      -23693.46      -22911.95      -22163.67    
   -21446.77      -20759.52      -20100.34      -19467.73    
   -18860.31      -18276.77      -17715.91      -17176.60    
   -16657.75      -16158.40      -15677.58      -15214.44    
   -14768.13      -14337.88      -13922.97      -13522.69    
   -13136.40      -12763.48      -12403.35      -12055.46    
   -11719.29      -11394.34      -11080.16      -10776.28    
   -10482.30      -10197.82      -9922.450      -9655.837    
   -9397.638      -9147.525      -8905.188      -8670.331    
   -8442.672      -8221.941      -8007.882      -7800.251    
   -7598.812      -7403.343      -7213.629      -7029.466    
   -6850.660      -6677.021      -6508.372      -6344.541    
   -6185.363      -6030.681      -5880.342      -5734.204    
   -5592.125      -5453.973      -5319.619      -5188.940    
   -5061.818      -4938.138      -4817.792      -4700.673    
   -4586.681      -4475.718      -4367.691      -4262.508    
   -4160.083      -4060.332      -3963.175      -3868.532    
   -3776.330      -3686.495      -3598.958      -3513.652    
   -3430.510      -3349.471      -3270.474      -3193.460    
   -3118.372      -3045.155      -2973.758      -2904.128    
   -2836.216      -2769.975      -2705.358      -2642.320    
   -2580.819      -2520.811      -2462.258      -2405.118    
   -2349.355      -2294.932      -2241.812      -2189.961    
   -2139.346      -2089.934      -2041.694      -1994.595    
   -1948.607      -1903.702      -1859.851      -1817.028    
   -1775.207      -1734.362      -1694.467      -1655.500    
   -1617.437      -1580.254      -1543.931      -1508.445    
   -1473.776      -1439.904      -1406.808      -1374.470    
   -1342.872      -1311.995      -1281.821      -1252.334    
   -1223.516      -1195.352      -1167.826      -1140.923    
   -1114.627      -1088.925      -1063.801      -1039.243    
   -1015.236      -991.7686      -968.8271      -946.3994    
   -924.4735      -903.0376      -882.0803      -861.5906    
   -841.5575      -821.9707      -802.8197      -784.0947    
   -765.7859      -747.8839      -730.3793      -713.2633    
   -696.5271      -680.1622      -664.1602      -648.5131    
   -633.2130      -618.2523      -603.6233      -589.3189    
   -575.3319      -561.6554      -548.2825      -535.2067    
   -522.4215      -509.9205      -497.6976      -485.7467    
   -474.0620      -462.6375      -451.4677      -440.5470    
   -429.8699      -419.4312      -409.2256      -399.2480    
   -389.4935      -379.9570      -370.6339      -361.5195    
   -352.6092      -343.8985      -335.3831      -327.0587    
   -318.9211      -310.9664      -303.1906      -295.5898    
   -288.1603      -280.8985      -273.8007      -266.8636    
   -260.0838      -253.4580      -246.9830      -240.6557    
   -234.4730      -228.4321      -222.5298      -216.7636    
   -211.1305      -205.6279      -200.2531      -195.0035    
   -189.8765      -184.8697      -179.9805      -175.2066    
   -170.5455      -165.9950      -161.5526      -157.2161    
   -152.9832      -148.8517      -144.8195      -140.8843    
   -137.0440      -133.2965      -129.6397      -126.0715    
   -122.5900      -119.1931      -115.8789      -112.6455    
   -109.4909      -106.4133      -103.4109      -100.4819    
   -97.62449      -94.83707      -92.11795      -89.46552    
   -86.87823      -84.35456      -81.89305      -79.49230    
   -77.15094      -74.86768      -72.64124      -70.47042    
   -68.35407      -66.29104      -64.28028      -62.32072    
   -60.41134      -58.55116      -56.73918      -54.97445    
   -53.25599      -51.58285      -49.95405      -48.36861    
   -46.82556      -45.32390      -43.86263      -42.44075    
   -41.05728      -39.71122      -38.40161      -37.12749    
   -35.88794      -34.68206      -33.50901      -32.36795    
   -31.25811      -30.17873      -29.12912      -28.10861    
   -27.11656      -26.15236      -25.21546      -24.30531    
   -23.42138      -22.56318      -21.73023      -20.92205    
   -20.13819      -19.37820      -18.64165      -17.92808    
   -17.23707      -16.56819      -15.92100      -15.29506    
   -14.68994      -14.10519      -13.54038      -12.99505    
   -12.46876      -11.96104      -11.47146      -10.99954    
   -10.54482      -10.10684      -9.685150      -9.279275    
   -8.888757      -8.513140      -8.151965      -7.804782    
   -7.471144      -7.150609      -6.842742      -6.547115    
   -6.263309      -5.990912      -5.729522      -5.478748    
   -5.238209      -5.007533      -4.786362      -4.574348    
   -4.371155      -4.176460      -3.989950      -3.811325    
   -3.640298      -3.476591      -3.319941      -3.170095    
   -3.026808      -2.889850      -2.758997      -2.634038    
   -2.514768      -2.400992      -2.292522      -2.189178    
   -2.090786      -1.997178      -1.908191      -1.823670    
   -1.743462      -1.667419      -1.595398      -1.527261    
   -1.462873      -1.402104      -1.344828      -1.290924    
   -1.240276      -1.192772      -1.148306      -1.106777    
   -1.068091      -1.032156     -0.9988903     -0.9682145    
  -0.9400566     -0.9143498     -0.8910331     -0.8700508    
  -0.8513526     -0.8348930     -0.8206317     -0.8085325    
  -0.7985638     -0.7906976     -0.7849099     -0.7811798    
 XXXXXXXXXXXX CORE STATES XXXXXXXXXXXXXXXXXXXXXX
                                                      Co2      	   IS=1
  -0.4665960     -0.3188274     -0.2342620    
  -0.2959128      0.7472670     -0.2201547    
   0.1874108      0.1744884      0.1229810E-01
   0.4281105      0.1143500     -0.2405719E-02
   0.4017903E-01  0.2276005E-01   1.809707    
  -0.5726107      0.3149504      -2.486739    
  -0.4028608      0.4814553      0.1082356    
   0.1450385     -0.1093887     -0.8065299    
                                                      Co2      	   IS=2
  -0.4396612     -0.2624513     -0.1851905    
  -0.2767672      0.7663153     -0.9706810E-01
   0.1901283      0.1756745      0.1449703E-01
   0.4285045      0.1142351      0.7661844E-03
   0.3906163E-01  0.2275807E-01   1.483784    
  -0.5963465      0.2402051      -1.104222    
  -0.4041645      0.4784757      0.1685949    
   0.1432091     -0.1092582     -0.7198391    
     5                                                Co2      	  
     1    0    0
   -556.2415      -556.2411    
     2    0    0
   -65.44778      -65.37056    
     2    1    0
   -56.05195      -55.99251    
     3    0    0
   -7.057422      -6.909423    
     3    1    0
   -4.387749      -4.244833    
