#  Bulk results for: Co, IVXC=0, NK=   30
     3                                                      # NL
    .3484850       .5303000E-01   .1071400E-01
    27.00000       2.621800       2.621800                  # AZ, WSR
   -.4733483E-01   1.646074                                 # Fermi.En, Mag.
    .0000000E+00                                            # Pot.Shift
     0                                                      # SW
     2                                                      # NS
   400                                                      #     Co     IS=1
    .0000000E+00  -2699804.      -1330291.      -873974.3    
   -645954.9      -509252.8      -418208.1      -353252.1    
   -304600.6      -266818.1      -236642.9      -211999.8    
   -191505.1      -174200.9      -159403.0      -146609.8    
   -135444.9      -125620.6      -116913.0      -109145.6    
   -102176.9      -95892.55      -90198.95      -85018.76    
   -80287.57      -75951.24      -71964.00      -68286.83    
   -64886.32      -61733.64      -58803.82      -56075.13    
   -53528.53      -51147.31      -48916.72      -46823.71    
   -44856.66      -43005.23      -41260.16      -39613.14    
   -38056.69      -36584.08      -35189.20      -33866.52    
   -32611.02      -31418.12      -30283.63      -29203.75    
   -28174.96      -27194.05      -26258.06      -25364.28    
   -24510.19      -23693.46      -22911.95      -22163.67    
   -21446.76      -20759.52      -20100.34      -19467.73    
   -18860.30      -18276.77      -17715.91      -17176.59    
   -16657.75      -16158.39      -15677.58      -15214.43    
   -14768.12      -14337.88      -13922.97      -13522.69    
   -13136.40      -12763.48      -12403.35      -12055.46    
   -11719.29      -11394.34      -11080.15      -10776.28    
   -10482.30      -10197.81      -9922.445      -9655.833    
   -9397.633      -9147.520      -8905.183      -8670.326    
   -8442.667      -8221.936      -8007.878      -7800.246    
   -7598.807      -7403.338      -7213.624      -7029.462    
   -6850.655      -6677.017      -6508.368      -6344.536    
   -6185.358      -6030.676      -5880.338      -5734.199    
   -5592.120      -5453.968      -5319.614      -5188.936    
   -5061.813      -4938.133      -4817.787      -4700.668    
   -4586.676      -4475.714      -4367.686      -4262.503    
   -4160.079      -4060.328      -3963.170      -3868.528    
   -3776.326      -3686.491      -3598.954      -3513.647    
   -3430.506      -3349.467      -3270.470      -3193.455    
   -3118.367      -3045.151      -2973.753      -2904.123    
   -2836.212      -2769.970      -2705.353      -2642.316    
   -2580.814      -2520.807      -2462.253      -2405.114    
   -2349.351      -2294.927      -2241.807      -2189.957    
   -2139.342      -2089.930      -2041.690      -1994.590    
   -1948.602      -1903.697      -1859.847      -1817.024    
   -1775.203      -1734.357      -1694.463      -1655.496    
   -1617.432      -1580.250      -1543.926      -1508.441    
   -1473.772      -1439.899      -1406.804      -1374.466    
   -1342.868      -1311.990      -1281.817      -1252.329    
   -1223.512      -1195.348      -1167.822      -1140.919    
   -1114.623      -1088.920      -1063.797      -1039.238    
   -1015.232      -991.7644      -968.8229      -946.3952    
   -924.4693      -903.0334      -882.0761      -861.5863    
   -841.5533      -821.9665      -802.8155      -784.0905    
   -765.7817      -747.8797      -730.3752      -713.2592    
   -696.5230      -680.1581      -664.1561      -648.5091    
   -633.2090      -618.2483      -603.6194      -589.3150    
   -575.3281      -561.6516      -548.2788      -535.2031    
   -522.4179      -509.9171      -497.6943      -485.7435    
   -474.0588      -462.6345      -451.4649      -440.5443    
   -429.8674      -419.4289      -409.2235      -399.2461    
   -389.4917      -379.9555      -370.6327      -361.5185    
   -352.6085      -343.8981      -335.3830      -327.0589    
   -318.9218      -310.9674      -303.1920      -295.5916    
   -288.1626      -280.9012      -273.8039      -266.8674    
   -260.0881      -253.4629      -246.9885      -240.6618    
   -234.4798      -228.4395      -222.5380      -216.7725    
   -211.1402      -205.6385      -200.2646      -195.0159    
   -189.8900      -184.8842      -179.9961      -175.2234    
   -170.5636      -166.0143      -161.5733      -157.2383    
   -153.0069      -148.8771      -144.8466      -140.9132    
   -137.0749      -133.3294      -129.6748      -126.1089    
   -122.6299      -119.2356      -115.9241      -112.6935    
   -109.5420      -106.4676      -103.4686      -100.5432    
   -97.68963      -94.90621      -92.19131      -89.54332    
   -86.96069      -84.44190      -81.98550      -79.59007    
   -77.25424      -74.97670      -72.75618      -70.59144    
   -68.48129      -66.42457      -64.42018      -62.46701    
   -60.56399      -58.71008      -56.90423      -55.14542    
   -53.43263      -51.76482      -50.14099      -48.56010    
   -47.02114      -45.52308      -44.06490      -42.64560    
   -41.26419      -39.91969      -38.61115      -37.33764    
   -36.09827      -34.89218      -33.71855      -32.57660    
   -31.46558      -30.38478      -29.33354      -28.31121    
   -27.31719      -26.35092      -25.41183      -24.49941    
   -23.61316      -22.75259      -21.91724      -21.10665    
   -20.32036      -19.55795      -18.81898      -18.10301    
   -17.40961      -16.73836      -16.08883      -15.46057    
   -14.85315      -14.26614      -13.69909      -13.15155    
   -12.62307      -12.11320      -11.62148      -11.14744    
   -10.69064      -10.25060      -9.826851      -9.418942    
   -9.026405      -8.648778      -8.285604      -7.936427    
   -7.600798      -7.278271      -6.968409      -6.670779    
   -6.384959      -6.110533      -5.847095      -5.594250    
   -5.351611      -5.118803      -4.895462      -4.681236    
   -4.475784      -4.278776      -4.089897      -3.908841    
   -3.735315      -3.569039      -3.409744      -3.257172    
   -3.111077      -2.971226      -2.837394      -2.709367    
   -2.586942      -2.469926      -2.358133      -2.251387    
   -2.149521      -2.052374      -1.959793      -1.871632    
   -1.787751      -1.708015      -1.632297      -1.560472    
   -1.492423      -1.428035      -1.367200      -1.309812    
   -1.255771      -1.204981      -1.157349      -1.112788    
   -1.071215      -1.032549      -.9967155      -.9636442    
   -.9332686      -.9055265      -.8803603      -.8577166    
   -.8375460      -.8198033      -.8044475      -.7914409    
   -.7807499      -.7723442      -.7661965      -.7622827    
   400                                                      #     Co     IS=2
    .0000000E+00  -2699804.      -1330291.      -873974.3    
   -645954.9      -509252.8      -418208.1      -353252.1    
   -304600.6      -266818.1      -236642.9      -211999.8    
   -191505.1      -174200.9      -159403.0      -146609.8    
   -135444.9      -125620.6      -116913.0      -109145.6    
   -102176.9      -95892.55      -90198.95      -85018.76    
   -80287.57      -75951.25      -71964.00      -68286.84    
   -64886.32      -61733.64      -58803.82      -56075.13    
   -53528.53      -51147.31      -48916.72      -46823.71    
   -44856.66      -43005.23      -41260.16      -39613.14    
   -38056.69      -36584.08      -35189.20      -33866.52    
   -32611.02      -31418.12      -30283.64      -29203.75    
   -28174.96      -27194.05      -26258.07      -25364.28    
   -24510.19      -23693.46      -22911.95      -22163.67    
   -21446.76      -20759.52      -20100.34      -19467.73    
   -18860.31      -18276.77      -17715.91      -17176.59    
   -16657.75      -16158.39      -15677.58      -15214.43    
   -14768.12      -14337.88      -13922.97      -13522.69    
   -13136.40      -12763.48      -12403.35      -12055.46    
   -11719.29      -11394.34      -11080.15      -10776.28    
   -10482.30      -10197.81      -9922.446      -9655.834    
   -9397.634      -9147.521      -8905.184      -8670.327    
   -8442.668      -8221.937      -8007.879      -7800.247    
   -7598.808      -7403.339      -7213.625      -7029.463    
   -6850.656      -6677.018      -6508.369      -6344.537    
   -6185.359      -6030.677      -5880.339      -5734.200    
   -5592.121      -5453.969      -5319.615      -5188.936    
   -5061.814      -4938.134      -4817.788      -4700.669    
   -4586.677      -4475.714      -4367.687      -4262.504    
   -4160.079      -4060.329      -3963.171      -3868.529    
   -3776.326      -3686.492      -3598.955      -3513.648    
   -3430.507      -3349.468      -3270.470      -3193.456    
   -3118.368      -3045.152      -2973.754      -2904.124    
   -2836.212      -2769.971      -2705.354      -2642.316    
   -2580.815      -2520.808      -2462.254      -2405.115    
   -2349.351      -2294.928      -2241.808      -2189.957    
   -2139.342      -2089.931      -2041.690      -1994.591    
   -1948.603      -1903.698      -1859.847      -1817.025    
   -1775.203      -1734.358      -1694.464      -1655.496    
   -1617.433      -1580.250      -1543.927      -1508.441    
   -1473.772      -1439.900      -1406.804      -1374.467    
   -1342.868      -1311.991      -1281.817      -1252.330    
   -1223.512      -1195.348      -1167.823      -1140.919    
   -1114.623      -1088.921      -1063.797      -1039.239    
   -1015.233      -991.7649      -968.8234      -946.3957    
   -924.4698      -903.0339      -882.0766      -861.5869    
   -841.5538      -821.9670      -802.8160      -784.0910    
   -765.7822      -747.8802      -730.3756      -713.2596    
   -696.5234      -680.1585      -664.1565      -648.5094    
   -633.2093      -618.2486      -603.6196      -589.3152    
   -575.3282      -561.6517      -548.2788      -535.2030    
   -522.4178      -509.9168      -497.6939      -485.7430    
   -474.0583      -462.6338      -451.4640      -440.5433    
   -429.8662      -419.4275      -409.2219      -399.2443    
   -389.4898      -379.9533      -370.6302      -361.5158    
   -352.6055      -343.8948      -335.3794      -327.0550    
   -318.9174      -310.9627      -303.1869      -295.5861    
   -288.1566      -280.8948      -273.7970      -266.8599    
   -260.0801      -253.4543      -246.9793      -240.6520    
   -234.4693      -228.4284      -222.5261      -216.7599    
   -211.1268      -205.6242      -200.2494      -194.9998    
   -189.8728      -184.8660      -179.9768      -175.2029    
   -170.5418      -165.9913      -161.5489      -157.2124    
   -152.9795      -148.8480      -144.8158      -140.8806    
   -137.0403      -133.2928      -129.6360      -126.0678    
   -122.5863      -119.1895      -115.8753      -112.6419    
   -109.4873      -106.4097      -103.4073      -100.4782    
   -97.62088      -94.83347      -92.11435      -89.46193    
   -86.87465      -84.35099      -81.88950      -79.48876    
   -77.14741      -74.86416      -72.63774      -70.46694    
   -68.35059      -66.28759      -64.27684      -62.31729    
   -60.40793      -58.54777      -56.73581      -54.97109    
   -53.25265      -51.57953      -49.95074      -48.36532    
   -46.82228      -45.32062      -43.85937      -42.43750    
   -41.05404      -39.70798      -38.39838      -37.12426    
   -35.88471      -34.67884      -33.50579      -32.36473    
   -31.25489      -30.17552      -29.12590      -28.10539    
   -27.11333      -26.14914      -25.21223      -24.30208    
   -23.41815      -22.55995      -21.72699      -20.91881    
   -20.13494      -19.37495      -18.63839      -17.92483    
   -17.23382      -16.56493      -15.91774      -15.29180    
   -14.68668      -14.10193      -13.53712      -12.99179    
   -12.46550      -11.95779      -11.46820      -10.99628    
   -10.54157      -10.10360      -9.681906      -9.276036    
   -8.885524      -8.509912      -8.148745      -7.801569    
   -7.467940      -7.147414      -6.839557      -6.543941    
   -6.260146      -5.987762      -5.726386      -5.475627    
   -5.235103      -5.004445      -4.783292      -4.571297    
   -4.368124      -4.173450      -3.986963      -3.808362    
   -3.637360      -3.473680      -3.317058      -3.167241    
   -3.023985      -2.887058      -2.756239      -2.631314    
   -2.512080      -2.398341      -2.289910      -2.186605    
   -2.088254      -1.994688      -1.905744      -1.821267    
   -1.741104      -1.665107      -1.593133      -1.525043    
   -1.460704      -1.399983      -1.342757      -1.288903    
   -1.238306      -1.190853      -1.146439      -1.104963    
   -1.066329      -1.030448      -.9972356      -.9666141    
   -.9385110      -.9128596      -.8895988      -.8686729    
   -.8500315      -.8336294      -.8194259      -.8073852    
   -.7974753      -.7896685      -.7839406      -.7802706    
 XXXXXXXXXXXXXXXXXXXXXXXXXXXXXXXXXXXXXXXXXXXX
                                                      Co           IS=1
   -.4643947      -.3171467      -.2307901    
   -.2936536       .7496040      -.2165897    
    .1874596       .1745402       .1231797E-01
    .4281200       .1143614      -.2425454E-02
    .4015683E-01   .2274461E-01   1.807993    
   -.5725754       .3156319      -2.484463    
   -.4029118       .4815384       .1083819    
    .1450005      -.1093485      -.8060344    
                                                      Co           IS=2
   -.4364519      -.2595316      -.1820051    
   -.2749855       .7680471      -.9415474E-01
    .1901646       .1756822       .1451384E-01
    .4284807       .1142259       .7288557E-03
    .3907994E-01   .2276511E-01   1.483479    
   -.5997611       .2380585      -1.109513    
   -.4040019       .4783712       .1684472    
    .1432431      -.1092749      -.7196926    
     5                                                Co          
     1    0    0
   -556.2378      -556.2374    
     2    0    0
   -65.44385      -65.36699    
     2    1    0
   -56.04806      -55.98890    
     3    0    0
   -7.053545      -6.906218    
     3    1    0
   -4.383925      -4.241667    
