#  Interface results for: Cu4, IVXC=0, NK=   30
     3                                                      # NL
   0.3484850      0.5303000E-01  0.1071400E-01
    29.00000       2.621800       2.621800                  # AZ, WSR, WSR(avrg)
  -0.4903565E-01  0.4400005E-02                             # Fermi.En, Mag.
   0.0000000E+00                                            # Pot.Shift
     0                                                      # SW
     2                                                      # NS
   400                                                      #     Cu4    IS=1
    0.000000      -2899782.      -1428823.      -938705.0    
   -693795.2      -546967.0      -449178.2      -379410.6    
   -327155.3      -286574.0      -254163.7      -227695.1    
   -205682.2      -187096.3      -171202.3      -157461.4    
   -145469.5      -134917.4      -125564.8      -117222.0    
   -109737.1      -102987.2      -96871.86      -91307.95    
   -86226.29      -81568.75      -77286.15      -73336.59    
   -69684.17      -66297.95      -63151.11      -60220.28    
   -57485.04      -54927.42      -52531.60      -50283.54    
   -48170.78      -46182.20      -44307.86      -42538.82    
   -40867.08      -39285.38      -37787.17      -36366.51    
   -35018.00      -33736.73      -32518.20      -31358.32    
   -30253.32      -29199.74      -28194.42      -27234.43    
   -26317.06      -25439.83      -24600.43      -23796.71    
   -23026.70      -22288.54      -21580.53      -20901.05    
   -20248.63      -19621.87      -19019.46      -18440.19    
   -17882.91      -17346.56      -16830.12      -16332.67    
   -15853.30      -15391.18      -14945.53      -14515.60    
   -14100.70      -13700.15      -13313.35      -12939.68    
   -12578.61      -12229.59      -11892.13      -11565.75    
   -11249.99      -10944.44      -10648.67      -10362.31    
   -10084.99      -9816.351      -9556.066      -9303.815    
   -9059.296      -8822.219      -8592.309      -8369.302    
   -8152.948      -7943.005      -7739.245      -7541.448    
   -7349.404      -7162.912      -6981.779      -6805.821    
   -6634.862      -6468.732      -6307.269      -6150.317    
   -5997.726      -5849.354      -5705.061      -5564.717    
   -5428.193      -5295.368      -5166.123      -5040.346    
   -4917.928      -4798.765      -4682.754      -4569.800    
   -4459.810      -4352.691      -4248.359      -4146.729    
   -4047.721      -3951.257      -3857.261      -3765.662    
   -3676.389      -3589.375      -3504.554      -3421.864    
   -3341.244      -3262.636      -3185.981      -3111.226    
   -3038.317      -2967.202      -2897.833      -2830.162    
   -2764.140      -2699.725      -2636.871      -2575.537    
   -2515.682      -2457.266      -2400.251      -2344.600    
   -2290.276      -2237.245      -2185.473      -2134.927    
   -2085.576      -2037.387      -1990.332      -1944.381    
   -1899.505      -1855.678      -1812.873      -1771.064    
   -1730.226      -1690.334      -1651.365      -1613.296    
   -1576.104      -1539.767      -1504.265      -1469.577    
   -1435.683      -1402.563      -1370.199      -1338.572    
   -1307.664      -1277.458      -1247.937      -1219.084    
   -1190.884      -1163.320      -1136.379      -1110.044    
   -1084.302      -1059.138      -1034.539      -1010.492    
   -986.9832      -964.0008      -941.5324      -919.5660    
   -898.0900      -877.0932      -856.5645      -836.4933    
   -816.8692      -797.6820      -778.9219      -760.5792    
   -742.6445      -725.1088      -707.9631      -691.1988    
   -674.8073      -658.7805      -643.1103      -627.7888    
   -612.8084      -598.1615      -583.8409      -569.8393    
   -556.1498      -542.7655      -529.6797      -516.8858    
   -504.3774      -492.1482      -480.1922      -468.5031    
   -457.0753      -445.9028      -434.9801      -424.3017    
   -413.8621      -403.6562      -393.6788      -383.9249    
   -374.3897      -365.0683      -355.9562      -347.0488    
   -338.3418      -329.8308      -321.5117      -313.3804    
   -305.4330      -297.6656      -290.0745      -282.6560    
   -275.4065      -268.3225      -261.4007      -254.6377    
   -248.0302      -241.5751      -235.2693      -229.1096    
   -223.0931      -217.2169      -211.4780      -205.8736    
   -200.4009      -195.0571      -189.8396      -184.7456    
   -179.7726      -174.9179      -170.1790      -165.5533    
   -161.0384      -156.6318      -152.3312      -148.1341    
   -144.0382      -140.0411      -136.1408      -132.3348    
   -128.6212      -124.9976      -121.4621      -118.0126    
   -114.6471      -111.3637      -108.1604      -105.0356    
   -101.9873      -99.01392      -96.11373      -93.28512    
   -90.52654      -87.83648      -85.21348      -82.65613    
   -80.16306      -77.73293      -75.36445      -73.05635    
   -70.80737      -68.61628      -66.48187      -64.40292    
   -62.37822      -60.40657      -58.48677      -56.61763    
   -54.79793      -53.02651      -51.30219      -49.62382    
   -47.99026      -46.40040      -44.85318      -43.34755    
   -41.88251      -40.45711      -39.07044      -37.72160    
   -36.40977      -35.13416      -33.89401      -32.68860    
   -31.51724      -30.37926      -29.27404      -28.20097    
   -27.15945      -26.14890      -25.16876      -24.21848    
   -23.29751      -22.40531      -21.54134      -20.70506    
   -19.89593      -19.11342      -18.35698      -17.62606    
   -16.92012      -16.23861      -15.58095      -14.94660    
   -14.33498      -13.74553      -13.17768      -12.63085    
   -12.10447      -11.59796      -11.11074      -10.64226    
   -10.19192      -9.759182      -9.343469      -8.944227    
   -8.560910      -8.192974      -7.839888      -7.501128    
   -7.176182      -6.864547      -6.565732      -6.279260    
   -6.004665      -5.741494      -5.489309      -5.247684    
   -5.016208      -4.794484      -4.582129      -4.378775    
   -4.184067      -3.997664      -3.819240      -3.648482    
   -3.485090      -3.328776      -3.179267      -3.036301    
   -2.899627      -2.769006      -2.644210      -2.525022    
   -2.411233      -2.302646      -2.199070      -2.100326    
   -2.006240      -1.916646      -1.831388      -1.750314    
   -1.673280      -1.600148      -1.530785      -1.465066    
   -1.402869      -1.344080      -1.288588      -1.236288    
   -1.187082      -1.140873      -1.097573      -1.057097    
   -1.019365     -0.9843014     -0.9518359     -0.9219028    
  -0.8944409     -0.8693936     -0.8467086     -0.8263382    
  -0.8082385     -0.7923700     -0.7786970     -0.7671878    
  -0.7578140     -0.7505510     -0.7453774     -0.7422750    
   400                                                      #     Cu4    IS=2
    0.000000      -2899782.      -1428823.      -938705.0    
   -693795.2      -546967.0      -449178.2      -379410.6    
   -327155.3      -286574.0      -254163.7      -227695.1    
   -205682.2      -187096.3      -171202.3      -157461.4    
   -145469.5      -134917.4      -125564.8      -117222.0    
   -109737.1      -102987.2      -96871.86      -91307.95    
   -86226.29      -81568.75      -77286.15      -73336.59    
   -69684.17      -66297.95      -63151.11      -60220.28    
   -57485.04      -54927.42      -52531.60      -50283.54    
   -48170.78      -46182.20      -44307.86      -42538.82    
   -40867.08      -39285.38      -37787.17      -36366.51    
   -35018.00      -33736.73      -32518.21      -31358.32    
   -30253.32      -29199.74      -28194.42      -27234.43    
   -26317.06      -25439.83      -24600.43      -23796.71    
   -23026.70      -22288.54      -21580.53      -20901.05    
   -20248.63      -19621.87      -19019.46      -18440.19    
   -17882.91      -17346.56      -16830.12      -16332.67    
   -15853.30      -15391.18      -14945.53      -14515.60    
   -14100.70      -13700.15      -13313.35      -12939.68    
   -12578.61      -12229.59      -11892.13      -11565.75    
   -11249.99      -10944.44      -10648.67      -10362.31    
   -10084.99      -9816.351      -9556.066      -9303.815    
   -9059.296      -8822.219      -8592.309      -8369.302    
   -8152.948      -7943.005      -7739.245      -7541.448    
   -7349.404      -7162.912      -6981.779      -6805.821    
   -6634.862      -6468.732      -6307.269      -6150.317    
   -5997.727      -5849.354      -5705.062      -5564.717    
   -5428.193      -5295.368      -5166.123      -5040.346    
   -4917.928      -4798.765      -4682.754      -4569.801    
   -4459.810      -4352.691      -4248.359      -4146.730    
   -4047.721      -3951.257      -3857.261      -3765.662    
   -3676.389      -3589.375      -3504.554      -3421.864    
   -3341.245      -3262.636      -3185.981      -3111.226    
   -3038.317      -2967.202      -2897.833      -2830.162    
   -2764.140      -2699.725      -2636.871      -2575.537    
   -2515.682      -2457.266      -2400.251      -2344.600    
   -2290.276      -2237.245      -2185.473      -2134.928    
   -2085.576      -2037.387      -1990.332      -1944.381    
   -1899.505      -1855.678      -1812.873      -1771.064    
   -1730.226      -1690.334      -1651.365      -1613.296    
   -1576.104      -1539.767      -1504.265      -1469.577    
   -1435.683      -1402.563      -1370.199      -1338.572    
   -1307.664      -1277.458      -1247.937      -1219.084    
   -1190.884      -1163.321      -1136.379      -1110.044    
   -1084.302      -1059.138      -1034.539      -1010.492    
   -986.9833      -964.0010      -941.5325      -919.5661    
   -898.0901      -877.0933      -856.5646      -836.4935    
   -816.8693      -797.6822      -778.9220      -760.5793    
   -742.6447      -725.1090      -707.9633      -691.1989    
   -674.8075      -658.7807      -643.1105      -627.7890    
   -612.8086      -598.1617      -583.8411      -569.8395    
   -556.1500      -542.7657      -529.6798      -516.8860    
   -504.3776      -492.1484      -480.1923      -468.5033    
   -457.0754      -445.9030      -434.9803      -424.3018    
   -413.8623      -403.6564      -393.6790      -383.9251    
   -374.3898      -365.0684      -355.9563      -347.0489    
   -338.3418      -329.8308      -321.5117      -313.3804    
   -305.4330      -297.6656      -290.0744      -282.6559    
   -275.4064      -268.3224      -261.4006      -254.6375    
   -248.0300      -241.5749      -235.2690      -229.1093    
   -223.0928      -217.2165      -211.4776      -205.8731    
   -200.4004      -195.0565      -189.8390      -184.7450    
   -179.7719      -174.9171      -170.1781      -165.5524    
   -161.0375      -156.6308      -152.3301      -148.1329    
   -144.0369      -140.0399      -136.1394      -132.3334    
   -128.6196      -124.9959      -121.4603      -118.0107    
   -114.6451      -111.3616      -108.1582      -105.0333    
   -101.9849      -99.01134      -96.11101      -93.28226    
   -90.52354      -87.83334      -85.21019      -82.65270    
   -80.15948      -77.72921      -75.36058      -73.05234    
   -70.80322      -68.61200      -66.47746      -64.39840    
   -62.37359      -60.40185      -58.48197      -56.61275    
   -54.79299      -53.02153      -51.29717      -49.61877    
   -47.98519      -46.39533      -44.84811      -43.34250    
   -41.87749      -40.45212      -39.06548      -37.71668    
   -36.40490      -35.12934      -33.88924      -32.68388    
   -31.51258      -30.37466      -29.26950      -28.19649    
   -27.15502      -26.14453      -25.16445      -24.21423    
   -23.29332      -22.40117      -21.53726      -20.70103    
   -19.89196      -19.10950      -18.35311      -17.62224    
   -16.91635      -16.23489      -15.57728      -14.94298    
   -14.33141      -13.74201      -13.17420      -12.62742    
   -12.10108      -11.59462      -11.10745      -10.63901    
   -10.18873      -9.756039      -9.340377      -8.941188    
   -8.557924      -8.190043      -7.837015      -7.498315    
   -7.173431      -6.861860      -6.563113      -6.276712    
   -6.002191      -5.739099      -5.486995      -5.245457    
   -5.014072      -4.792445      -4.580191      -4.376944    
   -4.182349      -3.996065      -3.817767      -3.647140    
   -3.483886      -3.327717      -3.178360      -3.035553    
   -2.899044      -2.768596      -2.643979      -2.524976    
   -2.411379      -2.302988      -2.199615      -2.101076    
   -2.007200      -1.917820      -1.832777      -1.751920    
   -1.675103      -1.602186      -1.533038      -1.467529    
   -1.405539      -1.346950      -1.291653      -1.239539    
   -1.190510      -1.144469      -1.101326      -1.060994    
   -1.023393     -0.9884470     -0.9560847     -0.9262397    
  -0.8988505     -0.8738598     -0.8512152     -0.8308684    
  -0.8127756     -0.7968971     -0.7831971     -0.7716440    
  -0.7622095     -0.7548692     -0.7496018     -0.7463894    
 XXXXXXXXXXXX CORE STATES XXXXXXXXXXXXXXXXXXXXXX
                                                      Cu4     	    IS=1
  -0.4946436     -0.3372735     -0.2806430    
  -0.3794171      0.6522862     -0.2721894    
   0.1754297      0.1655349      0.9639478E-02
   0.4234284      0.1121309     -0.3309142E-02
   0.5025428E-01  0.2601845E-01   2.353407    
  -0.6873139      0.2541083      -2.597937    
  -0.3842180      0.4712025      0.9352064E-01
   0.1596730     -0.1170717     -0.9190248    
                                                      Cu4     	    IS=2
  -0.4901796     -0.3187378     -0.2799621    
  -0.3823930      0.6477093     -0.2699841    
   0.1755194      0.1650833      0.9704031E-02
   0.4232645      0.1118656     -0.3305097E-02
   0.5043929E-01  0.2634751E-01   2.340316    
  -0.7067675      0.2161580      -2.535249    
  -0.3831559      0.4687174      0.9517734E-01
   0.1599738     -0.1178020     -0.9159270    
     5                                                Cu4     	   
     1    0    0
   -648.9601      -648.9602    
     2    0    0
   -77.83409      -77.83214    
     2    1    0
   -67.24155      -67.24009    
     3    0    0
   -8.286854      -8.283558    
     3    1    0
   -5.186681      -5.183551    
