   2.06029516  -0.20000000
   1.44477223  -0.20000000
   2.06221247  -0.19959960
   1.44748977  -0.19959960
   2.06412193  -0.19919920
   1.45020457  -0.19919920
   2.06602365  -0.19879880
   1.45291667  -0.19879880
   2.06791774  -0.19839840
   1.45562610  -0.19839840
   2.06980432  -0.19799800
   1.45833287  -0.19799800
   2.07168348  -0.19759760
   1.46103701  -0.19759760
   2.07355533  -0.19719720
   1.46373855  -0.19719720
   2.07541997  -0.19679680
   1.46643752  -0.19679680
   2.07727751  -0.19639640
   1.46913394  -0.19639640
   2.07912803  -0.19599600
   1.47182783  -0.19599600
   2.08097163  -0.19559560
   1.47451923  -0.19559560
   2.08280841  -0.19519520
   1.47720815  -0.19519520
   2.08463845  -0.19479479
   1.47989462  -0.19479479
   2.08646186  -0.19439439
   1.48257866  -0.19439439
   2.08827870  -0.19399399
   1.48526031  -0.19399399
   2.09008908  -0.19359359
   1.48793957  -0.19359359
   2.09189307  -0.19319319
   1.49061649  -0.19319319
   2.09369076  -0.19279279
   1.49329108  -0.19279279
   2.09548222  -0.19239239
   1.49596336  -0.19239239
   2.09726755  -0.19199199
   1.49863336  -0.19199199
   2.09904680  -0.19159159
   1.50130111  -0.19159159
   2.10082007  -0.19119119
   1.50396662  -0.19119119
   2.10258743  -0.19079079
   1.50662993  -0.19079079
   2.10434895  -0.19039039
   1.50929105  -0.19039039
   2.10610470  -0.18998999
   1.51195000  -0.18998999
   2.10785476  -0.18958959
   1.51460682  -0.18958959
   2.10959919  -0.18918919
   1.51726152  -0.18918919
   2.11133807  -0.18878879
   1.51991413  -0.18878879
   2.11307145  -0.18838839
   1.52256466  -0.18838839
   2.11479941  -0.18798799
   1.52521315  -0.18798799
   2.11652201  -0.18758759
   1.52785962  -0.18758759
   1.13653232  -0.18758759
   1.06667240  -0.18758759
   2.11823932  -0.18718719
   1.53050408  -0.18718719
   1.15543024  -0.18718719
   1.04594876  -0.18718719
   2.11995139  -0.18678679
   1.53314656  -0.18678679
   1.16904319  -0.18678679
   1.03049760  -0.18678679
   2.12165829  -0.18638639
   1.53578709  -0.18638639
   1.18024983  -0.18638639
   1.01744006  -0.18638639
   2.12336008  -0.18598599
   1.53842568  -0.18598599
   1.19000426  -0.18598599
   1.00582177  -0.18598599
   2.12505682  -0.18558559
   1.54106236  -0.18558559
   1.19876346  -0.18558559
   0.99518551  -0.18558559
   2.12674857  -0.18518519
   1.54369715  -0.18518519
   1.20678799  -0.18518519
   0.98527047  -0.18518519
   2.12843538  -0.18478478
   1.54633006  -0.18478478
   1.21424287  -0.18478478
   0.97591136  -0.18478478
   2.13011732  -0.18438438
   1.54896114  -0.18438438
   1.22124033  -0.18438438
   0.96699569  -0.18438438
   2.13179443  -0.18398398
   1.55159039  -0.18398398
   1.22786071  -0.18398398
   0.95844287  -0.18398398
   2.13346677  -0.18358358
   1.55421783  -0.18358358
   1.23416379  -0.18358358
   0.95019283  -0.18358358
   2.13513440  -0.18318318
   1.55684350  -0.18318318
   1.24019548  -0.18318318
   0.94219939  -0.18318318
   2.13679737  -0.18278278
   1.55946741  -0.18278278
   1.24599189  -0.18278278
   0.93442617  -0.18278278
   2.13845573  -0.18238238
   1.56208958  -0.18238238
   1.25158202  -0.18238238
   0.92684386  -0.18238238
   2.14010953  -0.18198198
   1.56471003  -0.18198198
   1.25698957  -0.18198198
   0.91942848  -0.18198198
   2.14175882  -0.18158158
   1.56732879  -0.18158158
   1.26223417  -0.18158158
   0.91216010  -0.18158158
   2.14340366  -0.18118118
   1.56994588  -0.18118118
   1.26733231  -0.18118118
   0.90502193  -0.18118118
   2.14504408  -0.18078078
   1.57256131  -0.18078078
   1.27229799  -0.18078078
   0.89799964  -0.18078078
   2.14668015  -0.18038038
   1.57517512  -0.18038038
   1.27714320  -0.18038038
   0.89108094  -0.18038038
   2.14831190  -0.17997998
   1.57778732  -0.17997998
   1.28187831  -0.17997998
   0.88425513  -0.17997998
   2.14993938  -0.17957958
   1.58039793  -0.17957958
   1.28651234  -0.17957958
   0.87751285  -0.17957958
   2.15156264  -0.17917918
   1.58300697  -0.17917918
   1.29105320  -0.17917918
   0.87084585  -0.17917918
   2.15318172  -0.17877878
   1.58561447  -0.17877878
   1.29550789  -0.17877878
   0.86424680  -0.17877878
   2.15479667  -0.17837838
   1.58822044  -0.17837838
   1.29988260  -0.17837838
   0.85770913  -0.17837838
   2.15640754  -0.17797798
   1.59082492  -0.17797798
   1.30418285  -0.17797798
   0.85122696  -0.17797798
   2.15801435  -0.17757758
   1.59342791  -0.17757758
   1.30841360  -0.17757758
   0.84479496  -0.17757758
   2.15961717  -0.17717718
   1.59602943  -0.17717718
   1.31257930  -0.17717718
   0.83840829  -0.17717718
   2.16121602  -0.17677678
   1.59862952  -0.17677678
   1.31668398  -0.17677678
   0.83206253  -0.17677678
   2.16281096  -0.17637638
   1.60122819  -0.17637638
   1.32073129  -0.17637638
   0.82575362  -0.17637638
   2.16440201  -0.17597598
   1.60382546  -0.17597598
   1.32472455  -0.17597598
   0.81947784  -0.17597598
   2.16598923  -0.17557558
   1.60642135  -0.17557558
   1.32866679  -0.17557558
   0.81323172  -0.17557558
   2.16757265  -0.17517518
   1.60901589  -0.17517518
   1.33256079  -0.17517518
   0.80701205  -0.17517518
   2.16915230  -0.17477477
   1.61160909  -0.17477477
   1.33640909  -0.17477477
   0.80081584  -0.17477477
   2.17072824  -0.17437437
   1.61420097  -0.17437437
   1.34021404  -0.17437437
   0.79464027  -0.17437437
   2.17230048  -0.17397397
   1.61679156  -0.17397397
   1.34397780  -0.17397397
   0.78848270  -0.17397397
   2.17386909  -0.17357357
   1.61938087  -0.17357357
   1.34770237  -0.17357357
   0.78234066  -0.17357357
   2.17543408  -0.17317317
   1.62196893  -0.17317317
   1.35138960  -0.17317317
   0.77621177  -0.17317317
   2.17699549  -0.17277277
   1.62455576  -0.17277277
   1.35504122  -0.17277277
   0.77009380  -0.17277277
   2.17855337  -0.17237237
   1.62714137  -0.17237237
   1.35865882  -0.17237237
   0.76398461  -0.17237237
   2.18010774  -0.17197197
   1.62972579  -0.17197197
   1.36224390  -0.17197197
   0.75788216  -0.17197197
   2.18165865  -0.17157157
   1.63230904  -0.17157157
   1.36579786  -0.17157157
   0.75178449  -0.17157157
   2.18320612  -0.17117117
   1.63489114  -0.17117117
   1.36932199  -0.17117117
   0.74568969  -0.17117117
   2.18475019  -0.17077077
   1.63747210  -0.17077077
   1.37281751  -0.17077077
   0.73959594  -0.17077077
   2.18629089  -0.17037037
   1.64005196  -0.17037037
   1.37628558  -0.17037037
   0.73350148  -0.17037037
   2.18782826  -0.16996997
   1.64263072  -0.16996997
   1.37972726  -0.16996997
   0.72740457  -0.16996997
   2.18936232  -0.16956957
   1.64520842  -0.16956957
   1.38314358  -0.16956957
   0.72130353  -0.16956957
   2.19089312  -0.16916917
   1.64778507  -0.16916917
   1.38653548  -0.16916917
   0.71519672  -0.16916917
   2.19242067  -0.16876877
   1.65036068  -0.16876877
   1.38990386  -0.16876877
   0.70908250  -0.16876877
   2.19394502  -0.16836837
   1.65293529  -0.16836837
   1.39324957  -0.16836837
   0.70295930  -0.16836837
   2.19546619  -0.16796797
   1.65550891  -0.16796797
   1.39657342  -0.16796797
   0.69682553  -0.16796797
   2.19698421  -0.16756757
   1.65808156  -0.16756757
   1.39987616  -0.16756757
   0.69067963  -0.16756757
   2.19849912  -0.16716717
   1.66065327  -0.16716717
   1.40315852  -0.16716717
   0.68452005  -0.16716717
   2.20001094  -0.16676677
   1.66322405  -0.16676677
   1.40642117  -0.16676677
   0.67834525  -0.16676677
   2.20151970  -0.16636637
   1.66579392  -0.16636637
   1.40966478  -0.16636637
   0.67215367  -0.16636637
   2.20302544  -0.16596597
   1.66836290  -0.16596597
   1.41288994  -0.16596597
   0.66594377  -0.16596597
   2.20452817  -0.16556557
   1.67093102  -0.16556557
   1.41609725  -0.16556557
   0.65971398  -0.16556557
   2.20602793  -0.16516517
   1.67349829  -0.16516517
   1.41928727  -0.16516517
   0.65346275  -0.16516517
   2.20752475  -0.16476476
   1.67606474  -0.16476476
   1.42246053  -0.16476476
   0.64718847  -0.16476476
   2.20901865  -0.16436436
   1.67863038  -0.16436436
   1.42561754  -0.16436436
   0.64088956  -0.16436436
   2.21050966  -0.16396396
   1.68119523  -0.16396396
   1.42875877  -0.16396396
   0.63456437  -0.16396396
   2.21199780  -0.16356356
   1.68375933  -0.16356356
   1.43188469  -0.16356356
   0.62821124  -0.16356356
   2.21348311  -0.16316316
   1.68632268  -0.16316316
   1.43499575  -0.16316316
   0.62182848  -0.16316316
   2.21496561  -0.16276276
   1.68888530  -0.16276276
   1.43809236  -0.16276276
   0.61541436  -0.16276276
   2.21644532  -0.16236236
   1.69144722  -0.16236236
   1.44117493  -0.16236236
   0.60896710  -0.16236236
   2.21792227  -0.16196196
   1.69400846  -0.16196196
   1.44424384  -0.16196196
   0.60248488  -0.16196196
   2.21939649  -0.16156156
   1.69656904  -0.16156156
   1.44729948  -0.16156156
   0.59596580  -0.16156156
   2.22086800  -0.16116116
   1.69912898  -0.16116116
   1.45034219  -0.16116116
   0.58940794  -0.16116116
   2.22233682  -0.16076076
   1.70168829  -0.16076076
   1.45337231  -0.16076076
   0.58280929  -0.16076076
   2.22380298  -0.16036036
   1.70424701  -0.16036036
   1.45639018  -0.16036036
   0.57616776  -0.16036036
   2.22526650  -0.15995996
   1.70680515  -0.15995996
   1.45939611  -0.15995996
   0.56948120  -0.15995996
   2.22672741  -0.15955956
   1.70936273  -0.15955956
   1.46239040  -0.15955956
   0.56274736  -0.15955956
   2.22818573  -0.15915916
   1.71191977  -0.15915916
   1.46537334  -0.15915916
   0.55596390  -0.15915916
   2.22964149  -0.15875876
   1.71447629  -0.15875876
   1.46834522  -0.15875876
   0.54912835  -0.15875876
   2.23109470  -0.15835836
   1.71703231  -0.15835836
   1.47130631  -0.15835836
   0.54223816  -0.15835836
   2.23254539  -0.15795796
   1.71958786  -0.15795796
   1.47425686  -0.15795796
   0.53529064  -0.15795796
   2.23399358  -0.15755756
   1.72214296  -0.15755756
   1.47719713  -0.15755756
   0.52828295  -0.15755756
   2.23543929  -0.15715716
   1.72469762  -0.15715716
   1.48012736  -0.15715716
   0.52121210  -0.15715716
   2.23688255  -0.15675676
   1.72725187  -0.15675676
   1.48304778  -0.15675676
   0.51407494  -0.15675676
   2.23832337  -0.15635636
   1.72980572  -0.15635636
   1.48595862  -0.15635636
   0.50686814  -0.15635636
   2.23976179  -0.15595596
   1.73235921  -0.15595596
   1.48886009  -0.15595596
   0.49958816  -0.15595596
   2.24119781  -0.15555556
   1.73491234  -0.15555556
   1.49175242  -0.15555556
   0.49223123  -0.15555556
   2.24263146  -0.15515516
   1.73746514  -0.15515516
   1.49463579  -0.15515516
   0.48479333  -0.15515516
   2.24406277  -0.15475475
   1.74001764  -0.15475475
   1.49751041  -0.15475475
   0.47727020  -0.15475475
   2.24549174  -0.15435435
   1.74256985  -0.15435435
   1.50037648  -0.15435435
   0.46965724  -0.15435435
   2.24691841  -0.15395395
   1.74512180  -0.15395395
   1.50323416  -0.15395395
   0.46194952  -0.15395395
   2.24834279  -0.15355355
   1.74767350  -0.15355355
   1.50608365  -0.15355355
   0.45414175  -0.15355355
   2.24976490  -0.15315315
   1.75022498  -0.15315315
   1.50892511  -0.15315315
   0.44622820  -0.15315315
   2.25118476  -0.15275275
   1.75277626  -0.15275275
   1.51175871  -0.15275275
   0.43820268  -0.15275275
   2.25260239  -0.15235235
   1.75532736  -0.15235235
   1.51458462  -0.15235235
   0.43005846  -0.15235235
   2.25401782  -0.15195195
   1.75787831  -0.15195195
   1.51740300  -0.15195195
   0.42178821  -0.15195195
   2.25543105  -0.15155155
   1.76042911  -0.15155155
   1.52021398  -0.15155155
   0.41338391  -0.15155155
   2.25684210  -0.15115115
   1.76297981  -0.15115115
   1.52301774  -0.15115115
   0.40483677  -0.15115115
   2.25825101  -0.15075075
   1.76553041  -0.15075075
   1.52581440  -0.15075075
   0.39613711  -0.15075075
   2.25965778  -0.15035035
   1.76808094  -0.15035035
   1.52860412  -0.15035035
   0.38727419  -0.15035035
   2.26106243  -0.14994995
   1.77063142  -0.14994995
   1.53138701  -0.14994995
   0.37823611  -0.14994995
   2.26246498  -0.14954955
   1.77318188  -0.14954955
   1.53416323  -0.14954955
   0.36900955  -0.14954955
   2.26386546  -0.14914915
   1.77573234  -0.14914915
   1.53693289  -0.14914915
   0.35957958  -0.14914915
   2.26526386  -0.14874875
   1.77828281  -0.14874875
   1.53969613  -0.14874875
   0.34992931  -0.14874875
   2.26666023  -0.14834835
   1.78083332  -0.14834835
   1.54245306  -0.14834835
   0.34003954  -0.14834835
   2.26805456  -0.14794795
   1.78338390  -0.14794795
   1.54520380  -0.14794795
   0.32988831  -0.14794795
   2.26944688  -0.14754755
   1.78593457  -0.14754755
   1.54794847  -0.14754755
   0.31945023  -0.14754755
   2.27083721  -0.14714715
   1.78848534  -0.14714715
   1.55068718  -0.14714715
   0.30869578  -0.14714715
   2.27222556  -0.14674675
   1.79103624  -0.14674675
   1.55342004  -0.14674675
   0.29759021  -0.14674675
   2.27361195  -0.14634635
   1.79358731  -0.14634635
   1.55614716  -0.14634635
   0.28609216  -0.14634635
   2.27499639  -0.14594595
   1.79613854  -0.14594595
   1.55886863  -0.14594595
   0.27415180  -0.14594595
   2.27637891  -0.14554555
   1.79868998  -0.14554555
   1.56158457  -0.14554555
   0.26170812  -0.14554555
   2.27775951  -0.14514515
   1.80124165  -0.14514515
   1.56429507  -0.14514515
   0.24868508  -0.14514515
   2.27913822  -0.14474474
   1.80379356  -0.14474474
   1.56700023  -0.14474474
   0.23498590  -0.14474474
   2.28051505  -0.14434434
   1.80634574  -0.14434434
   1.56970014  -0.14434434
   0.22048403  -0.14434434
   2.28189002  -0.14394394
   1.80889822  -0.14394394
   1.57239489  -0.14394394
   0.20500866  -0.14394394
   2.28326313  -0.14354354
   1.81145102  -0.14354354
   1.57508458  -0.14354354
   0.18831938  -0.14354354
   2.28463441  -0.14314314
   1.81400415  -0.14314314
   1.57776929  -0.14314314
   0.17005852  -0.14314314
   2.28600388  -0.14274274
   1.81655766  -0.14274274
   1.58044911  -0.14274274
   0.14965119  -0.14274274
   2.28737154  -0.14234234
   1.81911156  -0.14234234
   1.58312411  -0.14234234
   0.12605838  -0.14234234
   2.28873742  -0.14194194
   1.82166587  -0.14194194
   1.58579439  -0.14194194
   0.09698152  -0.14194194
   0.09629514  -0.14194194
   2.29010152  -0.14154154
   1.82422062  -0.14154154
   1.58846002  -0.14154154
   0.14731383  -0.14154154
   0.05421604  -0.14154154
   2.29146386  -0.14114114
   1.82677583  -0.14114114
   1.59112108  -0.14114114
   0.18479824  -0.14114114
   2.29282446  -0.14074074
   1.82933154  -0.14074074
   1.59377765  -0.14074074
   0.21591693  -0.14074074
   2.29418334  -0.14034034
   1.83188776  -0.14034034
   1.59642981  -0.14034034
   0.24312720  -0.14034034
   2.29554049  -0.13993994
   1.83444451  -0.13993994
   1.59907762  -0.13993994
   0.26762439  -0.13993994
   2.29689595  -0.13953954
   1.83700183  -0.13953954
   1.60172115  -0.13953954
   0.29009710  -0.13953954
   2.29824972  -0.13913914
   1.83955974  -0.13913914
   1.60436048  -0.13913914
   0.31098496  -0.13913914
   2.29960183  -0.13873874
   1.84211827  -0.13873874
   1.60699568  -0.13873874
   0.33058894  -0.13873874
   2.30095227  -0.13833834
   1.84467744  -0.13833834
   1.60962682  -0.13833834
   0.34912575  -0.13833834
   2.30230107  -0.13793794
   1.84723727  -0.13793794
   1.61225395  -0.13793794
   0.36675761  -0.13793794
   2.30364823  -0.13753754
   1.84979780  -0.13753754
   1.61487715  -0.13753754
   0.38360966  -0.13753754
   2.30499378  -0.13713714
   1.85235904  -0.13713714
   1.61749648  -0.13713714
   0.39978085  -0.13713714
   2.30633773  -0.13673674
   1.85492103  -0.13673674
   1.62011199  -0.13673674
   0.41535103  -0.13673674
   2.30768009  -0.13633634
   1.85748379  -0.13633634
   1.62272376  -0.13633634
   0.43038572  -0.13633634
   2.30902087  -0.13593594
   1.86004735  -0.13593594
   1.62533184  -0.13593594
   0.44493951  -0.13593594
   2.31036008  -0.13553554
   1.86261174  -0.13553554
   1.62793629  -0.13553554
   0.45905841  -0.13553554
   2.31169775  -0.13513514
   1.86517698  -0.13513514
   1.63053717  -0.13513514
   0.47278164  -0.13513514
   2.31303387  -0.13473473
   1.86774310  -0.13473473
   1.63313453  -0.13473473
   0.48614297  -0.13473473
   2.31436848  -0.13433433
   1.87031013  -0.13433433
   1.63572844  -0.13433433
   0.49917172  -0.13433433
   2.31570157  -0.13393393
   1.87287810  -0.13393393
   1.63831893  -0.13393393
   0.51189352  -0.13393393
   2.31703316  -0.13353353
   1.87544703  -0.13353353
   1.64090608  -0.13353353
   0.52433095  -0.13353353
   2.31836326  -0.13313313
   1.87801695  -0.13313313
   1.64348992  -0.13313313
   0.53650401  -0.13313313
   2.31969188  -0.13273273
   1.88058789  -0.13273273
   1.64607052  -0.13273273
   0.54843054  -0.13273273
   2.32101905  -0.13233233
   1.88315989  -0.13233233
   1.64864792  -0.13233233
   0.56012649  -0.13233233
   2.32234476  -0.13193193
   1.88573296  -0.13193193
   1.65122217  -0.13193193
   0.57160623  -0.13193193
   2.32366904  -0.13153153
   1.88830714  -0.13153153
   1.65379333  -0.13153153
   0.58288274  -0.13153153
   2.32499189  -0.13113113
   1.89088246  -0.13113113
   1.65636143  -0.13113113
   0.59396781  -0.13113113
   2.32631332  -0.13073073
   1.89345894  -0.13073073
   1.65892654  -0.13073073
   0.60487215  -0.13073073
   2.32763336  -0.13033033
   1.89603663  -0.13033033
   1.66148869  -0.13033033
   0.61560557  -0.13033033
   2.32895200  -0.12992993
   1.89861554  -0.12992993
   1.66404792  -0.12992993
   0.62617704  -0.12992993
   2.33026926  -0.12952953
   1.90119571  -0.12952953
   1.66660430  -0.12952953
   0.63659482  -0.12952953
   2.33158516  -0.12912913
   1.90377717  -0.12912913
   1.66915785  -0.12912913
   0.64686651  -0.12912913
   2.33289970  -0.12872873
   1.90635995  -0.12872873
   1.67170863  -0.12872873
   0.65699916  -0.12872873
   2.33421289  -0.12832833
   1.90894408  -0.12832833
   1.67425668  -0.12832833
   0.66699927  -0.12832833
   2.33552475  -0.12792793
   1.91152960  -0.12792793
   1.67680203  -0.12792793
   0.67687290  -0.12792793
   2.33683529  -0.12752753
   1.91411653  -0.12752753
   1.67934474  -0.12752753
   0.68662567  -0.12752753
   2.33814452  -0.12712713
   1.91670490  -0.12712713
   1.68188484  -0.12712713
   0.69626284  -0.12712713
   2.33945245  -0.12672673
   1.91929476  -0.12672673
   1.68442238  -0.12672673
   0.70578930  -0.12672673
   2.34075909  -0.12632633
   1.92188614  -0.12632633
   1.68695738  -0.12632633
   0.71520965  -0.12632633
   2.34206446  -0.12592593
   1.92447906  -0.12592593
   1.68948990  -0.12592593
   0.72452818  -0.12592593
   2.34336855  -0.12552553
   1.92707356  -0.12552553
   1.69201998  -0.12552553
   0.73374894  -0.12552553
   2.34467139  -0.12512513
   1.92966967  -0.12512513
   1.69454764  -0.12512513
   0.74287573  -0.12512513
   2.34597299  -0.12472472
   1.93226743  -0.12472472
   1.69707293  -0.12472472
   0.75191213  -0.12472472
   2.34727335  -0.12432432
   1.93486688  -0.12432432
   1.69959589  -0.12432432
   0.76086151  -0.12432432
   2.34857249  -0.12392392
   1.93746805  -0.12392392
   1.70211654  -0.12392392
   0.76972706  -0.12392392
   2.34987041  -0.12352352
   1.94007097  -0.12352352
   1.70463494  -0.12352352
   0.77851180  -0.12352352
   2.35116714  -0.12312312
   1.94267567  -0.12312312
   1.70715111  -0.12312312
   0.78721859  -0.12312312
   2.35246266  -0.12272272
   1.94528221  -0.12272272
   1.70966509  -0.12272272
   0.79585014  -0.12272272
   2.35375701  -0.12232232
   1.94789060  -0.12232232
   1.71217692  -0.12232232
   0.80440900  -0.12232232
   2.35505019  -0.12192192
   1.95050090  -0.12192192
   1.71468662  -0.12192192
   0.81289764  -0.12192192
   2.35634220  -0.12152152
   1.95311313  -0.12152152
   1.71719424  -0.12152152
   0.82131837  -0.12152152
   2.35763306  -0.12112112
   1.95572734  -0.12112112
   1.71969981  -0.12112112
   0.82967340  -0.12112112
   2.35892278  -0.12072072
   1.95834356  -0.12072072
   1.72220336  -0.12072072
   0.83796484  -0.12072072
   2.36021137  -0.12032032
   1.96096183  -0.12032032
   1.72470491  -0.12032032
   0.84619471  -0.12032032
   2.36149884  -0.11991992
   1.96358219  -0.11991992
   1.72720452  -0.11991992
   0.85436492  -0.11991992
   2.36278520  -0.11951952
   1.96620469  -0.11951952
   1.72970220  -0.11951952
   0.86247731  -0.11951952
   2.36407046  -0.11911912
   1.96882935  -0.11911912
   1.73219799  -0.11911912
   0.87053364  -0.11911912
   2.36535462  -0.11871872
   1.73469193  -0.11871872
   1.97145622  -0.11871872
   0.87853559  -0.11871872
   2.36663770  -0.11831832
   1.73718403  -0.11831832
   1.97408534  -0.11831832
   0.88648477  -0.11831832
   2.36791971  -0.11791792
   1.73967434  -0.11791792
   1.97671676  -0.11791792
   0.89438272  -0.11791792
   2.36920066  -0.11751752
   1.74216287  -0.11751752
   1.97935051  -0.11751752
   0.90223093  -0.11751752
   2.37048055  -0.11711712
   1.74464968  -0.11711712
   1.98198664  -0.11711712
   0.91003081  -0.11711712
   2.37175940  -0.11671672
   1.74713477  -0.11671672
   1.98462519  -0.11671672
   0.91778374  -0.11671672
   2.37303722  -0.11631632
   1.74961818  -0.11631632
   1.98726621  -0.11631632
   0.92549103  -0.11631632
   2.37431401  -0.11591592
   1.75209995  -0.11591592
   1.98990973  -0.11591592
   0.93315394  -0.11591592
   2.37558979  -0.11551552
   1.75458010  -0.11551552
   1.99255580  -0.11551552
   0.94077370  -0.11551552
   2.37686456  -0.11511512
   1.75705865  -0.11511512
   1.99520448  -0.11511512
   0.94835146  -0.11511512
   2.37813834  -0.11471471
   1.75953564  -0.11471471
   1.99785580  -0.11471471
   0.95588838  -0.11471471
   2.37941112  -0.11431431
   1.76201109  -0.11431431
   2.00050980  -0.11431431
   0.96338553  -0.11431431
   2.38068293  -0.11391391
   1.76448504  -0.11391391
   2.00316655  -0.11391391
   0.97084397  -0.11391391
   2.38195377  -0.11351351
   1.76695750  -0.11351351
   2.00582608  -0.11351351
   0.97826472  -0.11351351
   2.38322365  -0.11311311
   1.76942851  -0.11311311
   2.00848844  -0.11311311
   0.98564875  -0.11311311
   2.38449258  -0.11271271
   1.77189810  -0.11271271
   2.01115369  -0.11271271
   0.99299702  -0.11271271
   2.38576057  -0.11231231
   1.77436628  -0.11231231
   2.01382187  -0.11231231
   1.00031044  -0.11231231
   2.38702763  -0.11191191
   1.77683309  -0.11191191
   2.01649303  -0.11191191
   1.00758991  -0.11191191
   2.38829376  -0.11151151
   1.77929855  -0.11151151
   2.01916722  -0.11151151
   1.01483627  -0.11151151
   2.38955898  -0.11111111
   1.78176269  -0.11111111
   2.02184450  -0.11111111
   1.02205037  -0.11111111
   2.39082329  -0.11071071
   1.78422554  -0.11071071
   2.02452492  -0.11071071
   1.02923301  -0.11071071
   2.39208670  -0.11031031
   1.78668711  -0.11031031
   2.02720853  -0.11031031
   1.03638498  -0.11031031
   2.39334922  -0.10990991
   1.78914744  -0.10990991
   2.02989538  -0.10990991
   1.04350702  -0.10990991
   2.39461087  -0.10950951
   1.79160655  -0.10950951
   2.03258553  -0.10950951
   1.05059989  -0.10950951
   2.39587165  -0.10910911
   1.79406446  -0.10910911
   2.03527904  -0.10910911
   1.05766428  -0.10910911
   2.39713156  -0.10870871
   1.79652121  -0.10870871
   2.03797596  -0.10870871
   1.06470090  -0.10870871
   2.39839062  -0.10830831
   1.79897681  -0.10830831
   2.04067635  -0.10830831
   1.07171043  -0.10830831
   2.39964883  -0.10790791
   1.80143128  -0.10790791
   2.04338026  -0.10790791
   1.07869350  -0.10790791
   2.40090621  -0.10750751
   1.80388466  -0.10750751
   2.04608777  -0.10750751
   1.08565077  -0.10750751
   2.40216276  -0.10710711
   1.80633697  -0.10710711
   2.04879891  -0.10710711
   1.09258286  -0.10710711
   2.40341849  -0.10670671
   1.80878822  -0.10670671
   2.05151377  -0.10670671
   1.09949035  -0.10670671
   2.40467341  -0.10630631
   1.81123845  -0.10630631
   2.05423239  -0.10630631
   1.10637385  -0.10630631
   2.40592753  -0.10590591
   1.81368768  -0.10590591
   2.05695484  -0.10590591
   1.11323392  -0.10590591
   2.40718085  -0.10550551
   1.81613593  -0.10550551
   2.05968119  -0.10550551
   1.12007112  -0.10550551
   2.40843339  -0.10510511
   1.81858323  -0.10510511
   2.06241149  -0.10510511
   1.12688599  -0.10510511
   2.40968515  -0.10470470
   1.82102959  -0.10470470
   2.06514583  -0.10470470
   1.13367907  -0.10470470
   2.41093614  -0.10430430
   1.82347504  -0.10430430
   2.06788425  -0.10430430
   1.14045085  -0.10430430
   2.41218637  -0.10390390
   1.82591960  -0.10390390
   2.07062683  -0.10390390
   1.14720186  -0.10390390
   2.41343585  -0.10350350
   1.82836330  -0.10350350
   2.07337364  -0.10350350
   1.15393257  -0.10350350
   2.41468459  -0.10310310
   1.83080616  -0.10310310
   2.07612475  -0.10310310
   1.16064347  -0.10310310
   2.41593259  -0.10270270
   1.83324820  -0.10270270
   2.07888022  -0.10270270
   1.16733502  -0.10270270
   2.41717986  -0.10230230
   1.83568944  -0.10230230
   2.08164014  -0.10230230
   1.17400769  -0.10230230
   2.41842642  -0.10190190
   1.83812990  -0.10190190
   2.08440458  -0.10190190
   1.18066191  -0.10190190
   2.41967226  -0.10150150
   1.84056962  -0.10150150
   2.08717360  -0.10150150
   1.18729812  -0.10150150
   2.42091740  -0.10110110
   1.84300860  -0.10110110
   2.08994729  -0.10110110
   1.19391675  -0.10110110
   2.42216185  -0.10070070
   1.84544687  -0.10070070
   2.09272573  -0.10070070
   1.20051821  -0.10070070
   2.42340560  -0.10030030
   1.84788445  -0.10030030
   2.09550898  -0.10030030
   1.20710292  -0.10030030
   2.42464868  -0.09989990
   1.85032137  -0.09989990
   2.09829714  -0.09989990
   1.21367126  -0.09989990
   2.42589109  -0.09949950
   1.85275764  -0.09949950
   2.10109029  -0.09949950
   1.22022364  -0.09949950
   2.42713284  -0.09909910
   1.85519329  -0.09909910
   2.10388850  -0.09909910
   1.22676042  -0.09909910
   2.42837393  -0.09869870
   1.85762834  -0.09869870
   2.10669186  -0.09869870
   1.23328199  -0.09869870
   2.42961438  -0.09829830
   1.86006280  -0.09829830
   2.10950046  -0.09829830
   1.23978870  -0.09829830
   2.43085419  -0.09789790
   1.86249671  -0.09789790
   2.11231438  -0.09789790
   1.24628093  -0.09789790
   2.43209336  -0.09749750
   1.86493007  -0.09749750
   2.11513372  -0.09749750
   1.25275901  -0.09749750
   2.43333192  -0.09709710
   1.86736292  -0.09709710
   2.11795856  -0.09709710
   1.25922330  -0.09709710
   2.43456986  -0.09669670
   1.86979527  -0.09669670
   2.12078900  -0.09669670
   1.26567412  -0.09669670
   2.43580720  -0.09629630
   1.87222714  -0.09629630
   2.12362512  -0.09629630
   1.27211181  -0.09629630
   2.43704393  -0.09589590
   1.87465856  -0.09589590
   2.12646704  -0.09589590
   1.27853670  -0.09589590
   2.43828008  -0.09549550
   1.87708954  -0.09549550
   2.12931484  -0.09549550
   1.28494910  -0.09549550
   2.43951564  -0.09509510
   1.87952011  -0.09509510
   2.13216862  -0.09509510
   1.29134932  -0.09509510
   2.44075063  -0.09469469
   1.88195028  -0.09469469
   2.13502849  -0.09469469
   1.29773767  -0.09469469
   2.44198505  -0.09429429
   1.88438008  -0.09429429
   2.13789455  -0.09429429
   1.30411445  -0.09429429
   2.44321891  -0.09389389
   1.88680952  -0.09389389
   2.14076690  -0.09389389
   1.31047995  -0.09389389
   2.44445222  -0.09349349
   1.88923863  -0.09349349
   2.14364565  -0.09349349
   1.31683447  -0.09349349
   2.44568499  -0.09309309
   1.89166743  -0.09309309
   2.14653091  -0.09309309
   1.32317828  -0.09309309
   2.44691722  -0.09269269
   1.89409593  -0.09269269
   2.14942280  -0.09269269
   1.32951167  -0.09269269
   2.44814893  -0.09229229
   1.89652416  -0.09229229
   2.15232142  -0.09229229
   1.33583491  -0.09229229
   2.44938011  -0.09189189
   1.89895213  -0.09189189
   2.15522689  -0.09189189
   1.34214827  -0.09189189
   2.45061079  -0.09149149
   1.90137988  -0.09149149
   2.15813934  -0.09149149
   1.34845201  -0.09149149
   2.45184096  -0.09109109
   1.90380741  -0.09109109
   2.16105887  -0.09109109
   1.35474639  -0.09109109
   2.45307063  -0.09069069
   1.90623474  -0.09069069
   2.16398562  -0.09069069
   1.36103167  -0.09069069
   2.45429981  -0.09029029
   1.90866190  -0.09029029
   2.16691972  -0.09029029
   1.36730810  -0.09029029
   2.45552852  -0.08988989
   1.91108891  -0.08988989
   2.16986128  -0.08988989
   1.37357593  -0.08988989
   2.45675675  -0.08948949
   1.91351579  -0.08948949
   2.17281044  -0.08948949
   1.37983540  -0.08948949
   2.45798452  -0.08908909
   1.91594255  -0.08908909
   2.17576734  -0.08908909
   1.38608674  -0.08908909
   2.45921183  -0.08868869
   1.91836921  -0.08868869
   2.17873210  -0.08868869
   1.39233020  -0.08868869
   2.46043869  -0.08828829
   1.92079580  -0.08828829
   2.18170488  -0.08828829
   1.39856600  -0.08828829
   2.46166511  -0.08788789
   1.92322234  -0.08788789
   2.18468582  -0.08788789
   1.40479437  -0.08788789
   2.46289109  -0.08748749
   1.92564884  -0.08748749
   2.18767505  -0.08748749
   1.41101554  -0.08748749
   2.46411665  -0.08708709
   1.92807532  -0.08708709
   2.19067273  -0.08708709
   1.41722971  -0.08708709
   2.46534180  -0.08668669
   1.93050181  -0.08668669
   2.19367901  -0.08668669
   1.42343712  -0.08668669
   2.46656653  -0.08628629
   1.93292832  -0.08628629
   2.19669405  -0.08628629
   1.42963797  -0.08628629
   2.46779086  -0.08588589
   1.93535487  -0.08588589
   2.19971801  -0.08588589
   1.43583246  -0.08588589
   2.46901479  -0.08548549
   1.93778148  -0.08548549
   2.20275104  -0.08548549
   1.44202082  -0.08548549
   2.47023834  -0.08508509
   1.94020818  -0.08508509
   2.20579332  -0.08508509
   1.44820324  -0.08508509
   2.47146151  -0.08468468
   1.94263497  -0.08468468
   2.20884501  -0.08468468
   1.45437991  -0.08468468
   2.47268431  -0.08428428
   1.94506189  -0.08428428
   2.21190629  -0.08428428
   1.46055104  -0.08428428
   2.47390675  -0.08388388
   1.94748894  -0.08388388
   2.21497734  -0.08388388
   1.46671681  -0.08388388
   2.47512883  -0.08348348
   1.94991616  -0.08348348
   2.21805833  -0.08348348
   1.47287743  -0.08348348
   2.47635057  -0.08308308
   1.95234355  -0.08308308
   2.22114946  -0.08308308
   1.47903306  -0.08308308
   2.47757196  -0.08268268
   1.95477114  -0.08268268
   2.22425092  -0.08268268
   1.48518391  -0.08268268
   2.47879303  -0.08228228
   1.95719895  -0.08228228
   2.22736289  -0.08228228
   1.49133014  -0.08228228
   2.48001377  -0.08188188
   1.95962700  -0.08188188
   2.23048559  -0.08188188
   1.49747194  -0.08188188
   2.48123420  -0.08148148
   1.96205530  -0.08148148
   2.23361921  -0.08148148
   1.50360948  -0.08148148
   2.48245432  -0.08108108
   1.96448388  -0.08108108
   2.23676397  -0.08108108
   1.50974294  -0.08108108
   2.48367413  -0.08068068
   1.96691275  -0.08068068
   2.23992008  -0.08068068
   1.51587248  -0.08068068
   2.48489366  -0.08028028
   1.96934194  -0.08028028
   2.24308775  -0.08028028
   1.52199826  -0.08028028
   2.48611291  -0.07987988
   1.97177146  -0.07987988
   2.24626722  -0.07987988
   1.52812046  -0.07987988
   2.48733188  -0.07947948
   1.97420134  -0.07947948
   2.24945872  -0.07947948
   1.53423923  -0.07947948
   2.48855058  -0.07907908
   1.97663159  -0.07907908
   2.25266247  -0.07907908
   1.54035473  -0.07907908
   2.48976902  -0.07867868
   1.97906223  -0.07867868
   2.25587873  -0.07867868
   1.54646712  -0.07867868
   2.49098721  -0.07827828
   1.98149329  -0.07827828
   2.25910775  -0.07827828
   1.55257654  -0.07827828
   2.49220516  -0.07787788
   1.98392478  -0.07787788
   2.26234977  -0.07787788
   1.55868315  -0.07787788
   2.49342287  -0.07747748
   1.98635671  -0.07747748
   2.26560506  -0.07747748
   1.56478709  -0.07747748
   2.49464036  -0.07707708
   1.98878912  -0.07707708
   2.26887389  -0.07707708
   1.57088852  -0.07707708
   2.49585763  -0.07667668
   1.99122202  -0.07667668
   2.27215654  -0.07667668
   1.57698756  -0.07667668
   2.49707468  -0.07627628
   1.99365543  -0.07627628
   2.27545328  -0.07627628
   1.58308436  -0.07627628
   2.49829154  -0.07587588
   1.99608937  -0.07587588
   2.27876440  -0.07587588
   1.58917905  -0.07587588
   2.49950820  -0.07547548
   1.99852386  -0.07547548
   2.28209021  -0.07547548
   1.59527176  -0.07547548
   2.50072468  -0.07507508
   2.00095892  -0.07507508
   2.28543101  -0.07507508
   1.60136263  -0.07507508
   2.50194098  -0.07467467
   2.00339457  -0.07467467
   2.28878711  -0.07467467
   1.60745179  -0.07467467
   2.50315711  -0.07427427
   2.00583082  -0.07427427
   2.29215883  -0.07427427
   1.61353934  -0.07427427
   2.50437307  -0.07387387
   2.00826771  -0.07387387
   2.29554651  -0.07387387
   1.61962543  -0.07387387
   2.50558889  -0.07347347
   2.01070524  -0.07347347
   2.29895049  -0.07347347
   1.62571017  -0.07347347
   2.50680456  -0.07307307
   2.01314344  -0.07307307
   2.30237112  -0.07307307
   1.63179366  -0.07307307
   2.50802010  -0.07267267
   2.01558233  -0.07267267
   2.30580875  -0.07267267
   1.63787603  -0.07267267
   2.50923551  -0.07227227
   2.01802193  -0.07227227
   2.30926375  -0.07227227
   1.64395738  -0.07227227
   2.51045080  -0.07187187
   2.02046226  -0.07187187
   2.31273651  -0.07187187
   1.65003782  -0.07187187
   2.51166599  -0.07147147
   2.02290334  -0.07147147
   2.31622742  -0.07147147
   1.65611746  -0.07147147
   2.51288107  -0.07107107
   2.02534518  -0.07107107
   2.31973687  -0.07107107
   1.66219639  -0.07107107
   2.51409606  -0.07067067
   2.02778782  -0.07067067
   2.32326528  -0.07067067
   1.66827471  -0.07067067
   2.51531096  -0.07027027
   2.03023126  -0.07027027
   2.32681308  -0.07027027
   1.67435251  -0.07027027
   2.51652579  -0.06986987
   2.03267553  -0.06986987
   2.33038071  -0.06986987
   1.68042989  -0.06986987
   2.51774056  -0.06946947
   2.03512066  -0.06946947
   2.33396861  -0.06946947
   1.68650693  -0.06946947
   2.51895527  -0.06906907
   2.03756665  -0.06906907
   2.33757724  -0.06906907
   1.69258371  -0.06906907
   2.52016992  -0.06866867
   2.04001354  -0.06866867
   2.34120710  -0.06866867
   1.69866032  -0.06866867
   2.52138454  -0.06826827
   2.04246133  -0.06826827
   2.34485867  -0.06826827
   1.70473683  -0.06826827
   2.52259913  -0.06786787
   2.04491006  -0.06786787
   2.34853245  -0.06786787
   1.71081332  -0.06786787
   2.52381370  -0.06746747
   2.04735974  -0.06746747
   2.35222898  -0.06746747
   1.71688985  -0.06746747
   2.52502825  -0.06706707
   2.04981039  -0.06706707
   2.35594879  -0.06706707
   1.72296650  -0.06706707
   2.52624280  -0.06666667
   2.05226204  -0.06666667
   2.35969243  -0.06666667
   1.72904331  -0.06666667
   2.52745736  -0.06626627
   2.05471470  -0.06626627
   2.36346049  -0.06626627
   1.73512036  -0.06626627
   2.52867193  -0.06586587
   2.05716840  -0.06586587
   2.36725355  -0.06586587
   1.74119769  -0.06586587
   2.52988653  -0.06546547
   2.05962316  -0.06546547
   2.37107222  -0.06546547
   1.74727535  -0.06546547
   2.53110116  -0.06506507
   2.06207899  -0.06506507
   2.37491713  -0.06506507
   1.75335340  -0.06506507
   2.53231583  -0.06466466
   2.06453593  -0.06466466
   2.37878893  -0.06466466
   1.75943186  -0.06466466
   2.53353056  -0.06426426
   2.06699398  -0.06426426
   2.38268830  -0.06426426
   1.76551079  -0.06426426
   2.53474534  -0.06386386
   2.06945318  -0.06386386
   2.38661593  -0.06386386
   1.77159020  -0.06386386
   2.53596020  -0.06346346
   2.07191354  -0.06346346
   2.39057253  -0.06346346
   1.77767013  -0.06346346
   2.53717514  -0.06306306
   2.07437508  -0.06306306
   2.39455885  -0.06306306
   1.78375060  -0.06306306
   2.53839017  -0.06266266
   2.07683783  -0.06266266
   2.39857564  -0.06266266
   1.78983163  -0.06266266
   2.53960530  -0.06226226
   2.07930181  -0.06226226
   2.40262372  -0.06226226
   1.79591323  -0.06226226
   2.54082055  -0.06186186
   2.08176704  -0.06186186
   2.40670388  -0.06186186
   1.80199542  -0.06186186
   2.54203591  -0.06146146
   2.08423354  -0.06146146
   2.41081698  -0.06146146
   1.80807819  -0.06146146
   2.54325140  -0.06106106
   2.08670134  -0.06106106
   2.41496390  -0.06106106
   1.81416154  -0.06106106
   2.54446704  -0.06066066
   2.08917045  -0.06066066
   2.41914554  -0.06066066
   1.82024547  -0.06066066
   2.54568282  -0.06026026
   2.09164090  -0.06026026
   2.42336284  -0.06026026
   1.82632995  -0.06026026
   2.54689877  -0.05985986
   2.09411271  -0.05985986
   2.42761678  -0.05985986
   1.83241498  -0.05985986
   2.54811489  -0.05945946
   2.09658590  -0.05945946
   2.43190837  -0.05945946
   1.83850053  -0.05945946
   2.54933119  -0.05905906
   2.09906050  -0.05905906
   2.43623865  -0.05905906
   1.84458656  -0.05905906
   2.55054768  -0.05865866
   2.10153653  -0.05865866
   2.44060870  -0.05865866
   1.85067305  -0.05865866
   2.55176437  -0.05825826
   2.10401401  -0.05825826
   2.44501966  -0.05825826
   1.85675994  -0.05825826
   2.55298128  -0.05785786
   2.10649296  -0.05785786
   2.44947269  -0.05785786
   1.86284720  -0.05785786
   2.55419841  -0.05745746
   2.10897340  -0.05745746
   2.45396900  -0.05745746
   1.86893475  -0.05745746
   2.55541578  -0.05705706
   2.11145537  -0.05705706
   2.45850986  -0.05705706
   1.87502255  -0.05705706
   2.55663339  -0.05665666
   2.11393888  -0.05665666
   2.46309656  -0.05665666
   1.88111052  -0.05665666
   2.55785126  -0.05625626
   2.11642395  -0.05625626
   2.46773048  -0.05625626
   1.88719859  -0.05625626
   2.55906940  -0.05585586
   2.11891062  -0.05585586
   2.47241303  -0.05585586
   1.89328667  -0.05585586
   2.56028782  -0.05545546
   2.12139889  -0.05545546
   2.47714567  -0.05545546
   1.89937467  -0.05545546
   2.56150653  -0.05505506
   2.12388881  -0.05505506
   2.48192995  -0.05505506
   1.90546250  -0.05505506
   2.56272554  -0.05465465
   2.12638038  -0.05465465
   2.48676745  -0.05465465
   1.91155005  -0.05465465
   2.56394487  -0.05425425
   2.12887364  -0.05425425
   2.49165985  -0.05425425
   1.91763721  -0.05425425
   2.56516452  -0.05385385
   2.13136861  -0.05385385
   2.49660888  -0.05385385
   1.92372386  -0.05385385
   2.56638451  -0.05345345
   2.13386531  -0.05345345
   2.50161635  -0.05345345
   1.92980988  -0.05345345
   2.56760485  -0.05305305
   2.13636376  -0.05305305
   2.50668414  -0.05305305
   1.93589512  -0.05305305
   2.56882555  -0.05265265
   2.13886400  -0.05265265
   2.51181424  -0.05265265
   1.94197945  -0.05265265
   2.57004662  -0.05225225
   2.14136604  -0.05225225
   2.51700872  -0.05225225
   1.94806271  -0.05225225
   2.57126808  -0.05185185
   2.14386991  -0.05185185
   2.52226972  -0.05185185
   1.95414475  -0.05185185
   2.57248994  -0.05145145
   2.14637564  -0.05145145
   2.52759951  -0.05145145
   1.96022540  -0.05145145
   2.57371221  -0.05105105
   2.14888325  -0.05105105
   2.53300046  -0.05105105
   1.96630448  -0.05105105
   2.57493490  -0.05065065
   2.15139277  -0.05065065
   2.53847506  -0.05065065
   1.97238181  -0.05065065
   2.57615803  -0.05025025
   2.15390421  -0.05025025
   2.54402591  -0.05025025
   1.97845719  -0.05025025
   2.57738161  -0.04984985
   2.15641761  -0.04984985
   2.54965576  -0.04984985
   1.98453044  -0.04984985
   2.57860565  -0.04944945
   2.15893300  -0.04944945
   2.55536749  -0.04944945
   1.99060133  -0.04944945
   2.57983017  -0.04904905
   2.16145039  -0.04904905
   2.56116413  -0.04904905
   1.99666966  -0.04904905
   2.58105518  -0.04864865
   2.16396982  -0.04864865
   2.56704887  -0.04864865
   2.00273519  -0.04864865
   2.58228069  -0.04824825
   2.16649130  -0.04824825
   2.57302510  -0.04824825
   2.00879771  -0.04824825
   2.58350672  -0.04784785
   2.16901488  -0.04784785
   2.57909637  -0.04784785
   2.01485696  -0.04784785
   2.58473327  -0.04744745
   2.17154056  -0.04744745
   2.58526646  -0.04744745
   2.02091269  -0.04744745
   2.58596038  -0.04704705
   2.17406839  -0.04704705
   2.59153936  -0.04704705
   2.02696466  -0.04704705
   2.58718804  -0.04664665
   2.17659838  -0.04664665
   2.59791929  -0.04664665
   2.03301259  -0.04664665
   2.58841628  -0.04624625
   2.17913057  -0.04624625
   2.60441078  -0.04624625
   2.03905622  -0.04624625
   2.58964510  -0.04584585
   2.18166497  -0.04584585
   2.04509527  -0.04584585
   2.61101859  -0.04584585
   2.59087453  -0.04544545
   2.18420162  -0.04544545
   2.05112945  -0.04544545
   2.61774783  -0.04544545
   2.59210458  -0.04504505
   2.18674055  -0.04504505
   2.05715846  -0.04504505
   2.62460396  -0.04504505
   2.59333525  -0.04464464
   2.18928178  -0.04464464
   2.06318201  -0.04464464
   2.63159282  -0.04464464
   2.59456658  -0.04424424
   2.19182535  -0.04424424
   2.06919980  -0.04424424
   2.63872064  -0.04424424
   2.59579858  -0.04384384
   2.19437127  -0.04384384
   2.07521151  -0.04384384
   2.64599418  -0.04384384
   2.59703125  -0.04344344
   2.19691958  -0.04344344
   2.08121682  -0.04344344
   2.65342066  -0.04344344
   2.59826462  -0.04304304
   2.19947030  -0.04304304
   2.08721542  -0.04304304
   2.66100792  -0.04304304
   2.59949870  -0.04264264
   2.20202347  -0.04264264
   2.09320697  -0.04264264
   2.66876444  -0.04264264
   2.60073352  -0.04224224
   2.20457912  -0.04224224
   2.09919115  -0.04224224
   2.67669943  -0.04224224
   2.60196908  -0.04184184
   2.20713726  -0.04184184
   2.10516762  -0.04184184
   2.68482295  -0.04184184
   2.60320540  -0.04144144
   2.20969794  -0.04144144
   2.11113605  -0.04144144
   2.69314599  -0.04144144
   2.60444250  -0.04104104
   2.21226118  -0.04104104
   2.11709609  -0.04104104
   2.70168062  -0.04104104
   2.60568040  -0.04064064
   2.21482701  -0.04064064
   2.12304740  -0.04064064
   2.71044015  -0.04064064
   2.60691912  -0.04024024
   2.21739546  -0.04024024
   2.12898964  -0.04024024
   2.71943932  -0.04024024
   2.60815867  -0.03983984
   2.21996656  -0.03983984
   2.13492247  -0.03983984
   2.72869454  -0.03983984
   2.60939907  -0.03943944
   2.22254035  -0.03943944
   2.14084553  -0.03943944
   2.73822417  -0.03943944
   2.61064034  -0.03903904
   2.22511684  -0.03903904
   2.14675850  -0.03903904
   2.74804886  -0.03903904
   2.61188250  -0.03863864
   2.22769608  -0.03863864
   2.15266101  -0.03863864
   2.75819204  -0.03863864
   2.61312557  -0.03823824
   2.23027810  -0.03823824
   2.15855275  -0.03823824
   2.76868038  -0.03823824
   2.61436957  -0.03783784
   2.23286291  -0.03783784
   2.16443336  -0.03783784
   2.77954459  -0.03783784
   2.61561452  -0.03743744
   2.23545057  -0.03743744
   2.17030253  -0.03743744
   2.79082027  -0.03743744
   2.61686043  -0.03703704
   2.23804109  -0.03703704
   2.17615991  -0.03703704
   2.80254915  -0.03703704
   2.61810734  -0.03663664
   2.24063451  -0.03663664
   2.18200518  -0.03663664
   2.81478068  -0.03663664
   2.61935525  -0.03623624
   2.24323087  -0.03623624
   2.18783804  -0.03623624
   2.82757421  -0.03623624
   2.62060419  -0.03583584
   2.24583019  -0.03583584
   2.19365817  -0.03583584
   2.84100212  -0.03583584
   2.62185419  -0.03543544
   2.24843251  -0.03543544
   2.19946527  -0.03543544
   2.85515421  -0.03543544
   2.62310526  -0.03503504
   2.25103785  -0.03503504
   2.20525904  -0.03503504
   2.87014428  -0.03503504
   2.62435742  -0.03463463
   2.25364627  -0.03463463
   2.21103921  -0.03463463
   2.88612033  -0.03463463
   2.62561071  -0.03423423
   2.25625777  -0.03423423
   2.21680550  -0.03423423
   2.90328109  -0.03423423
   2.62686514  -0.03383383
   2.25887241  -0.03383383
   2.22255766  -0.03383383
   2.92190449  -0.03383383
   2.62812073  -0.03343343
   2.26149022  -0.03343343
   2.22829543  -0.03343343
   2.94240077  -0.03343343
   2.62937751  -0.03303303
   2.26411122  -0.03303303
   2.23401859  -0.03303303
   2.96542282  -0.03303303
   2.63063550  -0.03263263
   2.26673546  -0.03263263
   2.23972689  -0.03263263
   2.99213361  -0.03263263
   2.63189473  -0.03223223
   2.26936296  -0.03223223
   2.24542016  -0.03223223
   3.02504255  -0.03223223
   2.63315523  -0.03183183
   2.27199377  -0.03183183
   2.25109818  -0.03183183
   3.07250182  -0.03183183
   2.63441701  -0.03143143
   2.27462791  -0.03143143
   2.25676078  -0.03143143
   2.63568012  -0.03103103
   2.27726543  -0.03103103
   2.26240781  -0.03103103
   2.63694456  -0.03063063
   2.27990636  -0.03063063
   2.26803913  -0.03063063
   2.63821037  -0.03023023
   2.28255073  -0.03023023
   2.27365461  -0.03023023
   2.63947758  -0.02982983
   2.28519858  -0.02982983
   2.27925414  -0.02982983
   2.64074621  -0.02942943
   2.28784995  -0.02942943
   2.28483764  -0.02942943
   2.64201629  -0.02902903
   2.29050488  -0.02902903
   2.29040504  -0.02902903
   2.64328786  -0.02862863
   2.29316340  -0.02862863
   2.29595630  -0.02862863
   2.64456095  -0.02822823
   2.29582555  -0.02822823
   2.30149138  -0.02822823
   2.64583557  -0.02782783
   2.29849136  -0.02782783
   2.30701029  -0.02782783
   2.64711177  -0.02742743
   2.30116088  -0.02742743
   2.31251303  -0.02742743
   2.64838958  -0.02702703
   2.30383414  -0.02702703
   2.31799964  -0.02702703
   2.64966903  -0.02662663
   2.30651118  -0.02662663
   2.32347017  -0.02662663
   2.65095015  -0.02622623
   2.30919205  -0.02622623
   2.32892471  -0.02622623
   2.65223298  -0.02582583
   2.31187677  -0.02582583
   2.33436335  -0.02582583
   2.65351754  -0.02542543
   2.31456539  -0.02542543
   2.33978620  -0.02542543
   2.65480389  -0.02502503
   2.31725795  -0.02502503
   2.34519342  -0.02502503
   2.65609205  -0.02462462
   2.31995449  -0.02462462
   2.35058516  -0.02462462
   2.65738205  -0.02422422
   2.32265504  -0.02422422
   2.35596160  -0.02422422
   2.65867395  -0.02382382
   2.32535966  -0.02382382
   2.36132296  -0.02382382
   2.65996777  -0.02342342
   2.32806837  -0.02342342
   2.36666944  -0.02342342
   2.66126355  -0.02302302
   2.33078122  -0.02302302
   2.37200131  -0.02302302
   2.66256135  -0.02262262
   2.33349826  -0.02262262
   2.37731882  -0.02262262
   2.66386119  -0.02222222
   2.33621952  -0.02222222
   2.38262225  -0.02222222
   2.66516312  -0.02182182
   2.33894504  -0.02182182
   2.38791192  -0.02182182
   2.66646719  -0.02142142
   2.34167487  -0.02142142
   2.39318814  -0.02142142
   2.66777343  -0.02102102
   2.34440904  -0.02102102
   2.39845127  -0.02102102
   2.66908190  -0.02062062
   2.34714761  -0.02062062
   2.40370165  -0.02062062
   2.67039263  -0.02022022
   2.34989062  -0.02022022
   2.40893968  -0.02022022
   2.67170569  -0.01981982
   2.35263810  -0.01981982
   2.41416575  -0.01981982
   2.67302111  -0.01941942
   2.35539010  -0.01941942
   2.41938028  -0.01941942
   2.67433895  -0.01901902
   2.35814666  -0.01901902
   2.42458369  -0.01901902
   2.67565926  -0.01861862
   2.36090784  -0.01861862
   2.42977644  -0.01861862
   2.67698209  -0.01821822
   2.36367366  -0.01821822
   2.43495900  -0.01821822
   2.67830750  -0.01781782
   2.36644418  -0.01781782
   2.44013185  -0.01781782
   2.67963554  -0.01741742
   2.36921944  -0.01741742
   2.44529549  -0.01741742
   2.68096627  -0.01701702
   2.37199949  -0.01701702
   2.45045043  -0.01701702
   2.68229974  -0.01661662
   2.37478436  -0.01661662
   2.45559720  -0.01661662
   2.68363602  -0.01621622
   2.37757411  -0.01621622
   2.46073635  -0.01621622
   2.68497518  -0.01581582
   2.38036878  -0.01581582
   2.46586844  -0.01581582
   2.68631726  -0.01541542
   2.38316842  -0.01541542
   2.47099405  -0.01541542
   2.68766234  -0.01501502
   2.38597306  -0.01501502
   2.47611376  -0.01501502
   2.68901049  -0.01461461
   2.38878276  -0.01461461
   2.48122817  -0.01461461
   2.69036177  -0.01421421
   2.39159757  -0.01421421
   2.48633792  -0.01421421
   2.69171625  -0.01381381
   2.39441752  -0.01381381
   2.49144362  -0.01381381
   2.69307401  -0.01341341
   2.39724266  -0.01341341
   2.49654592  -0.01341341
   2.69443513  -0.01301301
   2.40007304  -0.01301301
   2.50164550  -0.01301301
   2.69579967  -0.01261261
   2.40290871  -0.01261261
   2.50674301  -0.01261261
   2.69716772  -0.01221221
   2.40574971  -0.01221221
   2.51183915  -0.01221221
   2.69853936  -0.01181181
   2.40859608  -0.01181181
   2.51693463  -0.01181181
   2.69991468  -0.01141141
   2.41144788  -0.01141141
   2.52203017  -0.01141141
   2.70129376  -0.01101101
   2.41430515  -0.01101101
   2.52712649  -0.01101101
   2.70267669  -0.01061061
   2.41716793  -0.01061061
   2.53222435  -0.01061061
   2.70406356  -0.01021021
   2.42003627  -0.01021021
   2.53732451  -0.01021021
   2.70545447  -0.00980981
   2.42291021  -0.00980981
   2.54242776  -0.00980981
   2.70684951  -0.00940941
   2.42578981  -0.00940941
   2.54753488  -0.00940941
   2.70824879  -0.00900901
   2.42867510  -0.00900901
   2.55264670  -0.00900901
   2.70965241  -0.00860861
   2.43156613  -0.00860861
   2.55776405  -0.00860861
   2.71106048  -0.00820821
   2.43446295  -0.00820821
   2.56288778  -0.00820821
   2.71247311  -0.00780781
   2.43736559  -0.00780781
   2.56801876  -0.00780781
   2.71389042  -0.00740741
   2.44027411  -0.00740741
   2.57315788  -0.00740741
   2.71531251  -0.00700701
   2.44318854  -0.00700701
   2.57830605  -0.00700701
   2.71673952  -0.00660661
   2.44610893  -0.00660661
   2.58346420  -0.00660661
   2.71817157  -0.00620621
   2.44903532  -0.00620621
   2.58863330  -0.00620621
   2.71960879  -0.00580581
   2.45196776  -0.00580581
   2.59381433  -0.00580581
   2.72105132  -0.00540541
   2.45490627  -0.00540541
   2.59900829  -0.00540541
   2.72249929  -0.00500501
   2.45785091  -0.00500501
   2.60421621  -0.00500501
   2.72395286  -0.00460460
   2.46080170  -0.00460460
   2.60943917  -0.00460460
   2.72541216  -0.00420420
   2.46375870  -0.00420420
   2.61467826  -0.00420420
   2.72687736  -0.00380380
   2.46672194  -0.00380380
   2.61993461  -0.00380380
   2.72834862  -0.00340340
   2.46969144  -0.00340340
   2.62520938  -0.00340340
   2.72982610  -0.00300300
   2.47266726  -0.00300300
   2.63050377  -0.00300300
   2.73130998  -0.00260260
   2.47564942  -0.00260260
   2.63581903  -0.00260260
   2.73280042  -0.00220220
   2.47863796  -0.00220220
   2.64115646  -0.00220220
   2.73429763  -0.00180180
   2.48163294  -0.00180180
   2.64651743  -0.00180180
   2.73580197  -0.00140140
   2.48463618  -0.00140140
   2.65190701  -0.00140140
   2.73731307  -0.00100100
   2.48764189  -0.00100100
   2.65731469  -0.00100100
   2.73883174  -0.00060060
   2.49065625  -0.00060060
   2.66275457  -0.00060060
   2.74035797  -0.00020020
   2.49367708  -0.00020020
   2.66822369  -0.00020020
   2.74189200   0.00020020
   2.49670442   0.00020020
   2.67372372   0.00020020
   2.74343405   0.00060060
   2.49973830   0.00060060
   2.67925634   0.00060060
   2.74498437   0.00100100
   2.50277875   0.00100100
   2.68482333   0.00100100
   2.74654320   0.00140140
   2.50582576   0.00140140
   2.69042653   0.00140140
   2.74811081   0.00180180
   2.50887936   0.00180180
   2.69606786   0.00180180
   2.74968746   0.00220220
   2.51193955   0.00220220
   2.70174935   0.00220220
   2.75127344   0.00260260
   2.51500634   0.00260260
   2.70747313   0.00260260
   2.75286904   0.00300300
   2.51807971   0.00300300
   2.71324144   0.00300300
   2.75447457   0.00340340
   2.52115968   0.00340340
   2.71905665   0.00340340
   2.75609034   0.00380380
   2.52424622   0.00380380
   2.72492127   0.00380380
   2.75771667   0.00420420
   2.52733933   0.00420420
   2.73083795   0.00420420
   2.75935393   0.00460460
   2.53043900   0.00460460
   2.73680949   0.00460460
   2.76100246   0.00500501
   2.53354519   0.00500501
   2.74283890   0.00500501
   2.76266264   0.00540541
   2.53665788   0.00540541
   2.74892935   0.00540541
   2.76433486   0.00580581
   2.53977704   0.00580581
   2.75508427   0.00580581
   2.76601953   0.00620621
   2.54290262   0.00620621
   2.76130729   0.00620621
   2.76771706   0.00660661
   2.54603459   0.00660661
   2.76760233   0.00660661
   2.76942792   0.00700701
   2.54917288   0.00700701
   2.77397360   0.00700701
   2.77115255   0.00740741
   2.55231744   0.00740741
   2.78042564   0.00740741
   2.77289144   0.00780781
   2.55546820   0.00780781
   2.78696337   0.00780781
   2.77464509   0.00820821
   2.55862508   0.00820821
   2.79359212   0.00820821
   2.77641405   0.00860861
   2.56178800   0.00860861
   2.80031771   0.00860861
   2.77819884   0.00900901
   2.56495687   0.00900901
   2.80714648   0.00900901
   2.78000007   0.00940941
   2.56813158   0.00940941
   2.81408537   0.00940941
   2.78181832   0.00980981
   2.57131202   0.00980981
   2.82114206   0.00980981
   2.78365422   0.01021021
   2.57449806   0.01021021
   2.82832499   0.01021021
   2.78550844   0.01061061
   2.57768957   0.01061061
   2.83564357   0.01061061
   2.78738167   0.01101101
   2.58088640   0.01101101
   2.84310828   0.01101101
   2.78927463   0.01141141
   2.58408840   0.01141141
   2.85073087   0.01141141
   2.79118808   0.01181181
   2.58729537   0.01181181
   2.85852460   0.01181181
   2.79312281   0.01221221
   2.59050715   0.01221221
   2.86650454   0.01221221
   2.79507967   0.01261261
   2.59372353   0.01261261
   2.87468790   0.01261261
   2.79705950   0.01301301
   2.59694429   0.01301301
   2.88309452   0.01301301
   2.79906324   0.01341341
   2.60016919   0.01341341
   2.89174746   0.01341341
   2.80109183   0.01381381
   2.60339800   0.01381381
   2.90067379   0.01381381
   2.80314629   0.01421421
   2.60663043   0.01421421
   2.90990566   0.01421421
   2.80522766   0.01461461
   2.60986621   0.01461461
   2.91948171   0.01461461
   2.80733705   0.01501502
   2.61310502   0.01501502
   2.92944913   0.01501502
   2.80947561   0.01541542
   2.61634655   0.01541542
   2.93986649   0.01541542
   2.81164456   0.01581582
   2.61959045   0.01581582
   2.95080809   0.01581582
   2.81384518   0.01621622
   2.62283636   0.01621622
   2.96237055   0.01621622
   2.81607881   0.01661662
   2.62608388   0.01661662
   2.97468352   0.01661662
   2.81834684   0.01701702
   2.62933261   0.01701702
   2.98792800   0.01701702
   2.82065076   0.01741742
   2.63258211   0.01741742
   3.00237034   0.01741742
   2.82299212   0.01781782
   2.63583193   0.01781782
   3.01843207   0.01781782
   2.82537253   0.01821822
   2.63908159   0.01821822
   3.03685653   0.01821822
   2.82779372   0.01861862
   2.64233059   0.01861862
   3.05921529   0.01861862
   2.83025748   0.01901902
   2.64557839   0.01901902
   3.09043153   0.01901902
   2.83276568   0.01941942
   2.64882444   0.01941942
   2.83532033   0.01981982
   2.65206817   0.01981982
   2.83792349   0.02022022
   2.65530896   0.02022022
   2.84057738   0.02062062
   2.65854620   0.02062062
   2.84328429   0.02102102
   2.66177924   0.02102102
   2.84604666   0.02142142
   2.66500740   0.02142142
   2.84886703   0.02182182
   2.66822998   0.02182182
   2.85174812   0.02222222
   2.67144626   0.02222222
   2.85469276   0.02262262
   2.67465551   0.02262262
   2.85770394   0.02302302
   2.67785698   0.02302302
   2.86078485   0.02342342
   2.68104989   0.02342342
   2.86393881   0.02382382
   2.68423344   0.02382382
   2.86716938   0.02422422
   2.68740685   0.02422422
   2.69056931   0.02462462
   2.87048031   0.02462462
   2.69371999   0.02502503
   2.87387558   0.02502503
   2.69685807   0.02542543
   2.87735942   0.02542543
   2.69998275   0.02582583
   2.88093637   0.02582583
   2.70309319   0.02622623
   2.88461122   0.02622623
   2.70618859   0.02662663
   2.88838914   0.02662663
   2.70926814   0.02702703
   2.89227567   0.02702703
   2.71233106   0.02742743
   2.89627679   0.02742743
   2.71537659   0.02782783
   2.90039893   0.02782783
   2.71840398   0.02822823
   2.90464911   0.02822823
   2.72141250   0.02862863
   2.90903495   0.02862863
   2.72440148   0.02902903
   2.91356484   0.02902903
   2.72737026   0.02942943
   2.91824798   0.02942943
   2.73031823   0.02982983
   2.92309460   0.02982983
   2.73324481   0.03023023
   2.92811609   0.03023023
   2.73614947   0.03063063
   2.93332525   0.03063063
   2.73903174   0.03103103
   2.93873660   0.03103103
   2.74189119   0.03143143
   2.94436668   0.03143143
   2.74472743   0.03183183
   2.95023460   0.03183183
   2.74754015   0.03223223
   2.95636262   0.03223223
   2.75032908   0.03263263
   2.96277698   0.03263263
   2.75309400   0.03303303
   2.96950907   0.03303303
   2.75583475   0.03343343
   2.97659697   0.03343343
   2.75855125   0.03383383
   2.98408772   0.03383383
   2.76124344   0.03423423
   2.99204068   0.03423423
   2.76391133   0.03463463
   3.00053263   0.03463463
   2.76655499   0.03503504
   3.00966601   0.03503504
   2.76917453   0.03543544
   3.01958291   0.03543544
   2.77177012   0.03583584
   3.03049073   0.03583584
   2.77434197   0.03623624
   3.04271428   0.03623624
   2.77689034   0.03663664
   3.05681764   0.03663664
   2.77941552   0.03703704
   3.07396267   0.03703704
   2.78191785   0.03743744
   3.09756371   0.03743744
   2.78439771   0.03783784
   2.78685548   0.03823824
   2.78929164   0.03863864
   2.79170662   0.03903904
   2.79410092   0.03943944
   2.79647505   0.03983984
   2.79882953   0.04024024
   2.80116491   0.04064064
   2.80348173   0.04104104
   2.80578057   0.04144144
   2.80806200   0.04184184
   2.81032660   0.04224224
   2.81257495   0.04264264
   2.81480764   0.04304304
   2.81702525   0.04344344
   2.81922838   0.04384384
   2.82141761   0.04424424
   2.82359351   0.04464464
   2.82575668   0.04504505
   2.82790767   0.04544545
   2.83004705   0.04584585
   2.83217540   0.04624625
   2.83429325   0.04664665
   2.83640116   0.04704705
   2.83849966   0.04744745
   2.84058929   0.04784785
   2.84267057   0.04824825
   2.84474401   0.04864865
   2.84681012   0.04904905
   2.84886939   0.04944945
   2.85092232   0.04984985
   2.85296939   0.05025025
   2.85501108   0.05065065
   2.85704784   0.05105105
   2.85908015   0.05145145
   2.86110845   0.05185185
   2.86313319   0.05225225
   2.86515482   0.05265265
   2.86717375   0.05305305
   2.86919043   0.05345345
   2.87120528   0.05385385
   2.87321871   0.05425425
   2.87523114   0.05465465
   2.87724299   0.05505506
   2.87925464   0.05545546
   2.88126652   0.05585586
   2.88327902   0.05625626
   2.88529254   0.05665666
   2.88730748   0.05705706
   2.88932424   0.05745746
   2.89134321   0.05785786
   2.89336478   0.05825826
   2.89538936   0.05865866
   2.89741734   0.05905906
   2.89944912   0.05945946
   2.90148511   0.05985986
   2.90352571   0.06026026
   2.90557132   0.06066066
   2.90762236   0.06106106
   2.90967924   0.06146146
   2.91174240   0.06186186
   2.91381225   0.06226226
   2.91588924   0.06266266
   2.91797382   0.06306306
   2.92006642   0.06346346
   2.92216753   0.06386386
   2.92427760   0.06426426
   2.92639714   0.06466466
   2.92852663   0.06506507
   2.93066659   0.06546547
   2.93281756   0.06586587
   2.93498007   0.06626627
   2.93715469   0.06666667
   2.93934200   0.06706707
   2.94154261   0.06746747
   2.94375715   0.06786787
   2.94598627   0.06826827
   2.94823065   0.06866867
   2.95049100   0.06906907
   2.95276807   0.06946947
   2.95506264   0.06986987
   2.95737552   0.07027027
   2.95970758   0.07067067
   2.96205971   0.07107107
   2.96443287   0.07147147
   2.96682808   0.07187187
   2.96924639   0.07227227
   2.97168895   0.07267267
   2.97415696   0.07307307
   2.97665170   0.07347347
   2.97917455   0.07387387
   2.98172698   0.07427427
   2.98431057   0.07467467
   2.98692701   0.07507508
   2.98957812   0.07547548
   2.99226590   0.07587588
   2.99499249   0.07627628
   2.99776023   0.07667668
   3.00057166   0.07707708
   3.00342958   0.07747748
   3.00633708   0.07787788
   3.00929753   0.07827828
   3.01231471   0.07867868
   3.01539281   0.07907908
   3.01853652   0.07947948
   3.02175115   0.07987988
   3.02504266   0.08028028
   3.02841792   0.08068068
   3.03188476   0.08108108
   3.03545228   0.08148148
   3.03913114   0.08188188
   3.04293392   0.08228228
   3.04687568   0.08268268
   3.05097467   0.08308308
   3.05525344   0.08348348
   3.05974032   0.08388388
   3.06447175   0.08428428
   3.06949604   0.08468468
   3.07487947   0.08508509
   3.08071742   0.08548549
   3.08715612   0.08588589
   3.09444125   0.08628629
   3.10305007   0.08668669
   3.11420389   0.08708709
   3.13746011   0.08748749
