0.401 0.608862 1.2243767313
0.402 0.611578 1.2465373961
0.403 0.61432 1.2465373961
0.404 0.617061 1.2465373961
0.405 0.619802 1.2465373961
0.406 0.622542 1.2465373961
0.407 0.62528 1.2465373961
0.408 0.628062 1.2908587258
0.409 0.630866 1.2908587258
0.41 0.633672 1.2908587258
0.411 0.636479 1.2908587258
0.412 0.639288 1.2908587258
0.413 0.642099 1.3351800554
0.414 0.644973 1.3351800554
0.415 0.647851 1.3351800554
0.416 0.650732 1.3351800554
0.417 0.653614 1.3351800554
0.418 0.656497 1.3351800554
0.419 0.659381 1.3351800554
0.201 0.149449 0.6269789015
0.202 0.151082 0.6294159845
0.203 0.152725 0.6339756881
0.204 0.154377 0.6358624620
0.205 0.156038 0.6388498541
0.206 0.157708 0.6426234019
0.207 0.159388 0.6459252562
0.208 0.161076 0.6489126483
0.209 0.162774 0.6517428091
0.21 0.164479 0.6547302012
0.211 0.166194 0.6577962088
0.212 0.167919 0.6619628345
0.213 0.169652 0.6636923772
0.214 0.171393 0.6669942316
0.215 0.173143 0.6706891638
0.216 0.174903 0.6739910182
0.217 0.17667 0.6770570258
0.218 0.178446 0.6795727243
0.219 0.180231 0.6832676566
0.22 0.182024 0.6862550486
0.221 0.183826 0.6893996718
0.222 0.185636 0.6917581392
0.223 0.187454 0.6958461493
0.224 0.189281 0.6988335413
0.225 0.191116 0.7019781645
0.226 0.192959 0.7044938631
0.227 0.19481 0.7086604888
0.228 0.196669 0.7110189562
0.229 0.198536 0.7143994261
0.23 0.200412 0.7170723558
0.231 0.202294 0.7202955946
0.232 0.204185 0.7240691424
0.233 0.206085 0.7272137656
0.234 0.207991 0.7297294641
0.235 0.209905 0.7326382406
0.236 0.211827 0.7364904040
0.237 0.213757 0.7391633337
0.238 0.215694 0.7423079569
0.239 0.217639 0.7451381177
0.24 0.219591 0.7483613565
0.241 0.221551 0.7515845953
0.242 0.223518 0.7550436808
0.243 0.225492 0.7577166105
0.244 0.227473 0.7607826181
0.245 0.229462 0.7643989348
0.246 0.231459 0.7675435579
0.247 0.233462 0.7702164877
0.248 0.235472 0.7732824953
0.249 0.237489 0.7765057340
0.25 0.239513 0.7799648195
0.251 0.241545 0.7826377492
0.252 0.243583 0.7860968347
0.253 0.245627 0.7888483800
0.254 0.247679 0.7927005434
