#--------  atom file: ir.ir  -  start   --------
     3                                                       #NL
   0.3484850       0.053030       0.010714  
    77            2.836009      2.836009
   0.06992                                                !EF
    -.60000000000000000000                                            !Potential Shift
    0                                              !Swap spin
    2                                              !NS   
   405
        674.383       -7699136       -3793528       -2492188
       -1841911       -1452056       -1192407       -1007159
        -868409      -760655.4      -674597.1      -604315.4
      -545864.4      -496512.4      -454308.2      -417820.9
      -385977.5      -357957.2      -333121.8      -310967.5
      -291091.3      -273166.8        -256927      -242151.5
      -228656.5      -216287.6      -204914.4      -194425.4
      -184725.5      -175732.5      -167375.1      -159591.2
      -152326.8        -145534      -139170.8      -133200.1
      -127588.6      -122306.9      -117328.5      -112629.8
      -108189.5      -103988.3      -100008.8      -96235.23
      -92653.31      -89249.96      -86013.25      -82932.28
      -79997.08      -77198.47      -74528.02      -71977.96
      -69541.14      -67210.92      -64981.18      -62846.24
      -60800.83      -58840.06      -56959.35      -55154.48
      -53421.47      -51756.63       -50156.5      -48617.85
      -47137.65      -45713.05      -44341.38      -43020.15
      -41746.98      -40519.67      -39336.12      -38194.37
      -37092.55      -36028.91      -35001.79      -34009.62
      -33050.92      -32124.27      -31228.36      -30361.91
      -29523.72      -28712.67      -27927.66      -27167.66
      -26431.71      -25718.86      -25028.24         -24359
      -23710.33      -23081.47      -22471.68      -21880.27
      -21306.56      -20749.92      -20209.75      -19685.44
      -19176.46      -18682.26      -18202.33      -17736.18
      -17283.35      -16843.37      -16415.83       -16000.3
      -15596.38      -15203.71       -14821.9       -14450.6
      -14089.49      -13738.23       -13396.5      -13064.02
      -12740.48       -12425.6      -12119.13       -11820.8
      -11530.36      -11247.57      -10972.21      -10704.03
      -10442.84      -10188.42      -9940.578      -9699.112
      -9463.839      -9234.579      -9011.157      -8793.406
      -8581.163      -8374.271      -8172.579       -7975.94
      -7784.213       -7597.26      -7414.949      -7237.152
      -7063.744      -6894.606      -6729.621      -6568.677
      -6411.665      -6258.479      -6109.016      -5963.179
       -5820.87      -5681.996      -5546.467      -5414.195
      -5285.095      -5159.084      -5036.082      -4916.012
      -4798.798      -4684.365      -4572.644      -4463.564
       -4357.06      -4253.064      -4151.514      -4052.348
      -3955.507      -3860.932      -3768.567      -3678.358
       -3590.25      -3504.192      -3420.135      -3338.028
      -3257.826      -3179.482       -3102.95      -3028.189
      -2955.155      -2883.807      -2814.106      -2746.012
      -2679.488      -2614.496      -2551.002      -2488.969
      -2428.364      -2369.154      -2311.307       -2254.79
      -2199.573      -2145.627      -2092.921      -2041.427
      -1991.117      -1941.964      -1893.942      -1847.024
      -1801.185        -1756.4      -1712.646      -1669.898
      -1628.134      -1587.331      -1547.468      -1508.523
      -1470.476      -1433.305      -1396.993      -1361.519
      -1326.864      -1293.012      -1259.943       -1227.64
      -1196.088      -1165.268      -1135.166      -1105.765
      -1077.051      -1049.007       -1021.62      -994.8747
      -968.7573      -943.2539      -918.3509      -894.0351
      -870.2935      -847.1135      -824.4825      -802.3886
        -780.82      -759.7651      -739.2128      -719.1521
      -699.5725      -680.4636      -661.8154      -643.6181
      -625.8621      -608.5381      -591.6369      -575.1497
      -559.0676      -543.3821      -528.0847       -513.167
      -498.6209      -484.4381      -470.6108      -457.1309
      -443.9907      -431.1824      -418.6983       -406.531
      -394.6729      -383.1167      -371.8552      -360.8813
      -350.1881      -339.7688      -329.6167      -319.7255
      -310.0888      -300.7007      -291.5552      -282.6467
      -273.9697      -265.5189      -257.2893      -249.2759
      -241.4738      -233.8784      -226.4851      -219.2893
      -212.2867      -205.4727      -198.8432      -192.3937
      -186.1199      -180.0178      -174.0832      -168.3121
      -162.7006       -157.245      -151.9417      -146.7872
      -141.7784      -136.9121      -132.1852      -127.5949
      -123.1385      -118.8135      -114.6171       -110.547
      -106.6008       -102.776      -99.07026      -95.48122
      -92.00649      -88.64374      -85.39047      -82.24435
      -79.20282      -76.26342      -73.42365      -70.68089
      -68.03266      -65.47628      -63.00919      -60.62879
      -58.33243      -56.11758      -53.98163      -51.92203
      -49.93631      -48.02194      -46.17658      -44.39781
      -42.68335      -41.03097      -39.43847       -37.9038
      -36.42488      -34.99979      -33.62662      -32.30353
      -31.02883      -29.80074       -28.6177      -27.47808
      -26.38037      -25.32311       -24.3048      -23.32416
      -22.37976      -21.47032       -20.5946      -19.75132
       -18.9394       -18.1576      -17.40491      -16.68023
      -15.98255      -15.31096      -14.66444      -14.04221
      -13.44335      -12.86707      -12.31262       -11.7792
      -11.26619      -10.77281      -10.29848      -9.842529
      -9.404335      -8.983363      -8.578958      -8.190675
      -7.817881       -7.46011      -7.116846      -6.787563
      -6.471863      -6.169183      -5.879161      -5.601295
      -5.335182      -5.080425      -4.836567      -4.603315
       -4.38019      -4.166904      -3.963064      -3.768333
      -3.582418      -3.404936      -3.235679      -3.074261
      -2.920461      -2.773982      -2.634555      -2.501974
      -2.375929      -2.256279      -2.142721      -2.035092
      -1.933174      -1.836755      -1.745696      -1.659749
      -1.578826      -1.502688      -1.431225      -1.364273
      -1.301675       -1.24334      -1.189075      -1.138836
      -1.092438      -1.049816      -1.010853     -0.9754402
     -0.9435267     -0.9149694     -0.8897646     -0.8677689
     -0.8489612     -0.8332567     -0.8205942      -0.810893
     -0.8042154
   405
        674.383       -7699136       -3793528       -2492188
       -1841911       -1452056       -1192407       -1007159
        -868409      -760655.4      -674597.1      -604315.4
      -545864.4      -496512.4      -454308.2      -417820.9
      -385977.5      -357957.2      -333121.8      -310967.5
      -291091.3      -273166.8        -256927      -242151.5
      -228656.5      -216287.6      -204914.4      -194425.4
      -184725.5      -175732.5      -167375.1      -159591.2
      -152326.8        -145534      -139170.8      -133200.1
      -127588.6      -122306.9      -117328.5      -112629.8
      -108189.5      -103988.3      -100008.8      -96235.23
      -92653.31      -89249.96      -86013.25      -82932.28
      -79997.08      -77198.47      -74528.02      -71977.96
      -69541.14      -67210.92      -64981.18      -62846.24
      -60800.83      -58840.06      -56959.35      -55154.48
      -53421.47      -51756.63       -50156.5      -48617.85
      -47137.65      -45713.05      -44341.38      -43020.15
      -41746.98      -40519.67      -39336.12      -38194.37
      -37092.55      -36028.91      -35001.79      -34009.62
      -33050.92      -32124.27      -31228.36      -30361.91
      -29523.72      -28712.67      -27927.66      -27167.66
      -26431.71      -25718.86      -25028.24         -24359
      -23710.33      -23081.47      -22471.68      -21880.27
      -21306.56      -20749.92      -20209.75      -19685.44
      -19176.46      -18682.26      -18202.33      -17736.18
      -17283.35      -16843.37      -16415.83       -16000.3
      -15596.38      -15203.71       -14821.9       -14450.6
      -14089.49      -13738.23       -13396.5      -13064.02
      -12740.48       -12425.6      -12119.13       -11820.8
      -11530.36      -11247.57      -10972.21      -10704.03
      -10442.84      -10188.42      -9940.578      -9699.112
      -9463.839      -9234.579      -9011.157      -8793.406
      -8581.163      -8374.271      -8172.579       -7975.94
      -7784.213       -7597.26      -7414.949      -7237.152
      -7063.744      -6894.606      -6729.621      -6568.677
      -6411.665      -6258.479      -6109.016      -5963.179
       -5820.87      -5681.996      -5546.467      -5414.195
      -5285.095      -5159.084      -5036.082      -4916.012
      -4798.798      -4684.365      -4572.644      -4463.564
       -4357.06      -4253.064      -4151.514      -4052.348
      -3955.507      -3860.932      -3768.567      -3678.358
       -3590.25      -3504.192      -3420.135      -3338.028
      -3257.826      -3179.482       -3102.95      -3028.189
      -2955.155      -2883.807      -2814.106      -2746.012
      -2679.488      -2614.496      -2551.002      -2488.969
      -2428.364      -2369.154      -2311.307       -2254.79
      -2199.573      -2145.627      -2092.921      -2041.427
      -1991.117      -1941.964      -1893.942      -1847.024
      -1801.185        -1756.4      -1712.646      -1669.898
      -1628.134      -1587.331      -1547.468      -1508.523
      -1470.476      -1433.305      -1396.993      -1361.519
      -1326.864      -1293.012      -1259.943       -1227.64
      -1196.088      -1165.268      -1135.166      -1105.765
      -1077.051      -1049.007       -1021.62      -994.8747
      -968.7573      -943.2539      -918.3509      -894.0351
      -870.2935      -847.1135      -824.4825      -802.3886
        -780.82      -759.7651      -739.2128      -719.1521
      -699.5725      -680.4636      -661.8154      -643.6181
      -625.8621      -608.5381      -591.6369      -575.1497
      -559.0676      -543.3821      -528.0847       -513.167
      -498.6209      -484.4381      -470.6108      -457.1309
      -443.9907      -431.1824      -418.6983       -406.531
      -394.6729      -383.1167      -371.8552      -360.8813
      -350.1881      -339.7688      -329.6167      -319.7255
      -310.0888      -300.7007      -291.5552      -282.6467
      -273.9697      -265.5189      -257.2893      -249.2759
      -241.4738      -233.8784      -226.4851      -219.2893
      -212.2867      -205.4727      -198.8432      -192.3937
      -186.1199      -180.0178      -174.0832      -168.3121
      -162.7006       -157.245      -151.9417      -146.7872
      -141.7784      -136.9121      -132.1852      -127.5949
      -123.1385      -118.8135      -114.6171       -110.547
      -106.6008       -102.776      -99.07026      -95.48122
      -92.00649      -88.64374      -85.39047      -82.24435
      -79.20282      -76.26342      -73.42365      -70.68089
      -68.03266      -65.47628      -63.00919      -60.62879
      -58.33243      -56.11758      -53.98163      -51.92203
      -49.93631      -48.02194      -46.17658      -44.39781
      -42.68335      -41.03097      -39.43847       -37.9038
      -36.42488      -34.99979      -33.62662      -32.30353
      -31.02883      -29.80074       -28.6177      -27.47808
      -26.38037      -25.32311       -24.3048      -23.32416
      -22.37976      -21.47032       -20.5946      -19.75132
       -18.9394       -18.1576      -17.40491      -16.68023
      -15.98255      -15.31096      -14.66444      -14.04221
      -13.44335      -12.86707      -12.31262       -11.7792
      -11.26619      -10.77281      -10.29848      -9.842529
      -9.404335      -8.983363      -8.578958      -8.190675
      -7.817881       -7.46011      -7.116846      -6.787563
      -6.471863      -6.169183      -5.879161      -5.601295
      -5.335182      -5.080425      -4.836567      -4.603315
       -4.38019      -4.166904      -3.963064      -3.768333
      -3.582418      -3.404936      -3.235679      -3.074261
      -2.920461      -2.773982      -2.634555      -2.501974
      -2.375929      -2.256279      -2.142721      -2.035092
      -1.933174      -1.836755      -1.745696      -1.659749
      -1.578826      -1.502688      -1.431225      -1.364273
      -1.301675       -1.24334      -1.189075      -1.138836
      -1.092438      -1.049816      -1.010853     -0.9754402
     -0.9435267     -0.9149694     -0.8897646     -0.8677689
     -0.8489612     -0.8332567     -0.8205942      -0.810893
     -0.8042154
