  0.000000000000000E+000   2.321165073181063E-006   4.713020146895035E-006   7.177718052163330E-006   9.717477183472776E-006
  1.233458349548044E-005   1.503139256052711E-005   1.781033168881138E-005   2.067390211313276E-005   2.362468124016991E-005
  2.666532497032074E-005   2.979857008819200E-005   3.302723672589016E-005   3.635423090133069E-005   3.978254713385032E-005
  4.331527113947663E-005   4.695558260828068E-005   5.070675806631281E-005   5.457217382469719E-005   5.855530901853971E-005
  6.265974873838459E-005   6.688918725703762E-005   7.124743135466130E-005   7.573840374513376E-005   8.036614660675618E-005
  8.513482522048600E-005   9.004873171897107E-005   9.511228894975870E-005   1.003300544561569E-004   1.057067245793312E-004
  1.112471386853286E-004   1.169562835208336E-004   1.228392977015770E-004   1.289014763374369E-004   1.351482757983949E-004
  1.415853186256375E-004   1.482183985922225E-004   1.550534859178663E-004   1.620967326425442E-004   1.693544781637418E-004
  1.768332549423407E-004   1.845397943822742E-004   1.924810328892453E-004   2.006641181139599E-004   2.090964153854951E-004
  2.177855143405924E-004   2.267392357548432E-004   2.359656385819146E-004   2.454730272071520E-004   2.552699589220858E-004
  2.653652516265723E-004   2.757679917654985E-004   2.864875425071951E-004   2.975335521709211E-004   3.089159629110019E-004
  3.206450196654396E-004   3.327312793770478E-004   3.451856204954143E-004   3.580192527682389E-004   3.712437273308630E-004
  3.848709471030720E-004   3.989131775025258E-004   4.133830574844629E-004   4.282936109176132E-004   4.436582583065590E-004
  4.594908288710954E-004   4.758055729934609E-004   4.926171750446439E-004   5.099407666013076E-004   5.277919400652306E-004
  5.461867626975209E-004   5.651417910802351E-004   5.846740860184204E-004   6.048012278959910E-004   6.255413324992593E-004
  6.469130673223673E-004   6.689356683692912E-004   6.916289574675434E-004   7.150133601091551E-004   7.391099238349989E-004
  7.639403371789942E-004   7.895269491892540E-004   8.158927895437360E-004   8.430615892785064E-004   8.710578021472757E-004
  8.999066266314266E-004   9.296340286203493E-004   9.602667647824934E-004   9.918324066481769E-004   1.024359365425823E-003
  1.057876917573968E-003   1.092415231152047E-003   1.128005392973688E-003   1.164679436586936E-003   1.202470371106617E-003
  1.241412210924763E-003   1.281540006325862E-003   1.322889875034485E-003   1.365499034723668E-003   1.409405836513335E-003
  1.454649799488896E-003   1.501271646271089E-003   1.549313339669085E-003   1.598818120449855E-003   1.649830546257774E-003
  1.702396531719512E-003   1.756563389770294E-003   1.812379874238740E-003   1.869896223728595E-003   1.929164206836872E-003
  1.990237168749076E-003   2.053170079253477E-003   2.118019582217628E-003   2.184844046571670E-003   2.253703618844307E-003
  2.324660277298746E-003   2.397777887717314E-003   2.473122260884974E-003   2.550761211823475E-003   2.630764620829448E-003
  2.713204496371390E-003   2.798155039902149E-003   2.885692712645234E-003   2.975896304415086E-003   3.068847004533222E-003
  3.164628474904108E-003   3.263326925316523E-003   3.365031191038182E-003   3.469832812773480E-003   3.577826119056297E-003
  3.689108311152059E-003   3.803779550545422E-003   3.921943049092381E-003   4.043705161917907E-003   4.169175483142729E-003
  4.298466944525451E-003   4.431695917108753E-003   4.568982315961184E-003   4.710449708108824E-003   4.856225423753940E-003
  5.006440670880767E-003   5.161230653351554E-003   5.320734692599163E-003   5.485096353025761E-003   5.654463571220477E-003
  5.828988789112317E-003   6.008829091178189E-003   6.194146345829535E-003   6.385107351104835E-003   6.581883984799089E-003
  6.784653359165444E-003   6.993597980328173E-003   7.208905912550504E-003   7.430770947505164E-003   7.659392778699948E-003
  7.894977181215370E-003   8.137736196916117E-003   8.387888325303043E-003   8.645658720177474E-003   8.911279392294821E-003
  9.184989418189919E-003   9.467035155362060E-003   9.757670464013353E-003   1.005715693554006E-002   1.036576412798249E-002
  1.068376980864547E-002   1.101146020410760E-002   1.134913025784458E-002   1.169708389569817E-002   1.205563429943003E-002
  1.242510418860639E-002   1.280582611106747E-002   1.319814274224299E-002   1.360240719358317E-002   1.401898333038289E-002
  1.444824609928501E-002   1.489058186575763E-002   1.534638876184915E-002   1.581607704453394E-002   1.630006946497132E-002
  1.679880164901015E-002   1.731272248928151E-002   1.784229454923233E-002   1.838799447946376E-002   1.895031344674885E-002
  1.952975757611583E-002   2.012684840639479E-002   2.074212335963781E-002   2.137613622483512E-002   2.202945765636254E-002
  2.270267568760898E-002   2.339639626024613E-002   2.411124376961692E-002   2.484786162673342E-002   2.560691283739025E-002
  2.638908059891448E-002   2.719506891508939E-002   2.802560322980540E-002   2.888143108000848E-002   2.976332276853394E-002
  3.067207205743092E-002   3.160849688240185E-002   3.257344008899977E-002   3.356777019124624E-002   3.459238215335259E-002
  3.564819819524808E-002   3.673616862264015E-002   3.785727268235365E-002   3.901251944371912E-002   4.020294870680328E-002
  4.142963193829931E-002   4.269367323591913E-002   4.399621032215597E-002   4.533841556831132E-002   4.672149704970830E-002
  4.814669963304097E-002   4.961530609683838E-002   5.112863828605185E-002   5.268805830180469E-002   5.429496972737506E-002
  5.595081889151576E-002   5.765709617024768E-002   5.941533732829887E-002   6.122712490139640E-002   6.309408962065537E-002
  6.501791188034704E-002   6.700032325036702E-002   6.904310803476511E-002   7.114810487773937E-002   7.331720841854006E-002
  7.555237099677274E-002   7.785560440963586E-002   8.022898172267387E-002   8.267463913567631E-002   8.519477790540170E-002
  8.779166632685727E-002   9.046764177491755E-002   9.322511280811957E-002   9.606656133652806E-002   9.899454485562215E-002
  0.102011698748214        0.105120738656470        0.108324462926176        0.111625755125431        0.115027586640058     
  0.118533019348052        0.122145208375474        0.125867404936277        0.129702959258623        0.133655323600310     
  0.137728055356037        0.141924820259302        0.146249395681809        0.150705674033355        0.155297666265265     
  0.160029505480516        0.164905450653810        0.169929890464939        0.175107347248894        0.180442481066269     
  0.185940093897632        0.191605133965631        0.197442700188729        0.203458046770573        0.209656587929137     
  0.216043902769877        0.222625740307306        0.229408024639494        0.236396860280160        0.243598537653140     
  0.251019538754198        0.258666542985257        0.266546433166314        0.274666301730439        0.283033457107449     
  0.291655430301982        0.300539981671915        0.309695107913205        0.319129049257459        0.328850296888697     
  0.338867600585991        0.349189976598857        0.359826715762488        0.370787391860132        0.382081870240146     
  0.393720316695471        0.405713206613536        0.418071334404811        0.430805823218508        0.443928134954162     
  0.457450080578118        0.471383830754196        0.485741926798112        0.500537291965505        0.515783243083743     
  0.531493502537965        0.547682210622155        0.564363938266357        0.581553700151504        0.599266968223634     
  0.617519685619695        0.636328281017439        0.655709683422341        0.675681337404849        0.696261218801676     
