0.83 0.005577 3.3606904641
0.831 0.0056609 3.3640517498
0.832 0.00574609 3.3680432766
0.833 0.00583257 3.3716146426
0.834 0.00592036 3.3779170533
0.835 0.00600932 3.3791775354
0.836 0.00609984 3.3842194639
0.837 0.00619164 3.3880009103
0.838 0.00628473 3.3875807496
0.839 0.00637951 3.3964041246
0.84 0.00647552 3.3989250888
0.841 0.00657317 3.4056476602
0.842 0.00667223 3.4098492673
0.843 0.00677285 3.4136307137
0.844 0.0068752 3.4188827226
0.845 0.00697895 3.4235044905
0.846 0.00708428 3.4247649726
0.847 0.00719156 3.4298069011
0.848 0.00730052 3.4331681868
0.849 0.00741117 3.4375798743
0.85 0.00752361 3.4438822850
0.851 0.00763784 3.4468234100
0.852 0.0077542 3.4497645349
0.853 0.00787232 3.4552266242
0.854 0.00799252 3.4562770260
0.855 0.00811472 3.4634197581
0.857 0.00836572 3.4693020080
0.858 0.00849447 3.4718229723
0.859 0.00862588 3.4802261865
0.86 0.00875977 3.4819068294
0.861 0.00889671 3.4856882758
0.862 0.00903688 3.4882092400
0.863 0.00918088 3.4911503650
0.864 0.00933068 3.4993434989
0.865 0.00949 3.5010241417
0.866 0.00967199 3.5041753471
0.867 0.00997903 3.5092172756
0.868 0.00958003 3.5138390434
0.869 0.00993343 3.5180406505
0.87 0.010129 3.5239229005
0.871 0.0103043 3.5251833826
0.872 0.0104753 3.5331664362
0.874 0.0108167 3.5394688468
0.875 0.0109898 3.5430402129
0.876 0.0111654 3.5470317396
0.877 0.0113435 3.5501829450
0.878 0.0115244 3.5569055164
0.879 0.0117081 3.5577458378
0.88 0.0118951 3.5640482485
0.881 0.0120855 3.5682498556
0.882 0.0122791 3.5707708198
0.883 0.0124759 3.5726615430
0.884 0.0126765 3.5791740341
0.885 0.0128805 3.5823252394
0.886 0.0130882 3.5863167662
0.887 0.0133 3.5913586947
0.888 0.0135156 3.5968207839
0.889 0.0137349 3.6010223911
0.89 0.0139586 3.6024929536
0.891 0.0141862 3.6073248017
0.892 0.0144185 3.6127868910
0.893 0.0146551 3.6106860874
0.894 0.0148956 3.6174086588
0.895 0.0151409 3.6216102659
0.896 0.0153915 3.6272824355
0.897 0.0156462 3.6325344444
0.898 0.0159058 3.6386267747
0.899 0.0161707 3.6419880604
0.901 0.016716 3.6482904711
0.902 0.0169967 3.6493408729
0.903 0.0172824 3.6566936853
0.904 0.0175748 3.6583743282
0.905 0.0178716 3.6665674621
0.906 0.0181749 3.6705589888
0.907 0.0184841 3.6737101941
0.908 0.018799 3.6760210781
0.909 0.0191211 3.6823234887
0.91 0.019449 3.6835839709
0.911 0.0197841 3.6863150155
0.912 0.0201248 3.6911468637
0.913 0.0204734 3.6970291136
0.914 0.0208285 3.7020710422
0.915 0.0211914 3.7029113636
0.916 0.0215609 3.7096339350
0.917 0.0219377 3.7111044975
0.918 0.0223227 3.7169867474
0.919 0.0227152 3.7190875510
0.92 0.0231169 3.7241294795
0.921 0.0235252 3.7272806849
0.922 0.0239425 3.7298016491
0.923 0.0243689 3.7361040598
0.924 0.024803 3.7440871133
0.925 0.0252465 3.7466080776
0.926 0.0256987 3.7470282383
0.927 0.0261606 3.7512298454
0.928 0.0266326 3.7585826579
0.929 0.027114 3.7594229793
0.93 0.0276049 3.7657253900
0.931 0.0281069 3.7686665149
0.932 0.028618 3.7722378810
0.933 0.0291407 3.7737084435
0.934 0.0296734 3.7842124613
0.935 0.0302172 3.7871535862
0.936 0.0307721 3.7905148719
0.937 0.0313387 3.7955568005
0.938 0.0319175 3.7993382469
0.939 0.0325076 3.8016491308
0.94 0.0331105 3.8060608183
0.941 0.0337255 3.8106825861
0.942 0.0343532 3.8157245146
0.944 0.035647 3.8228672467
0.945 0.0363128 3.8253882110
0.946 0.0369937 3.8312704610
0.947 0.0376878 3.8346317466
0.948 0.0383969 3.8391134609
0.949 0.0391192 3.8426148002
0.95 0.0398572 3.8453458448
0.951 0.0406083 3.8512280947
0.952 0.0413762 3.8558498626
0.953 0.0421584 3.8604716304
0.954 0.0429566 3.8604716304
0.955 0.0437703 3.8669841214
0.956 0.0445998 3.8713958089
0.957 0.0454464 3.8760175767
0.958 0.0463089 3.8776982196
0.96 0.0480847 3.8867316749
0.961 0.0489988 3.8898828802
0.962 0.0499298 3.8970256123
0.963 0.0508777 3.8982860944
0.964 0.0518436 3.9041683444
0.965 0.0528277 3.9071094694
0.966 0.0538301 3.9117312372
0.967 0.05485 3.9146723622
0.968 0.0558897 3.9188739693
0.969 0.0569473 3.9234957371
0.97 0.0580238 3.9274872639
0.971 0.0591194 3.9310586299
0.972 0.0602338 3.9363106388
0.973 0.0613675 3.9421928888
0.974 0.0625205 3.9438735316
0.975 0.0636926 3.9480751387
0.976 0.0648843 3.9505961030
0.977 0.0660956 3.9560581923
0.978 0.067326 3.9575287547
0.979 0.0685765 3.9634110047
0.98 0.0698462 3.9688730940
0.981 0.0711355 3.9713940582
0.982 0.0724448 3.9760158261
0.983 0.0737733 3.9816879957
0.984 0.0751213 3.9852593617
0.985 0.0764889 3.9892508885
0.986 0.0778756 3.9913516920
0.987 0.0792813 3.9951331384
0.988 0.0807066 4.0010153884
0.989 0.0821501 4.0014355491
0.99 0.0836135 4.0081581205
0.992 0.0865961 4.0169814954
0.993 0.0881129 4.0207629418
0.994 0.0896493 4.0251746293
0.995 0.0912032 4.0293762364
0.996 0.0927748 4.0327375221
0.997 0.0943633 4.0356786471
0.998 0.0959694 4.0371492096
0.999 0.0975915 4.0451322631
1 0.0992297 4.0489137095
1.001 0.100885 4.0529052363
1.002 0.102555 4.0564766023
1.003 0.104241 4.0619386915
1.004 0.105941 4.0640394951
1.005 0.107657 4.0684511826
1.006 0.109385 4.0713923076
1.007 0.111128 4.0768543968
1.008 0.112884 4.0814761646
1.009 0.114653 4.0837870485
1.01 0.116435 4.0911398610
1.011 0.118228 4.0957616288
1.012 0.120034 4.0970221110
1.013 0.12185 4.1033245216
1.014 0.123678 4.1033245216
1.015 0.125515 4.1079462895
1.016 0.127363 4.1119378162
1.017 0.129218 4.1146688608
