POT:
  305    2    0.030000    2.906164
 0.340199477D+00 0.340199477D+00 0.340199477D+00 0.340199477D+00 0.340199477D+00
 0.340199477D+00 0.340199477D+00 0.340199477D+00 0.340199477D+00 0.340199477D+00
 0.340199477D+00 0.340199477D+00 0.340199477D+00 0.340199477D+00 0.340199477D+00
 0.340199477D+00 0.340199477D+00 0.340199477D+00 0.340199477D+00 0.340199477D+00
 0.340199477D+00 0.340199477D+00 0.340199477D+00 0.340199477D+00 0.340199477D+00
 0.340199477D+00 0.340199477D+00 0.340199477D+00 0.340199477D+00 0.340199477D+00
 0.340199477D+00 0.340199477D+00 0.340199477D+00 0.340199477D+00 0.340199477D+00
 0.340199477D+00 0.340199477D+00 0.340199477D+00 0.340199477D+00 0.340199477D+00
 0.340199477D+00 0.340199477D+00 0.340199477D+00 0.340199477D+00 0.340199477D+00
 0.340199477D+00 0.340199477D+00 0.340199477D+00 0.340199477D+00 0.340199477D+00
 0.340199477D+00 0.340199477D+00 0.340199477D+00 0.340199477D+00 0.340199477D+00
 0.340199477D+00 0.340199477D+00 0.340199477D+00 0.340199477D+00 0.340199477D+00
 0.340199477D+00 0.340199477D+00 0.340199477D+00 0.340199477D+00 0.340199477D+00
 0.340199477D+00 0.340199477D+00 0.340199477D+00 0.340199477D+00 0.340199477D+00
 0.340199477D+00 0.340199477D+00 0.340199477D+00 0.340199477D+00 0.340199477D+00
 0.340199477D+00 0.340199477D+00 0.340199477D+00 0.340199477D+00 0.340199477D+00
 0.340199477D+00 0.340199477D+00 0.340199477D+00 0.340199477D+00 0.340199477D+00
 0.340199477D+00 0.340199477D+00 0.340199477D+00 0.340199477D+00 0.340199477D+00
 0.340199477D+00 0.340199477D+00 0.340199477D+00 0.340199477D+00 0.340199477D+00
 0.340199477D+00 0.340199477D+00 0.340199477D+00 0.340199477D+00 0.340199477D+00
 0.340199477D+00 0.340199477D+00 0.340199477D+00 0.340199477D+00 0.340199477D+00
 0.340199477D+00 0.340199477D+00 0.340199477D+00 0.340199477D+00 0.340199477D+00
 0.340199477D+00 0.340199477D+00 0.340199477D+00 0.340199477D+00 0.340199477D+00
 0.340199477D+00 0.340199477D+00 0.340199477D+00 0.340199477D+00 0.340199477D+00
 0.340199477D+00 0.340199477D+00 0.340199477D+00 0.340199477D+00 0.340199477D+00
 0.340199477D+00 0.340199477D+00 0.340199477D+00 0.340199477D+00 0.340199477D+00
 0.340199477D+00 0.340199477D+00 0.340199477D+00 0.340199477D+00 0.340199477D+00
 0.340199477D+00 0.340199477D+00 0.340199477D+00 0.340199477D+00 0.340199477D+00
 0.340199477D+00 0.340199477D+00 0.340199477D+00 0.340199477D+00 0.340199477D+00
 0.340199477D+00 0.340199477D+00 0.340199477D+00 0.340199477D+00 0.340199477D+00
 0.340199477D+00 0.340199477D+00 0.340199477D+00 0.340199477D+00 0.340199477D+00
 0.340199477D+00 0.340199477D+00 0.340199477D+00 0.340199477D+00 0.340199477D+00
 0.340199477D+00 0.340199477D+00 0.340199477D+00 0.340199477D+00 0.340199477D+00
 0.340199477D+00 0.340199477D+00 0.340199477D+00 0.340199477D+00 0.340199477D+00
 0.340199477D+00 0.340199477D+00 0.340199477D+00 0.340199477D+00 0.340199477D+00
 0.340199477D+00 0.340199477D+00 0.340199477D+00 0.340199477D+00 0.340199477D+00
 0.340199477D+00 0.340199477D+00 0.340199477D+00 0.340199477D+00 0.340199477D+00
 0.340199477D+00 0.340199477D+00 0.340199477D+00 0.340199477D+00 0.340199477D+00
 0.340199477D+00 0.340199477D+00 0.340199477D+00 0.340199477D+00 0.340199477D+00
 0.340199477D+00 0.340199477D+00 0.340199477D+00 0.340199477D+00 0.340199477D+00
 0.340199477D+00 0.340199477D+00 0.340199477D+00 0.340199477D+00 0.340199477D+00
 0.340199477D+00 0.340199477D+00 0.340199477D+00 0.340199477D+00 0.340199477D+00
 0.340199477D+00 0.340199477D+00 0.340199477D+00 0.340199477D+00 0.340199477D+00
 0.340199477D+00 0.340199477D+00 0.340199477D+00 0.340199477D+00 0.340199477D+00
 0.340199477D+00 0.340199477D+00 0.340199477D+00 0.340199477D+00 0.340199477D+00
 0.340199477D+00 0.340199477D+00 0.340199477D+00 0.340199477D+00 0.340199477D+00
 0.340199477D+00 0.340199477D+00 0.340199477D+00 0.340199477D+00 0.340199477D+00
 0.340199477D+00 0.340199477D+00 0.340199477D+00 0.340199477D+00 0.340199477D+00
 0.340199477D+00 0.340199477D+00 0.340199477D+00 0.340199477D+00 0.340199477D+00
 0.340199477D+00 0.340199477D+00 0.340199477D+00 0.340199477D+00 0.340199477D+00
 0.340199477D+00 0.340199477D+00 0.340199477D+00 0.340199477D+00 0.340199477D+00
 0.340199477D+00 0.340199477D+00 0.340199477D+00 0.340199477D+00 0.340199477D+00
 0.340199477D+00 0.340199477D+00 0.340199477D+00 0.340199477D+00 0.340199477D+00
 0.340199477D+00 0.340199477D+00 0.340199477D+00 0.340199477D+00 0.340199477D+00
 0.340199477D+00 0.340199477D+00 0.340199477D+00 0.340199477D+00 0.340199477D+00
 0.340199477D+00 0.340199477D+00 0.340199477D+00 0.340199477D+00 0.340199477D+00
 0.340199477D+00 0.340199477D+00 0.340199477D+00 0.340199477D+00 0.340199477D+00
 0.340199477D+00 0.340199477D+00 0.340199477D+00 0.340199477D+00 0.340199477D+00
 0.340199477D+00 0.340199477D+00 0.340199477D+00 0.340199477D+00 0.340199477D+00
 0.340199477D+00 0.340199477D+00 0.340199477D+00 0.340199477D+00 0.340199477D+00
 0.340199477D+00 0.340199477D+00 0.340199477D+00 0.340199477D+00 0.340199477D+00
 0.340199477D+00 0.340199477D+00 0.340199477D+00 0.340199477D+00 0.340199477D+00
 0.340199477D+00 0.340199477D+00 0.340199477D+00 0.340199477D+00 0.340199477D+00
 0.340199477D+00 0.340199477D+00 0.340199477D+00 0.340199477D+00 0.340199477D+00
 0.340199477D+00 0.340199477D+00 0.340199477D+00 0.340199477D+00 0.340199477D+00
 0.340199477D+00 0.340199477D+00 0.340199477D+00 0.340199477D+00 0.340199477D+00
 0.340199477D+00 0.340199477D+00 0.340199477D+00 0.340199477D+00 0.340199477D+00
 0.340199477D+00 0.340199477D+00 0.340199477D+00 0.340199477D+00 0.340199477D+00
 0.340199477D+00 0.340199477D+00 0.340199477D+00 0.340199477D+00 0.340199477D+00
 0.340199477D+00 0.340199477D+00 0.340199477D+00 0.340199477D+00 0.340199477D+00
 0.340199477D+00 0.340199477D+00 0.340199477D+00 0.340199477D+00 0.340199477D+00
 0.340199477D+00 0.340199477D+00 0.340199477D+00 0.340199477D+00 0.340199477D+00
 0.340199477D+00 0.340199477D+00 0.340199477D+00 0.340199477D+00 0.340199477D+00
 0.340199477D+00 0.340199477D+00 0.340199477D+00 0.340199477D+00 0.340199477D+00
 0.340199477D+00 0.340199477D+00 0.340199477D+00 0.340199477D+00 0.340199477D+00
 0.340199477D+00 0.340199477D+00 0.340199477D+00 0.340199477D+00 0.340199477D+00
 0.340199477D+00 0.340199477D+00 0.340199477D+00 0.340199477D+00 0.340199477D+00
 0.340199477D+00 0.340199477D+00 0.340199477D+00 0.340199477D+00 0.340199477D+00
 0.340199477D+00 0.340199477D+00 0.340199477D+00 0.340199477D+00 0.340199477D+00
 0.340199477D+00 0.340199477D+00 0.340199477D+00 0.340199477D+00 0.340199477D+00
 0.340199477D+00 0.340199477D+00 0.340199477D+00 0.340199477D+00 0.340199477D+00
 0.340199477D+00 0.340199477D+00 0.340199477D+00 0.340199477D+00 0.340199477D+00
 0.340199477D+00 0.340199477D+00 0.340199477D+00 0.340199477D+00 0.340199477D+00
 0.340199477D+00 0.340199477D+00 0.340199477D+00 0.340199477D+00 0.340199477D+00
 0.340199477D+00 0.340199477D+00 0.340199477D+00 0.340199477D+00 0.340199477D+00
 0.340199477D+00 0.340199477D+00 0.340199477D+00 0.340199477D+00 0.340199477D+00
 0.340199477D+00 0.340199477D+00 0.340199477D+00 0.340199477D+00 0.340199477D+00
 0.340199477D+00 0.340199477D+00 0.340199477D+00 0.340199477D+00 0.340199477D+00
 0.340199477D+00 0.340199477D+00 0.340199477D+00 0.340199477D+00 0.340199477D+00
 0.340199477D+00 0.340199477D+00 0.340199477D+00 0.340199477D+00 0.340199477D+00
 0.340199477D+00 0.340199477D+00 0.340199477D+00 0.340199477D+00 0.340199477D+00
 0.340199477D+00 0.340199477D+00 0.340199477D+00 0.340199477D+00 0.340199477D+00
 0.340199477D+00 0.340199477D+00 0.340199477D+00 0.340199477D+00 0.340199477D+00
 0.340199477D+00 0.340199477D+00 0.340199477D+00 0.340199477D+00 0.340199477D+00
 0.340199477D+00 0.340199477D+00 0.340199477D+00 0.340199477D+00 0.340199477D+00
 0.340199477D+00 0.340199477D+00 0.340199477D+00 0.340199477D+00 0.340199477D+00
 0.340199477D+00 0.340199477D+00 0.340199477D+00 0.340199477D+00 0.340199477D+00
 0.340199477D+00 0.340199477D+00 0.340199477D+00 0.340199477D+00 0.340199477D+00
 0.340199477D+00 0.340199477D+00 0.340199477D+00 0.340199477D+00 0.340199477D+00
 0.340199477D+00 0.340199477D+00 0.340199477D+00 0.340199477D+00 0.340199477D+00
 0.340199477D+00 0.340199477D+00 0.340199477D+00 0.340199477D+00 0.340199477D+00
 0.340199477D+00 0.340199477D+00 0.340199477D+00 0.340199477D+00 0.340199477D+00
 0.340199477D+00 0.340199477D+00 0.340199477D+00 0.340199477D+00 0.340199477D+00
 0.340199477D+00 0.340199477D+00 0.340199477D+00 0.340199477D+00 0.340199477D+00
 0.340199477D+00 0.340199477D+00 0.340199477D+00 0.340199477D+00 0.340199477D+00
 0.340199477D+00 0.340199477D+00 0.340199477D+00 0.340199477D+00 0.340199477D+00
 0.340199477D+00 0.340199477D+00 0.340199477D+00 0.340199477D+00 0.340199477D+00
 0.340199477D+00 0.340199477D+00 0.340199477D+00 0.340199477D+00 0.340199477D+00
 0.340199477D+00 0.340199477D+00 0.340199477D+00 0.340199477D+00 0.340199477D+00
 0.340199477D+00 0.340199477D+00 0.340199477D+00 0.340199477D+00 0.340199477D+00
 0.340199477D+00 0.340199477D+00 0.340199477D+00 0.340199477D+00 0.340199477D+00
 0.340199477D+00 0.340199477D+00 0.340199477D+00 0.340199477D+00 0.340199477D+00
 0.340199477D+00 0.340199477D+00 0.340199477D+00 0.340199477D+00 0.340199477D+00
 0.340199477D+00 0.340199477D+00 0.340199477D+00 0.340199477D+00 0.340199477D+00
 0.340199477D+00 0.340199477D+00 0.340199477D+00 0.340199477D+00 0.340199477D+00
 0.340199477D+00 0.340199477D+00 0.340199477D+00 0.340199477D+00 0.340199477D+00
 0.340199477D+00 0.340199477D+00 0.340199477D+00 0.340199477D+00 0.340199477D+00
 0.340199477D+00 0.340199477D+00 0.340199477D+00 0.340199477D+00 0.340199477D+00
 0.340199477D+00 0.340199477D+00 0.340199477D+00 0.340199477D+00 0.340199477D+00
 0.340199477D+00 0.340199477D+00 0.340199477D+00 0.340199477D+00 0.340199477D+00
 0.340199477D+00 0.340199477D+00 0.340199477D+00 0.340199477D+00 0.340199477D+00
 0.340199477D+00 0.340199477D+00 0.340199477D+00 0.340199477D+00 0.340199477D+00
