#  Bulk results for: Ni, IVXC=0, NK=   60
     3                                                      # NL
   0.3484850      0.5303000E-01  0.1071400E-01
    28.00000       2.618000       2.618000                  # AZ, WSR
  -0.7957683E-01                                            # Fermi Energy
    0.0E+00                                                 # Pot.Shift
     0                                                      # SW
     2                                                      # NS
   400                                                      #     Ni     IS=1
    0.000000      -2799793.      -1379562.      -906346.4    
   -669882.5      -528117.8      -433701.2      -366339.5    
   -315886.2      -276704.2      -245411.5      -219855.6    
   -198601.8      -180656.6      -165310.6      -152043.5    
   -140465.0      -130276.7      -121246.6      -113191.4    
   -105964.5      -99447.29      -93542.72      -88170.58    
   -83264.06      -78767.04      -74632.03      -70818.58    
   -67292.02      -64022.49      -60984.07      -58154.22    
   -55513.21      -53043.71      -50730.43      -48559.81    
   -46519.82      -44599.73      -42789.94      -41081.84    
   -39467.66      -37940.43      -36493.81      -35122.06    
   -33819.98      -32582.82      -31406.24      -30286.29    
   -29219.32      -28202.01      -27231.28      -26304.33    
   -25418.53      -24571.48      -23760.96      -22984.89    
   -22241.37      -21528.61      -20844.95      -20188.84    
   -19558.86      -18953.65      -18371.96      -17812.60    
   -17274.49      -16756.57      -16257.89      -15777.54    
   -15314.64      -14868.41      -14438.07      -14022.92    
   -13622.27      -13235.49      -12861.97      -12501.14    
   -12152.47      -11815.44      -11489.56      -11174.39    
   -10869.48      -10574.41      -10288.80      -10012.27    
   -9744.462      -9485.044      -9233.691      -8990.095    
   -8753.964      -8525.019      -8302.994      -8087.635    
   -7878.699      -7675.955      -7479.180      -7288.162    
   -7102.700      -6922.598      -6747.671      -6577.741    
   -6412.637      -6252.196      -6096.261      -5944.682    
   -5797.314      -5654.019      -5514.663      -5379.119    
   -5247.265      -5118.981      -4994.155      -4872.677    
   -4754.442      -4639.349      -4527.301      -4418.204    
   -4311.968      -4208.506      -4107.733      -4009.570    
   -3913.938      -3820.762      -3729.969      -3641.491    
   -3555.258      -3471.206      -3389.272      -3309.396    
   -3231.518      -3155.581      -3081.532      -3009.316    
   -2938.883      -2870.183      -2803.167      -2737.790    
   -2674.007      -2611.775      -2551.050      -2491.792    
   -2433.963      -2377.523      -2322.435      -2268.665    
   -2216.176      -2164.935      -2114.910      -2066.069    
   -2018.381      -1971.816      -1926.345      -1881.940    
   -1838.575      -1796.221      -1754.855      -1714.450    
   -1674.982      -1636.429      -1598.767      -1561.973    
   -1526.027      -1490.908      -1456.594      -1423.066    
   -1390.305      -1358.292      -1327.009      -1296.437    
   -1266.561      -1237.362      -1208.825      -1180.934    
   -1153.673      -1127.027      -1100.982      -1075.522    
   -1050.636      -1026.308      -1002.525      -979.2760    
   -956.5470      -934.3262      -912.6019      -891.3625    
   -870.5968      -850.2939      -830.4431      -811.0342    
   -792.0571      -773.5019      -755.3591      -737.6195    
   -720.2739      -703.3135      -686.7297      -670.5142    
   -654.6587      -639.1554      -623.9963      -609.1741    
   -594.6812      -580.5105      -566.6548      -553.1074    
   -539.8614      -526.9103      -514.2476      -501.8671    
   -489.7625      -477.9279      -466.3572      -455.0448    
   -443.9849      -433.1721      -422.6007      -412.2657    
   -402.1617      -392.2837      -382.6268      -373.1860    
   -363.9567      -354.9342      -346.1140      -337.4919    
   -329.0633      -320.8243      -312.7707      -304.8987    
   -297.2042      -289.6837      -282.3334      -275.1498    
   -268.1294      -261.2689      -254.5649      -248.0142    
   -241.6137      -235.3603      -229.2510      -223.2829    
   -217.4530      -211.7587      -206.1969      -200.7652    
   -195.4607      -190.2809      -185.2232      -180.2850    
   -175.4638      -170.7572      -166.1627      -161.6778    
   -157.3004      -153.0279      -148.8581      -144.7888    
   -140.8176      -136.9424      -133.1611      -129.4714    
   -125.8712      -122.3586      -118.9314      -115.5877    
   -112.3256      -109.1431      -106.0383      -103.0096    
   -100.0550      -97.17295      -94.36171      -91.61969    
   -88.94532      -86.33710      -83.79356      -81.31329    
   -78.89493      -76.53716      -74.23870      -71.99833    
   -69.81482      -67.68701      -65.61374      -63.59387    
   -61.62628      -59.70986      -57.84349      -56.02607    
   -54.25649      -52.53364      -50.85642      -49.22372    
   -47.63446      -46.08755      -44.58193      -43.11656    
   -41.69043      -40.30255      -38.95198      -37.63780    
   -36.35916      -35.11521      -33.90517      -32.72829    
   -31.58384      -30.47117      -29.38961      -28.33855    
   -27.31740      -26.32560      -25.36260      -24.42787    
   -23.52090      -22.64119      -21.78823      -20.96154    
   -20.16064      -19.38505      -18.63427      -17.90784    
   -17.20526      -16.52605      -15.86971      -15.23576    
   -14.62370      -14.03301      -13.46321      -12.91377    
   -12.38419      -11.87396      -11.38254      -10.90944    
   -10.45413      -10.01609      -9.594811      -9.189783    
   -8.800494      -8.426443      -8.067131      -7.722065    
   -7.390763      -7.072747      -6.767551      -6.474716    
   -6.193795      -5.924351      -5.665960      -5.418207    
   -5.180692      -4.953025      -4.734830      -4.525745    
   -4.325419      -4.133514      -3.949707      -3.773686    
   -3.605153      -3.443821      -3.289417      -3.141679    
   -3.000356      -2.865210      -2.736012      -2.612545    
   -2.494601      -2.381981      -2.274497      -2.171968    
   -2.074220      -1.981091      -1.892421      -1.808061    
   -1.727865      -1.651696      -1.579421      -1.510914    
   -1.446053      -1.384721      -1.326808      -1.272207    
   -1.220816      -1.172537      -1.127280      -1.084955    
   -1.045481      -1.008778     -0.9747717     -0.9433939    
  -0.9145792     -0.8882672     -0.8644017     -0.8429312    
  -0.8238079     -0.8069885     -0.7924335     -0.7801072    
  -0.7699775     -0.7620160     -0.7561972     -0.7524991    
   400                                                      #     Ni     IS=2
    0.000000      -2799793.      -1379562.      -906346.4    
   -669882.5      -528117.8      -433701.2      -366339.5    
   -315886.2      -276704.2      -245411.5      -219855.6    
   -198601.8      -180656.6      -165310.6      -152043.5    
   -140465.0      -130276.7      -121246.6      -113191.4    
   -105964.5      -99447.29      -93542.72      -88170.58    
   -83264.06      -78767.04      -74632.03      -70818.58    
   -67292.02      -64022.49      -60984.07      -58154.22    
   -55513.21      -53043.71      -50730.43      -48559.81    
   -46519.82      -44599.73      -42789.94      -41081.84    
   -39467.66      -37940.43      -36493.81      -35122.06    
   -33819.98      -32582.82      -31406.24      -30286.29    
   -29219.32      -28202.01      -27231.28      -26304.33    
   -25418.53      -24571.48      -23760.96      -22984.89    
   -22241.37      -21528.61      -20844.95      -20188.84    
   -19558.86      -18953.65      -18371.96      -17812.60    
   -17274.49      -16756.57      -16257.89      -15777.54    
   -15314.64      -14868.41      -14438.07      -14022.92    
   -13622.27      -13235.49      -12861.97      -12501.14    
   -12152.47      -11815.44      -11489.56      -11174.39    
   -10869.48      -10574.41      -10288.80      -10012.27    
   -9744.463      -9485.045      -9233.691      -8990.095    
   -8753.964      -8525.019      -8302.995      -8087.636    
   -7878.700      -7675.955      -7479.180      -7288.163    
   -7102.700      -6922.598      -6747.671      -6577.741    
   -6412.637      -6252.196      -6096.261      -5944.682    
   -5797.314      -5654.019      -5514.663      -5379.120    
   -5247.265      -5118.981      -4994.155      -4872.677    
   -4754.442      -4639.349      -4527.301      -4418.205    
   -4311.968      -4208.506      -4107.733      -4009.570    
   -3913.938      -3820.762      -3729.970      -3641.491    
   -3555.258      -3471.206      -3389.273      -3309.396    
   -3231.518      -3155.582      -3081.532      -3009.316    
   -2938.883      -2870.183      -2803.167      -2737.791    
   -2674.008      -2611.775      -2551.050      -2491.792    
   -2433.963      -2377.523      -2322.436      -2268.665    
   -2216.176      -2164.936      -2114.911      -2066.069    
   -2018.381      -1971.816      -1926.345      -1881.941    
   -1838.575      -1796.221      -1754.855      -1714.450    
   -1674.983      -1636.429      -1598.767      -1561.974    
   -1526.028      -1490.908      -1456.594      -1423.066    
   -1390.305      -1358.292      -1327.009      -1296.438    
   -1266.561      -1237.362      -1208.825      -1180.934    
   -1153.673      -1127.027      -1100.982      -1075.523    
   -1050.636      -1026.308      -1002.526      -979.2762    
   -956.5472      -934.3264      -912.6021      -891.3627    
   -870.5969      -850.2940      -830.4433      -811.0344    
   -792.0572      -773.5021      -755.3593      -737.6196    
   -720.2740      -703.3136      -686.7298      -670.5142    
   -654.6587      -639.1554      -623.9963      -609.1740    
   -594.6811      -580.5104      -566.6547      -553.1072    
   -539.8612      -526.9100      -514.2473      -501.8667    
   -489.7621      -477.9274      -466.3566      -455.0441    
   -443.9841      -433.1712      -422.5998      -412.2646    
   -402.1605      -392.2824      -382.6253      -373.1844    
   -363.9550      -354.9323      -346.1120      -337.4897    
   -329.0610      -320.8218      -312.7680      -304.8957    
   -297.2011      -289.6803      -282.3298      -275.1459    
   -268.1253      -261.2645      -254.5602      -248.0092    
   -241.6084      -235.3547      -229.2450      -223.2765    
   -217.4463      -211.7514      -206.1893      -200.7571    
   -195.4521      -190.2718      -185.2135      -180.2748    
   -175.4530      -170.7457      -166.1505      -161.6650    
   -157.2867      -153.0135      -148.8429      -144.7726    
   -140.8005      -136.9243      -133.1419      -129.4511    
   -125.8498      -122.3359      -118.9074      -115.5623    
   -112.2987      -109.1146      -106.0083      -102.9778    
   -100.0214      -97.13746      -94.32424      -91.58015    
   -88.90363      -86.29317      -83.74731      -81.26465    
   -78.84384      -76.48357      -74.18257      -71.93962    
   -69.75354      -67.62317      -65.54737      -63.52502    
   -61.55504      -59.63633      -57.76780      -55.94837    
   -54.17694      -52.45242      -50.77372      -49.13975    
   -47.54942      -46.00165      -44.49537      -43.02954    
   -41.60314      -40.21516      -38.86465      -37.55070    
   -36.27240      -35.02892      -33.81945      -32.64322    
   -31.49952      -30.38765      -29.30694      -28.25679    
   -27.23658      -26.24575      -25.28374      -24.35002    
   -23.44406      -22.56536      -21.71343      -20.88777    
   -20.08789      -19.31331      -18.56354      -17.83811    
   -17.13652      -16.45829      -15.80293      -15.16995    
   -14.55884      -13.96910      -13.40023      -12.85172    
   -12.32305      -11.81372      -11.32321      -10.85099    
   -10.39656      -9.959404      -9.539000      -9.134841    
   -8.746419      -8.373233      -8.014784      -7.670583    
   -7.340146      -7.022998      -6.718675      -6.426718    
   -6.146682      -5.878133      -5.620646      -5.373809    
   -5.137222      -4.910499      -4.693266      -4.485159    
   -4.285832      -4.094947      -3.912184      -3.737230    
   -3.569790      -3.409579      -3.256322      -3.109760    
   -2.969643      -2.835731      -2.707797      -2.585622    
   -2.468997      -2.357723      -2.251609      -2.150472    
   -2.054136      -1.962433      -1.875202      -1.792288    
   -1.713542      -1.638821      -1.567986      -1.500905    
   -1.437452      -1.377504      -1.320944      -1.267659    
   -1.217543      -1.170493      -1.126412      -1.085207    
   -1.046792      -1.011084     -0.9780072     -0.9474882    
  -0.9194605     -0.8938620     -0.8706353     -0.8497281    
  -0.8310924     -0.8146846     -0.8004657     -0.7884005    
  -0.7784579     -0.7706103     -0.7648338     -0.7611074    
 XXXXXXXXXXXXXXXXXXXXXXXXXXXXXXXXXXXXXXXXXXXX
                                                      Ni           IS=1
  -0.4878426     -0.3377088     -0.2427650    
  -0.3341990      0.7062429     -0.2282283    
   0.1823536      0.1710228      0.1112573E-01
   0.4261718      0.1134081     -0.2914624E-02
   0.4406808E-01  0.2385558E-01   2.022631    
  -0.6033917      0.3032865      -2.424139    
  -0.3964565      0.4789670      0.1045891    
   0.1511107     -0.1125622     -0.8527920    
                                                      Ni           IS=2
  -0.4806394     -0.3152087     -0.2164281    
  -0.3292174      0.7106196     -0.1793884    
   0.1834378      0.1714000      0.1184187E-01
   0.4263552      0.1133130     -0.2158685E-02
   0.4353715E-01  0.2388378E-01   1.892053    
  -0.6109189      0.2682106      -1.814788    
  -0.3971042      0.4774041      0.1255054    
   0.1502892     -0.1126390     -0.8205317    
     5                                                Ni          
     1    0    0
   -601.6684      -601.6682    
     2    0    0
   -71.48974      -71.45726    
     2    1    0
   -61.50843      -61.48345    
     3    0    0
   -7.638717      -7.579412    
     3    1    0
   -4.758756      -4.701443    
