0.501 0.0689419 1.5625042993
0.502 0.0696383 1.5667495406
0.503 0.0704591 1.5695797015
0.504 0.0708229 1.5701889722
0.505 0.0708678 1.5713878598
0.506 0.0710975 1.5743752518
0.507 0.0714926 1.5768909504
0.508 0.0719378 1.5812934228
0.509 0.072462 1.5844380460
0.51 0.0729271 1.5867965134
0.511 0.0734453 1.5907272924
0.512 0.0739582 1.5934788377
0.513 0.074461 1.5959945362
0.514 0.0749766 1.5994536217
0.515 0.0754609 1.6033057851
0.516 0.0760506 1.6059000993
0.517 0.076606 1.6093591848
0.518 0.0772009 1.6120321145
0.519 0.0777946 1.6149408909
0.52 0.0784525 1.6191861322
0.521 0.0789589 1.6213873684
0.522 0.0794679 1.6249250695
0.523 0.0800088 1.6276766148
0.524 0.080673 1.6309784692
0.525 0.0813629 1.6345947858
