#--------  atom file: cu.cu  -  start   --------
       3                                                       #NL
     0.3484850       0.053030       0.010714  
      29            2.686842      2.686842
     -0.09568                                                !EF
      0.                                                              !Potential Shift
      0                                              !Swap spin
      2                                              !NS   
   339
        216.037       -2899782       -1424257      -932714.2
      -687163.7      -540006.7        -442044      -372190.2
      -319902.7      -279324.3      -246940.9      -220516.3
      -198559.6      -180038.7      -164216.4      -150552.2
      -138640.5      -128171.5      -118903.9      -110647.5
      -103249.9      -96587.88      -90560.67      -85084.94
      -80091.31      -75521.49      -71326.15      -67463.31
      -63896.96      -60596.09      -57533.82      -54686.74
      -52034.38      -49558.74      -47243.96         -45076
      -43042.36      -41131.93      -39334.74      -37641.87
      -36045.28      -34537.73      -33112.67      -31764.15
      -30486.79      -29275.67      -28126.31       -27034.6
      -25996.79      -25009.45      -24069.39      -23173.71
      -22319.71      -21504.91      -20727.01      -19983.89
      -19273.56       -18594.2       -17944.1      -17321.66
      -16725.41      -16153.97      -15606.04      -15080.42
      -14575.98      -14091.65      -13626.45      -13179.43
      -12749.73      -12336.52      -11939.01      -11556.49
      -11188.26      -10833.66       -10492.1      -10162.97
      -9845.747      -9539.896       -9244.93      -8960.383
      -8685.813      -8420.801      -8164.949      -7917.881
      -7679.236      -7448.675      -7225.872      -7010.518
      -6802.321      -6600.999      -6406.286      -6217.927
      -6035.679      -5859.312      -5688.602       -5523.34
      -5363.324       -5208.36      -5058.263      -4912.858
      -4771.975      -4635.453      -4503.136      -4374.877
      -4250.533      -4129.967      -4013.049      -3899.654
      -3789.661      -3682.955      -3579.424      -3478.963
      -3381.468      -3286.841      -3194.989      -3105.819
      -3019.245      -2935.183       -2853.55       -2774.27
      -2697.268       -2622.47      -2549.809      -2479.215
      -2410.625      -2343.977       -2279.21      -2216.266
      -2155.089      -2095.626      -2037.824      -1981.633
      -1927.005      -1873.892      -1822.249      -1772.033
        -1723.2      -1675.711      -1629.526      -1584.605
      -1540.914      -1498.414      -1457.073      -1416.856
      -1377.731      -1339.667      -1302.633        -1266.6
      -1231.539      -1197.423      -1164.225       -1131.92
      -1100.481      -1069.885      -1040.108      -1011.128
      -982.9223      -955.4696      -928.7492      -902.7411
      -877.4259      -852.7846      -828.7991      -805.4516
       -782.725      -760.6027      -739.0687      -718.1072
      -697.7031      -677.8417      -658.5088      -639.6904
      -621.3731      -603.5438      -586.1897      -569.2984
      -552.8578      -536.8562       -521.282       -506.124
      -491.3714      -477.0135        -463.04      -449.4407
      -436.2057      -423.3256       -410.791      -398.5928
      -386.7222      -375.1708      -363.9302      -352.9923
      -342.3495      -331.9941      -321.9189      -312.1167
      -302.5807      -293.3042      -284.2808      -275.5041
      -266.9682      -258.6671      -250.5951      -242.7464
      -235.1157      -227.6977       -220.487      -213.4786
      -206.6674      -200.0486      -193.6174       -187.369
      -181.2988      -175.4021      -169.6746      -164.1118
      -158.7094      -153.4631      -148.3687      -143.4222
      -138.6194      -133.9564      -129.4295      -125.0347
      -120.7686      -116.6274      -112.6077      -108.7062
      -104.9196      -101.2448       -97.6788      -94.21867
      -90.86163      -87.60501      -84.44624      -81.38285
      -78.41247      -75.53276      -72.74149      -70.03647
      -67.41552       -64.8765      -62.41728      -60.03575
      -57.72978      -55.49725      -53.33607      -51.24417
       -49.2195      -47.26007      -45.36394      -43.52925
      -41.75422      -40.03714      -38.37642      -36.77054
      -35.21806      -33.71763      -32.26798      -30.86791
      -29.51626      -28.21196      -26.95394      -25.74118
       -24.5727      -23.44753      -22.36469      -21.32323
      -20.32222      -19.36069      -18.43768      -17.55223
      -16.70337      -15.89011      -15.11145       -14.3664
      -13.65396       -12.9731      -12.32281      -11.70207
      -11.10985      -10.54514      -10.00693      -9.494217
      -9.005998        -8.5413      -8.099165      -7.678637
      -7.278793      -6.898738      -6.537587      -6.194485
      -5.868612      -5.559172       -5.26539      -4.986527
      -4.721886      -4.470779      -4.232555      -4.006605
      -3.792338      -3.589188      -3.396628      -3.214162
      -3.041301      -2.877591      -2.722622      -2.575974
      -2.437263      -2.306138      -2.182255      -2.065282
      -1.954916      -1.850879      -1.752882      -1.660665
         -1.574       -1.49264       -1.41636      -1.344967
      -1.278259      -1.216044      -1.158154      -1.104434
      -1.054716      -1.008858     -0.9667482      -0.928243
     -0.8932296     -0.8616193     -0.8333076     -0.8082031
     -0.7862388     -0.7673458     -0.7514523       -0.73851
     -0.7284822     -0.7212983     -0.7169726
   339
        216.037       -2899782       -1424257      -932714.2
      -687163.7      -540006.7        -442044      -372190.2
      -319902.7      -279324.3      -246940.9      -220516.3
      -198559.6      -180038.7      -164216.4      -150552.2
      -138640.5      -128171.5      -118903.9      -110647.5
      -103249.9      -96587.88      -90560.67      -85084.94
      -80091.31      -75521.49      -71326.15      -67463.31
      -63896.96      -60596.09      -57533.82      -54686.74
      -52034.38      -49558.74      -47243.96         -45076
      -43042.36      -41131.93      -39334.74      -37641.87
      -36045.28      -34537.73      -33112.67      -31764.15
      -30486.79      -29275.67      -28126.31       -27034.6
      -25996.79      -25009.45      -24069.39      -23173.71
      -22319.71      -21504.91      -20727.01      -19983.89
      -19273.56       -18594.2       -17944.1      -17321.66
      -16725.41      -16153.97      -15606.04      -15080.42
      -14575.98      -14091.65      -13626.45      -13179.43
      -12749.73      -12336.52      -11939.01      -11556.49
      -11188.26      -10833.66       -10492.1      -10162.97
      -9845.747      -9539.896       -9244.93      -8960.383
      -8685.813      -8420.801      -8164.949      -7917.881
      -7679.236      -7448.675      -7225.872      -7010.518
      -6802.321      -6600.999      -6406.286      -6217.927
      -6035.679      -5859.312      -5688.602       -5523.34
      -5363.324       -5208.36      -5058.263      -4912.858
      -4771.975      -4635.453      -4503.136      -4374.877
      -4250.533      -4129.967      -4013.049      -3899.654
      -3789.661      -3682.955      -3579.424      -3478.963
      -3381.468      -3286.841      -3194.989      -3105.819
      -3019.245      -2935.183       -2853.55       -2774.27
      -2697.268       -2622.47      -2549.809      -2479.215
      -2410.625      -2343.977       -2279.21      -2216.266
      -2155.089      -2095.626      -2037.824      -1981.633
      -1927.005      -1873.892      -1822.249      -1772.033
        -1723.2      -1675.711      -1629.526      -1584.605
      -1540.914      -1498.414      -1457.073      -1416.856
      -1377.731      -1339.667      -1302.633        -1266.6
      -1231.539      -1197.423      -1164.225       -1131.92
      -1100.481      -1069.885      -1040.108      -1011.128
      -982.9223      -955.4696      -928.7492      -902.7411
      -877.4259      -852.7846      -828.7991      -805.4516
       -782.725      -760.6027      -739.0687      -718.1072
      -697.7031      -677.8417      -658.5088      -639.6904
      -621.3731      -603.5438      -586.1897      -569.2984
      -552.8578      -536.8562       -521.282       -506.124
      -491.3714      -477.0135        -463.04      -449.4407
      -436.2057      -423.3256       -410.791      -398.5928
      -386.7222      -375.1708      -363.9302      -352.9923
      -342.3495      -331.9941      -321.9189      -312.1167
      -302.5807      -293.3042      -284.2808      -275.5041
      -266.9682      -258.6671      -250.5951      -242.7464
      -235.1157      -227.6977       -220.487      -213.4786
      -206.6674      -200.0486      -193.6174       -187.369
      -181.2988      -175.4021      -169.6746      -164.1118
      -158.7094      -153.4631      -148.3687      -143.4222
      -138.6194      -133.9564      -129.4295      -125.0347
      -120.7686      -116.6274      -112.6077      -108.7062
      -104.9196      -101.2448       -97.6788      -94.21867
      -90.86163      -87.60501      -84.44624      -81.38285
      -78.41247      -75.53276      -72.74149      -70.03647
      -67.41552       -64.8765      -62.41728      -60.03575
      -57.72978      -55.49725      -53.33607      -51.24417
       -49.2195      -47.26007      -45.36394      -43.52925
      -41.75422      -40.03714      -38.37642      -36.77054
      -35.21806      -33.71763      -32.26798      -30.86791
      -29.51626      -28.21196      -26.95394      -25.74118
       -24.5727      -23.44753      -22.36469      -21.32323
      -20.32222      -19.36069      -18.43768      -17.55223
      -16.70337      -15.89011      -15.11145       -14.3664
      -13.65396       -12.9731      -12.32281      -11.70207
      -11.10985      -10.54514      -10.00693      -9.494217
      -9.005998        -8.5413      -8.099165      -7.678637
      -7.278793      -6.898738      -6.537587      -6.194485
      -5.868612      -5.559172       -5.26539      -4.986527
      -4.721886      -4.470779      -4.232555      -4.006605
      -3.792338      -3.589188      -3.396628      -3.214162
      -3.041301      -2.877591      -2.722622      -2.575974
      -2.437263      -2.306138      -2.182255      -2.065282
      -1.954916      -1.850879      -1.752882      -1.660665
         -1.574       -1.49264       -1.41636      -1.344967
      -1.278259      -1.216044      -1.158154      -1.104434
      -1.054716      -1.008858     -0.9667482      -0.928243
     -0.8932296     -0.8616193     -0.8333076     -0.8082031
     -0.7862388     -0.7673458     -0.7514523       -0.73851
     -0.7284822     -0.7212983     -0.7169726
